300 1771 60 2968
1 7 13 14 15 18 22 23 36 38 49 51 58 60 61 64 72 77 79 80 83 102 107 111 112 116 122 124 127 129 133 137 142 154 156 157 159 160 161 164 168 169 171 175 176 187 193 199 203 205 208 209 212 215 228 253 278 279 292 299 
1 2 20
1 94 66
1 104 48
1 131 61
1 148 63
1 154 38
1 162 15
1 165 90
1 225 73
1 300 48
2 3 75
2 15 6
2 16 9
2 45 87
2 76 26
2 114 34
2 197 21
3 4 86
3 6 59
3 13 45
3 72 36
3 74 86
3 104 68
3 124 35
3 126 22
3 130 8
3 173 45
3 238 66
3 256 91
3 282 86
4 5 74
4 49 41
4 52 96
4 58 7
4 79 78
4 89 64
4 146 36
4 161 24
4 204 33
4 210 12
4 240 61
4 249 81
5 6 29
5 17 45
5 53 23
5 95 50
5 112 98
5 248 42
5 285 20
6 7 46
6 33 75
6 35 86
6 102 18
6 139 90
6 155 74
6 157 76
6 161 77
6 202 96
7 8 81
7 43 69
7 53 89
7 151 65
7 153 55
7 184 74
7 188 83
7 190 43
7 200 99
7 203 61
7 210 29
7 246 92
7 267 42
8 9 33
8 10 32
8 38 10
8 50 93
8 103 86
8 108 26
8 133 33
8 150 57
8 180 20
8 203 75
8 241 69
8 252 15
8 277 70
9 10 33
9 41 43
9 64 56
9 94 94
9 155 20
9 174 23
9 183 37
9 192 84
9 208 52
9 209 48
9 215 18
9 225 24
9 237 8
9 274 38
10 11 27
10 41 21
10 83 33
10 86 11
10 98 62
10 110 49
10 136 89
10 147 54
10 174 2
10 212 74
10 236 95
11 12 62
11 79 49
11 92 2
11 148 34
11 159 38
11 198 87
11 294 30
12 13 21
12 30 4
12 43 28
12 45 68
12 146 54
12 165 46
12 173 8
12 182 84
12 188 73
12 203 8
12 207 48
12 211 43
12 245 43
12 275 67
12 277 12
13 14 68
13 93 33
13 119 68
13 123 60
13 133 35
13 151 23
13 169 66
13 177 25
13 181 9
13 189 27
13 236 10
13 276 4
14 15 81
14 48 88
14 62 76
14 104 60
14 214 20
14 260 7
14 263 8
14 272 15
15 16 68
15 51 56
15 53 65
15 72 29
15 78 70
15 113 64
15 143 90
15 170 20
15 174 89
15 258 5
15 289 53
15 294 93
15 298 41
16 17 47
16 62 23
16 77 78
16 80 7
16 97 92
16 159 19
16 162 98
16 179 2
16 221 84
16 234 88
16 272 18
16 276 14
16 282 97
17 18 80
17 23 69
17 56 71
17 73 65
17 112 27
17 149 53
17 153 98
17 166 60
17 200 88
17 204 29
17 213 42
17 245 28
17 288 71
18 19 9
18 33 49
18 35 35
18 73 26
18 76 11
18 117 28
18 166 64
18 213 49
18 225 1
18 250 35
18 271 7
18 277 49
18 298 9
19 20 16
19 56 94
19 58 94
19 63 23
19 68 78
19 70 14
19 91 28
19 130 60
19 143 66
19 165 48
19 216 96
20 21 4
20 30 83
20 55 92
20 70 21
20 129 13
20 139 60
20 180 94
20 230 51
20 241 8
21 22 60
21 32 28
21 54 25
21 62 71
21 85 30
21 141 92
21 142 14
21 174 74
21 204 68
22 23 96
22 98 71
23 24 22
23 92 46
23 204 77
23 256 100
23 273 81
23 281 34
23 284 40
24 25 54
24 39 42
24 100 76
24 103 97
24 116 29
24 124 85
24 143 64
24 153 41
24 221 49
24 235 97
24 244 96
24 245 100
25 26 2
25 152 21
25 171 34
25 194 43
25 224 45
25 229 22
25 252 16
26 27 52
26 45 70
26 70 89
26 112 3
26 142 45
26 175 23
26 242 37
26 256 38
27 28 41
27 90 94
27 123 30
27 130 66
27 134 16
27 148 93
27 197 75
27 208 88
27 225 12
27 261 40
27 263 68
27 281 8
28 29 93
28 42 45
28 151 100
28 166 58
28 190 84
28 191 26
28 265 23
29 30 54
29 93 28
29 144 81
29 197 73
29 207 5
29 248 42
30 31 96
30 34 79
30 39 11
30 78 52
30 102 79
30 111 92
30 138 40
30 199 64
30 229 100
30 279 55
30 295 93
31 32 49
31 38 72
31 40 68
31 77 83
31 94 98
31 111 81
31 148 19
31 162 69
31 170 11
31 241 86
31 284 49
31 286 20
32 33 16
32 56 10
32 60 55
32 209 36
32 240 6
32 241 96
32 253 62
32 296 68
33 34 17
33 80 23
33 109 7
33 148 74
33 155 51
33 218 25
33 296 76
34 35 83
34 67 61
34 107 29
34 113 30
34 157 48
34 215 1
34 259 80
34 292 35
34 295 84
35 36 35
35 159 70
35 201 51
35 216 70
35 230 80
35 278 12
36 37 56
36 48 28
36 86 75
36 138 67
36 267 46
36 273 54
36 280 55
37 38 84
37 46 48
37 59 47
37 60 66
37 74 1
37 123 21
37 125 85
37 179 90
37 234 80
37 282 8
37 295 54
38 39 42
38 50 1
38 107 95
38 155 61
38 235 10
38 253 57
38 259 57
38 264 56
38 272 58
38 288 96
38 292 87
38 295 80
39 40 93
39 65 47
39 101 11
39 126 83
39 159 3
39 163 29
39 192 88
39 267 52
40 41 18
40 95 14
40 102 12
40 105 84
40 121 66
40 145 100
40 153 45
40 178 21
40 185 59
40 233 14
40 236 59
40 272 67
40 278 76
41 42 70
41 98 86
41 164 5
41 183 97
41 190 73
41 224 14
42 43 36
42 145 22
42 175 7
42 191 28
42 231 80
42 252 34
42 257 74
42 275 26
43 44 52
43 50 21
43 51 85
43 90 59
43 201 84
43 218 95
44 45 92
44 60 34
44 123 16
44 155 51
44 246 62
44 298 69
45 46 40
45 54 39
45 57 67
45 63 87
45 181 80
45 201 53
45 205 63
45 278 34
46 47 79
46 81 84
46 119 23
46 135 76
46 167 6
46 189 69
46 255 32
46 297 45
47 48 52
47 73 47
47 139 39
47 161 71
47 174 8
47 186 97
47 203 1
47 235 94
47 249 44
47 270 49
47 286 92
48 49 14
48 52 33
48 72 83
48 86 24
48 154 100
48 158 59
48 165 22
48 179 58
48 182 22
48 213 50
48 228 44
49 50 49
49 67 88
49 91 12
49 97 89
49 126 94
49 185 56
49 187 32
49 190 69
49 195 7
49 216 67
49 255 49
49 282 50
50 51 78
50 68 80
50 85 34
50 143 61
50 176 81
50 265 56
51 52 18
51 140 24
51 191 75
51 227 14
51 235 57
51 255 86
52 53 87
52 76 92
52 128 84
52 130 57
52 172 85
52 182 75
52 189 90
52 192 78
52 211 44
52 277 29
53 54 95
53 58 1
53 81 83
53 98 91
53 111 69
53 119 14
53 139 85
53 181 91
53 200 60
53 250 14
53 297 20
54 55 23
54 77 19
54 188 5
54 206 73
54 222 38
54 224 68
54 248 54
54 256 26
54 257 34
55 56 15
55 138 38
55 159 40
55 171 84
55 207 99
55 214 39
55 236 64
55 253 10
55 260 19
55 263 71
55 269 50
55 299 31
56 57 57
56 84 52
56 98 22
56 106 74
56 112 59
56 144 65
56 149 43
56 165 3
56 258 42
56 269 33
56 281 88
57 58 13
57 74 83
57 124 21
57 152 76
57 156 59
57 167 32
57 185 40
57 193 97
57 216 12
57 230 5
57 244 54
57 249 71
57 275 23
58 59 40
58 113 30
58 141 57
58 146 93
58 194 89
58 214 81
58 227 4
58 272 69
58 276 44
58 291 83
58 295 64
59 60 28
59 105 8
59 115 65
59 142 53
59 204 99
59 251 65
59 271 76
59 277 89
59 278 94
60 61 60
60 71 80
60 206 23
60 243 30
61 62 76
61 227 95
62 63 77
62 98 54
62 136 61
62 141 5
62 190 6
62 207 74
62 222 74
62 247 88
62 254 39
63 64 4
63 65 28
63 78 70
63 84 17
63 108 60
63 109 59
63 126 84
63 134 1
63 148 20
63 204 11
63 263 36
63 298 78
64 65 72
64 86 21
64 96 59
64 144 28
64 173 59
64 182 70
64 187 56
64 234 28
64 247 11
64 261 10
64 270 1
65 66 21
65 131 85
65 154 92
65 174 85
65 211 35
65 233 19
65 241 50
65 276 90
65 279 23
66 67 23
66 120 78
66 145 31
66 169 14
66 171 53
66 216 13
66 221 86
66 238 27
66 243 44
66 298 32
67 68 30
67 89 58
67 93 36
67 133 6
67 161 26
67 217 99
67 249 90
67 265 46
68 69 64
68 117 4
68 135 57
69 70 17
69 93 77
69 134 72
69 151 36
69 206 34
69 210 48
69 214 41
69 252 78
69 254 4
69 262 29
70 71 57
70 100 14
70 121 80
70 137 77
70 157 6
70 171 43
70 196 83
70 284 50
71 72 52
71 95 21
71 143 46
71 185 28
71 257 11
71 267 32
71 287 96
72 73 1
72 95 78
72 114 28
72 115 34
72 120 26
72 135 15
72 150 97
72 154 42
72 236 63
72 265 84
72 294 37
73 74 84
73 84 15
73 159 99
73 185 69
73 261 45
73 285 23
74 75 98
74 86 23
74 133 13
74 143 68
74 149 80
74 153 63
74 176 83
74 187 46
74 188 84
74 191 94
74 226 32
74 247 86
74 256 38
74 257 55
75 76 86
75 129 2
75 138 32
75 153 56
75 188 62
75 274 27
75 276 75
76 77 41
76 117 34
76 149 35
76 169 63
76 178 8
76 191 11
76 199 49
77 78 70
77 108 31
77 116 78
77 135 94
77 146 21
77 164 43
77 171 68
77 195 51
77 217 83
77 219 33
77 251 1
77 252 17
77 267 17
77 284 6
78 79 85
78 102 33
78 106 89
78 130 24
78 137 88
78 157 13
78 158 28
78 203 28
78 236 95
78 240 67
78 252 2
78 267 92
79 80 10
79 89 66
79 105 7
79 112 11
79 145 70
79 147 52
79 179 75
79 183 17
79 255 8
79 268 12
80 81 84
80 87 95
80 123 89
80 125 68
80 132 2
80 165 11
80 179 47
80 204 8
80 223 64
80 244 60
81 82 99
81 137 44
81 139 62
81 153 40
81 179 98
81 276 27
82 83 59
82 86 50
82 103 96
82 112 83
82 116 5
82 123 8
82 202 1
82 207 34
82 218 95
82 233 48
82 240 46
83 84 78
83 98 37
83 103 27
83 127 39
83 170 1
83 216 13
83 244 2
83 250 69
83 262 91
83 272 87
84 85 36
84 120 27
84 132 97
84 140 67
84 225 67
84 237 6
84 250 56
84 289 99
85 86 82
85 95 87
85 120 77
85 124 33
85 126 91
85 135 91
85 165 31
85 191 50
85 218 97
85 295 6
86 87 48
86 150 53
86 152 75
86 166 90
86 173 32
86 175 43
86 186 58
86 196 97
86 263 26
86 266 87
86 292 7
87 88 30
87 100 86
87 165 5
87 166 62
87 175 12
87 209 78
87 252 18
88 89 87
88 164 45
88 174 29
88 228 21
88 236 50
89 90 58
89 97 66
89 98 95
89 126 19
89 179 43
89 198 46
89 212 94
89 231 19
89 264 85
89 286 66
90 91 24
90 143 50
90 283 79
90 299 63
91 92 94
91 231 82
91 281 27
91 295 50
92 93 38
92 129 1
92 223 18
92 270 75
92 285 21
92 287 96
93 94 58
93 101 9
93 111 87
93 183 13
93 209 60
93 230 98
93 240 4
93 262 77
93 279 26
94 95 85
94 166 44
94 226 33
94 284 56
94 286 65
95 96 25
95 113 72
95 149 88
95 189 51
95 198 77
95 222 11
95 255 33
96 97 89
96 116 76
96 128 32
96 129 7
96 148 91
96 224 73
96 226 33
96 242 29
96 247 60
96 277 43
96 290 60
96 296 69
97 98 40
97 113 88
97 119 6
97 181 10
97 279 38
98 99 84
98 133 17
99 100 61
99 112 81
99 116 96
99 166 17
99 169 94
99 220 82
99 256 61
99 273 99
100 101 83
100 142 7
100 157 47
100 209 84
100 214 54
101 102 98
101 103 45
101 119 54
101 144 84
101 151 79
101 157 4
102 103 81
102 150 42
102 181 55
102 219 8
102 241 52
102 282 23
103 104 59
103 107 44
103 108 55
103 142 50
103 164 71
103 177 85
103 194 17
103 241 68
103 249 15
104 105 54
104 126 93
104 137 86
104 153 43
104 171 11
104 185 78
104 221 22
104 268 31
105 106 50
105 112 21
105 164 27
105 168 56
105 198 83
105 208 30
105 261 99
105 285 81
106 107 16
106 132 71
106 161 78
106 194 77
106 209 79
106 217 59
106 226 26
106 264 82
106 287 90
107 108 44
107 117 34
107 130 71
107 257 13
107 266 11
108 109 92
108 121 30
108 153 61
108 161 5
108 235 39
108 286 58
109 110 16
109 130 74
109 136 88
109 148 44
109 156 8
109 182 34
109 195 73
109 213 63
109 254 72
110 111 97
110 128 27
110 134 22
110 172 93
110 196 58
110 203 16
110 218 17
110 243 85
110 277 12
111 112 70
111 140 35
111 186 83
111 243 80
111 263 53
112 113 12
112 152 61
112 178 12
112 198 27
112 214 45
113 114 42
113 122 80
113 152 75
113 206 78
113 244 67
113 251 90
113 293 44
113 294 33
114 115 46
114 124 51
114 132 25
114 170 66
114 193 14
114 227 82
114 257 91
114 260 83
115 116 54
115 172 76
115 186 37
115 200 31
115 210 31
115 289 73
116 117 21
116 118 9
116 148 48
116 188 2
116 215 35
116 225 12
116 231 29
116 236 80
116 243 96
116 268 40
117 118 70
117 136 48
117 158 80
117 168 49
117 226 8
117 275 50
118 119 45
118 146 19
118 221 96
118 290 17
118 294 21
119 120 29
119 125 23
119 174 37
119 187 8
119 198 96
119 221 41
119 244 80
119 250 13
119 258 20
119 277 49
119 297 11
120 121 54
120 124 74
120 153 54
120 154 83
120 157 75
120 173 66
120 208 65
120 228 10
120 268 51
120 299 94
121 122 62
121 261 57
121 271 59
121 274 74
121 292 68
122 123 65
122 125 31
122 132 85
122 158 19
122 184 75
122 201 85
122 228 92
122 257 83
122 275 68
123 124 4
123 231 14
124 125 18
124 152 61
124 222 32
124 232 2
124 263 63
125 126 26
125 144 50
125 177 73
125 217 11
125 238 78
126 127 28
126 159 11
126 163 56
126 211 77
126 225 69
126 247 18
126 270 53
126 271 95
126 274 80
126 281 65
126 287 32
127 128 94
127 153 91
127 203 65
127 234 3
127 274 3
127 283 85
127 292 23
128 129 6
128 130 28
128 136 15
128 232 73
128 275 47
129 130 11
129 172 50
129 200 60
129 254 67
129 258 74
129 274 42
130 131 12
130 169 21
130 191 10
130 195 16
130 218 13
130 226 69
130 234 85
130 241 71
130 254 57
130 269 60
131 132 64
131 190 83
131 193 90
131 203 2
131 223 34
132 133 37
132 164 75
132 221 65
132 231 16
132 256 1
133 134 15
133 149 42
133 206 29
133 225 95
133 251 24
133 295 28
134 135 66
134 165 33
134 221 25
134 239 15
134 294 46
135 136 33
135 173 3
135 191 84
135 204 62
135 219 94
135 227 88
135 244 53
135 288 14
135 299 20
136 137 14
136 158 51
136 171 89
136 186 84
136 213 52
136 227 96
136 228 30
137 138 95
137 184 28
137 200 82
137 213 19
137 261 36
137 270 45
137 284 29
137 292 36
138 139 52
138 149 84
138 169 25
138 221 94
138 256 88
139 140 57
139 147 4
139 152 45
139 172 55
139 180 50
139 192 56
139 194 41
139 222 67
139 278 53
140 141 72
140 203 67
140 216 89
141 142 77
141 213 48
141 241 54
142 143 53
142 162 66
142 208 88
142 229 93
142 247 49
142 259 85
142 290 75
143 144 57
143 147 63
143 148 58
143 162 45
143 286 9
143 287 41
144 145 12
144 155 80
144 160 82
144 164 80
144 194 6
144 212 83
144 217 70
144 246 100
144 266 23
145 146 67
145 152 22
145 184 47
145 223 48
145 249 49
145 251 69
146 147 63
146 153 22
146 167 49
146 197 22
146 215 95
146 228 83
146 244 84
146 263 63
146 266 55
146 274 3
146 278 24
147 148 87
147 259 71
147 272 30
147 278 3
147 289 96
148 149 13
148 168 7
148 197 97
148 285 17
149 150 26
149 170 15
149 241 85
150 151 19
150 192 17
150 201 27
150 228 71
150 235 57
150 264 87
150 268 15
151 152 88
151 159 25
151 203 54
151 214 8
151 261 88
151 282 72
152 153 75
152 164 46
152 193 37
152 204 17
152 266 6
153 154 95
153 164 91
153 180 67
153 181 33
153 262 74
153 275 73
154 155 21
154 178 47
154 200 9
154 230 38
154 231 3
154 235 10
154 246 82
154 255 81
155 156 91
155 170 79
155 237 90
156 157 81
156 184 32
156 216 80
156 223 71
156 237 6
156 238 5
156 249 37
156 284 28
157 158 97
157 168 55
157 169 48
157 220 46
158 159 45
158 193 67
158 199 95
158 278 97
158 296 80
159 160 21
159 169 43
159 177 79
159 179 38
159 227 34
159 240 35
159 241 28
160 161 86
160 166 1
160 180 2
160 188 54
160 243 49
160 264 98
160 265 2
160 266 35
160 284 13
160 295 24
161 162 32
161 168 85
161 173 5
161 182 8
161 220 90
161 245 64
161 248 52
161 271 52
161 272 52
162 163 50
162 291 72
163 164 9
163 191 7
163 247 35
164 165 39
164 183 70
164 201 12
164 210 84
165 166 27
165 220 31
165 225 72
165 249 8
166 167 77
166 201 79
166 203 95
166 255 67
166 264 86
167 168 5
167 238 72
168 169 36
168 193 89
168 216 50
168 235 49
168 238 55
168 281 1
168 288 100
168 290 55
168 291 89
169 170 49
169 177 62
169 187 66
169 189 4
169 240 40
169 283 78
169 284 10
169 292 33
170 171 35
170 179 51
170 223 8
171 172 45
171 184 36
171 229 12
171 248 54
171 296 88
172 173 11
172 233 43
172 238 90
172 239 64
172 264 7
172 279 3
173 174 40
173 189 41
173 195 95
173 196 42
173 270 86
173 277 37
174 175 62
174 225 90
174 228 42
174 236 100
174 279 99
175 176 70
175 199 47
175 207 19
175 225 34
175 226 28
175 248 23
175 265 50
175 286 82
176 177 92
176 178 45
176 179 78
176 250 66
176 260 58
177 178 36
177 199 49
177 214 34
178 179 66
178 248 91
178 269 92
178 286 94
178 294 59
179 180 86
179 181 41
179 216 15
179 218 56
179 223 60
179 231 41
179 235 47
179 273 69
180 181 20
180 205 75
180 214 12
180 241 28
180 245 1
180 249 43
180 261 29
180 275 53
181 182 70
181 234 97
181 236 24
181 238 33
181 239 97
181 250 82
182 183 67
182 205 74
182 262 84
182 264 91
182 269 42
182 276 58
182 279 29
182 292 82
183 184 80
183 222 7
183 234 1
183 253 63
183 268 91
183 274 79
184 185 33
184 190 23
184 196 6
184 198 12
184 243 51
184 278 2
185 186 37
185 229 57
185 237 38
185 246 46
185 248 66
185 273 96
185 278 59
185 292 3
185 297 63
186 187 89
186 193 17
186 274 75
186 293 36
187 188 77
187 190 4
187 194 8
187 240 7
187 278 53
187 295 71
188 189 17
188 274 9
189 190 32
189 268 19
189 299 36
190 191 19
190 249 5
190 256 25
191 192 56
191 201 99
191 224 14
191 251 23
191 274 59
191 278 53
192 193 28
192 225 36
192 276 6
193 194 52
193 211 29
193 236 17
193 241 65
193 270 93
194 195 57
194 196 20
194 251 36
194 262 79
194 264 17
195 196 33
195 200 19
195 204 40
195 219 22
195 231 67
195 234 60
195 257 38
195 260 52
196 197 82
196 214 45
196 217 81
196 238 77
196 244 89
196 281 12
197 198 23
197 203 56
197 225 64
197 236 48
197 242 5
197 297 2
198 199 8
198 224 56
199 200 52
199 220 57
199 236 21
199 255 100
199 264 73
199 285 9
200 201 90
200 225 34
200 231 87
200 246 51
201 202 21
201 204 53
201 263 14
201 270 100
201 279 8
201 289 38
202 203 89
202 217 84
202 261 49
203 204 64
203 214 33
203 240 70
203 261 58
203 267 42
203 270 14
203 271 64
203 295 17
204 205 34
205 206 60
205 209 82
205 232 63
205 237 74
205 271 78
206 207 50
206 227 17
206 248 76
207 208 92
207 219 44
207 287 36
207 296 71
208 209 77
208 217 13
208 242 14
208 244 83
208 254 12
208 295 17
209 210 94
209 285 97
210 211 31
210 232 80
210 278 38
211 212 68
211 219 95
212 213 84
212 288 1
212 299 72
213 214 100
213 219 63
213 232 75
213 293 73
213 295 42
214 215 83
214 242 86
214 243 45
214 249 14
214 251 36
214 289 48
214 291 57
214 292 21
215 216 5
216 217 57
216 265 77
217 218 20
218 219 76
218 286 35
218 298 92
219 220 94
219 250 20
219 251 95
219 268 78
220 221 60
220 233 5
220 240 88
221 222 27
221 238 17
221 274 23
221 286 84
222 223 92
222 227 70
222 228 72
222 234 87
222 242 64
222 282 40
223 224 95
223 248 91
224 225 50
224 257 18
224 283 23
225 226 99
225 230 5
225 232 44
225 282 11
225 290 41
225 298 15
226 227 2
226 283 59
226 288 18
227 228 37
227 247 97
227 258 44
227 286 33
228 229 41
228 262 94
228 267 62
229 230 71
229 244 61
229 264 42
229 280 28
229 292 22
230 231 33
230 297 38
231 232 62
232 233 87
232 240 91
232 298 20
233 234 91
233 237 56
233 256 10
234 235 94
234 255 68
234 276 10
234 278 51
235 236 60
235 246 32
235 277 53
236 237 88
236 244 98
236 276 83
236 279 23
236 280 8
236 282 37
236 293 49
237 238 40
237 270 36
237 277 20
238 239 95
238 254 89
238 262 98
238 282 93
239 240 3
239 272 67
240 241 14
241 242 22
241 243 43
241 244 75
241 255 12
241 260 3
241 298 53
242 243 5
242 278 6
242 282 11
242 297 89
243 244 63
243 255 74
243 294 56
244 245 50
244 254 35
244 282 1
244 296 93
245 246 16
245 284 35
246 247 16
246 253 7
246 288 94
247 248 43
247 295 52
247 298 91
248 249 51
248 278 99
248 280 66
248 284 69
249 250 31
249 252 57
249 253 20
249 265 39
249 290 93
250 251 94
250 269 12
251 252 22
251 263 70
251 279 66
251 284 75
251 296 26
252 253 40
252 286 47
253 254 56
254 255 83
254 276 67
254 280 28
254 287 94
255 256 57
255 289 63
256 257 72
256 261 96
257 258 73
257 261 71
257 292 14
258 259 36
258 276 85
259 260 46
259 285 55
260 261 49
260 276 20
261 262 60
261 274 76
261 282 50
261 288 97
262 263 21
262 294 79
263 264 33
263 289 59
264 265 39
264 270 16
265 266 79
266 267 66
266 277 57
267 268 35
267 296 54
268 269 64
269 270 71
270 271 75
270 280 25
270 295 15
271 272 83
272 273 79
272 295 59
273 274 11
273 283 37
274 275 46
275 276 67
276 277 87
276 296 91
277 278 38
278 279 86
279 280 42
279 286 13
280 281 61
281 282 94
281 289 15
282 283 84
283 284 28
284 285 39
284 287 98
285 286 54
286 287 2
287 288 57
288 289 82
289 290 70
290 291 41
290 292 47
291 292 13
291 299 83
292 293 30
293 294 46
294 295 99
295 296 99
296 297 51
297 298 78
298 299 71
299 300 13
