300 1754 100 1729
1 4 5 8 10 11 15 17 18 21 22 23 24 27 29 32 36 37 38 43 45 46 49 51 57 59 61 62 65 66 67 69 73 77 79 81 87 89 92 95 98 99 101 105 106 132 133 134 135 138 141 142 145 146 149 156 157 158 160 161 166 168 171 174 175 177 179 189 192 199 202 203 205 207 209 212 213 215 216 220 226 228 231 236 241 243 244 246 248 254 255 258 265 270 272 273 274 276 294 296 
1 2 4
1 19 27
1 82 1
1 112 38
1 113 38
1 171 62
1 250 22
1 285 60
1 286 8
1 300 13
2 3 9
2 7 83
2 17 71
2 19 56
2 49 81
2 67 11
2 114 47
2 150 54
2 159 19
2 186 60
2 280 78
2 281 31
3 4 74
3 73 44
3 76 72
3 108 44
3 147 96
3 181 60
3 216 57
3 231 39
3 284 87
3 288 21
4 5 60
4 7 81
4 11 31
4 12 23
4 126 65
4 155 29
4 237 87
4 242 33
4 278 36
4 296 82
5 6 37
5 24 99
5 30 9
5 31 30
5 37 52
5 101 46
5 104 97
5 146 50
5 159 15
5 200 82
5 222 23
5 230 27
6 7 59
6 30 49
6 61 87
6 70 37
6 82 54
6 139 92
6 181 58
6 212 17
6 216 50
6 260 69
6 281 92
6 284 61
7 8 16
7 11 12
7 50 5
7 107 98
7 113 2
7 115 11
7 130 89
7 151 16
7 160 75
7 174 99
7 180 49
7 192 72
7 193 23
7 207 1
7 250 33
8 9 2
8 24 99
8 46 43
8 49 63
8 50 96
8 67 44
8 75 14
8 124 93
8 142 76
8 153 76
8 164 37
8 172 2
8 181 20
8 212 74
8 242 74
8 282 16
9 10 82
9 106 49
9 138 61
9 147 66
9 182 16
9 216 15
9 218 52
9 237 87
9 258 89
10 11 15
10 28 60
10 34 24
10 50 53
10 182 16
10 187 16
10 197 9
10 228 97
10 271 29
11 12 10
11 89 91
11 102 26
11 104 71
11 107 9
11 172 87
11 235 6
11 280 28
12 13 83
12 46 34
12 75 15
12 142 48
12 177 55
12 236 82
12 259 41
13 14 76
13 98 3
13 113 5
13 139 54
13 173 9
13 176 55
13 183 69
13 231 22
13 270 69
13 295 90
14 15 6
14 16 78
14 73 23
14 76 48
14 82 72
14 154 95
14 171 58
14 226 80
14 254 75
14 293 79
15 16 5
15 80 41
15 97 80
15 110 71
15 152 4
15 211 66
15 225 3
15 296 84
16 17 83
16 61 12
16 101 85
16 129 62
16 270 73
16 280 25
17 18 25
17 45 54
17 51 22
17 61 17
17 62 15
17 83 20
17 133 44
17 154 9
17 277 5
18 19 74
18 45 58
18 55 49
18 78 46
18 211 80
19 20 6
19 39 42
19 69 21
19 81 6
19 86 53
19 89 33
19 114 86
19 176 59
19 195 84
19 202 95
19 229 76
19 240 24
19 294 86
20 21 85
20 46 83
20 56 22
20 75 93
20 95 100
20 101 9
20 189 67
20 209 69
20 293 22
21 22 48
21 113 52
21 133 15
21 151 90
21 162 3
21 174 78
21 194 7
21 207 37
21 233 19
21 239 43
21 253 94
22 23 54
22 43 85
22 63 39
22 138 100
22 170 73
22 250 46
22 268 13
23 24 30
23 38 40
23 90 39
23 107 6
23 163 83
23 179 67
23 240 5
23 287 5
24 25 61
24 74 73
24 102 53
24 118 13
24 145 65
24 172 78
24 194 75
24 236 78
24 281 66
25 26 13
25 39 18
25 53 41
25 54 97
25 61 4
25 111 32
25 112 52
25 126 23
25 188 20
25 212 26
25 242 25
25 281 62
26 27 88
26 51 99
26 76 53
26 179 85
26 188 99
26 195 60
26 213 52
26 220 83
26 241 84
26 260 14
26 266 80
26 286 6
27 28 33
27 68 16
27 141 79
27 160 17
27 162 75
27 245 36
27 260 18
27 292 4
28 29 45
28 47 67
28 133 73
28 159 20
28 166 8
28 188 60
28 189 70
28 200 46
28 222 86
28 253 17
28 289 19
29 30 14
29 46 67
29 57 79
29 80 89
29 88 79
29 90 12
29 91 17
29 122 17
29 143 80
29 222 34
29 235 76
29 262 97
29 263 85
29 283 41
29 288 86
29 293 11
30 31 39
30 85 55
30 115 44
30 165 86
30 231 78
30 251 61
30 278 52
30 287 62
31 32 1
31 61 97
31 63 65
31 114 50
31 137 94
31 173 72
31 279 16
31 293 78
32 33 43
32 36 28
32 43 90
32 50 55
32 58 19
32 91 93
32 93 29
32 97 78
32 108 47
32 111 1
32 119 10
32 202 31
32 230 56
32 279 6
33 34 67
33 49 100
33 105 63
33 200 31
33 207 13
33 224 72
33 260 40
34 35 100
34 49 7
34 133 67
34 146 25
34 207 67
35 36 72
35 56 92
35 62 84
35 102 45
35 112 97
35 115 22
35 132 10
35 167 95
35 171 4
35 243 100
35 247 76
36 37 26
36 65 79
36 92 53
36 109 24
36 169 16
36 223 93
36 284 5
37 38 63
37 62 89
37 106 45
37 121 78
37 203 25
37 249 40
37 285 21
37 286 55
37 289 86
38 39 73
38 76 74
38 140 81
38 208 86
38 260 50
38 266 39
39 40 18
39 54 31
39 75 47
39 124 91
39 144 87
39 204 26
39 208 39
39 247 54
39 256 26
39 267 75
39 272 17
39 273 72
40 41 98
40 83 54
40 162 7
40 169 56
40 185 76
40 192 48
40 235 56
40 243 62
40 282 36
41 42 81
41 81 82
41 154 64
41 275 85
41 281 9
42 43 82
42 59 17
42 91 90
42 94 47
42 164 86
42 174 89
42 178 71
42 188 86
42 203 67
42 205 15
42 208 23
42 290 95
42 298 94
43 44 1
43 47 76
43 63 50
43 138 25
43 147 98
43 212 61
43 222 8
43 245 8
43 250 28
43 262 78
43 289 30
44 45 38
44 86 31
44 99 52
44 103 74
44 107 49
44 124 40
44 134 54
44 153 46
44 163 2
44 165 7
44 199 47
44 226 31
45 46 40
45 70 5
45 71 84
45 75 79
45 129 15
45 137 1
45 151 86
45 153 14
45 162 70
45 191 85
45 236 66
45 250 15
45 278 49
46 47 99
46 103 91
46 137 27
46 142 65
46 155 89
46 158 87
46 217 100
46 247 83
46 271 52
47 48 53
47 67 71
47 85 88
47 125 61
47 183 25
47 270 9
47 288 61
48 49 18
48 90 100
48 92 50
48 121 41
48 172 98
48 199 81
48 231 37
48 237 47
48 295 97
49 50 86
49 55 42
49 57 27
49 59 78
49 70 32
49 73 81
49 113 81
49 194 44
49 217 17
49 239 3
49 277 79
49 282 4
49 284 96
49 287 64
50 51 81
50 56 97
50 66 28
50 70 31
50 72 92
50 89 4
50 146 18
50 189 50
50 193 91
50 256 51
50 281 62
51 52 6
51 57 19
51 88 46
51 136 84
51 181 39
51 205 17
51 217 90
51 268 94
52 53 82
52 65 90
52 146 27
52 261 49
52 264 75
52 295 30
53 54 6
53 77 87
53 87 49
53 131 25
53 134 10
53 185 28
53 192 68
53 199 28
53 229 20
54 55 82
54 56 40
54 127 69
54 128 24
54 133 5
54 208 90
54 275 51
54 280 68
55 56 21
55 61 34
55 79 17
55 85 85
55 89 10
55 100 61
55 107 62
55 136 70
55 146 52
55 171 77
55 214 12
55 227 76
55 235 47
55 284 31
56 57 85
56 62 16
56 106 72
56 198 89
56 211 50
56 270 95
57 58 30
57 61 34
57 151 37
57 188 72
57 256 7
57 268 20
58 59 1
58 60 27
58 62 33
58 92 52
58 101 76
58 102 4
58 124 23
58 131 18
58 156 28
58 166 71
58 207 95
58 213 33
58 281 57
59 60 43
59 169 36
59 174 55
59 271 1
60 61 54
60 94 18
60 105 27
60 117 96
60 218 61
60 234 33
60 235 33
60 254 13
60 283 21
61 62 54
61 85 9
61 95 33
61 115 12
61 140 8
61 169 15
61 231 69
61 242 30
61 252 30
61 269 100
61 286 80
62 63 15
62 76 27
62 87 87
62 109 76
62 138 40
62 139 18
62 163 18
62 169 92
62 205 80
62 218 36
62 263 81
62 286 78
63 64 57
63 111 59
63 145 32
63 175 64
63 177 53
63 188 11
63 224 90
63 258 34
63 268 34
64 65 86
64 94 45
64 98 11
64 124 14
64 125 19
64 186 13
64 293 95
65 66 100
65 68 77
65 169 9
65 187 78
65 197 21
65 210 97
66 67 62
66 210 74
66 211 21
66 295 30
67 68 49
67 90 77
67 118 81
67 142 52
67 161 73
67 185 14
67 207 39
67 209 75
67 222 52
67 233 48
67 294 85
68 69 62
68 94 38
68 108 91
68 121 90
68 135 74
68 207 21
68 213 14
68 236 50
68 260 24
69 70 66
69 116 1
69 129 84
69 145 79
69 166 71
69 191 75
69 240 57
69 271 16
70 71 54
70 110 50
70 127 91
70 132 88
70 205 71
70 237 14
70 248 65
70 275 24
71 72 75
71 92 7
71 166 92
71 193 65
71 283 52
72 73 28
72 93 10
72 139 89
72 159 9
72 183 86
72 211 100
72 223 91
72 232 52
72 236 44
72 273 4
72 281 11
72 291 50
73 74 13
73 96 1
73 117 15
73 125 55
73 136 20
73 192 59
73 197 39
73 278 13
74 75 16
74 82 31
74 111 55
74 116 70
74 289 33
75 76 83
75 93 58
75 138 83
75 141 77
75 174 13
75 184 4
75 203 1
75 219 51
75 233 13
75 248 62
75 286 26
76 77 91
76 86 78
76 128 34
76 136 31
76 199 51
76 227 51
76 272 62
76 281 12
76 299 36
77 78 14
77 99 23
77 102 25
77 128 88
77 150 84
77 163 87
77 167 63
77 184 64
77 190 38
77 191 93
77 195 24
77 210 35
77 216 74
77 292 19
78 79 32
78 112 83
78 191 78
78 209 51
78 220 95
78 292 60
79 80 71
79 176 92
79 195 73
80 81 16
80 115 45
80 135 35
80 176 8
80 214 17
80 260 56
80 269 36
80 279 32
80 298 59
81 82 99
81 129 11
81 151 62
81 240 10
81 252 67
82 83 46
82 210 86
82 233 69
82 277 36
82 291 68
83 84 60
83 88 33
83 209 43
84 85 64
84 97 54
84 130 68
84 185 37
84 202 79
84 246 5
84 271 33
84 279 26
84 282 97
85 86 30
85 126 66
85 185 90
85 218 92
85 279 47
85 280 100
86 87 41
86 98 48
86 113 19
86 131 55
86 137 9
86 180 14
86 186 91
86 192 85
86 224 83
86 225 7
86 274 79
87 88 27
87 126 21
87 156 78
87 203 88
87 224 7
87 229 30
87 234 58
87 251 19
87 252 23
87 273 43
88 89 20
88 166 70
88 210 9
88 278 55
88 289 2
88 294 51
89 90 35
89 143 12
89 163 79
89 190 77
89 215 37
89 265 78
90 91 89
90 227 75
90 259 74
90 270 99
90 275 67
90 281 26
91 92 95
91 142 26
91 188 77
91 240 7
91 293 54
92 93 5
92 145 29
92 149 60
92 181 21
92 278 23
92 282 24
92 283 22
93 94 96
93 131 29
93 152 47
93 161 83
94 95 86
94 137 54
94 168 36
94 197 93
94 201 72
94 213 15
94 254 51
94 258 78
94 277 48
94 297 27
95 96 58
95 110 88
95 117 71
95 165 69
95 213 48
95 238 2
95 285 75
96 97 68
96 106 99
96 111 31
96 189 41
96 255 43
96 277 39
97 98 97
97 112 2
97 120 20
97 134 12
97 140 42
97 175 66
97 216 9
97 259 46
97 286 22
98 99 41
98 161 24
98 165 87
98 227 23
98 249 85
98 270 39
98 296 85
99 100 28
99 109 15
99 146 84
99 152 98
99 161 36
99 218 23
99 221 100
99 223 16
99 229 16
99 234 65
99 237 60
99 276 19
100 101 7
100 173 46
100 202 66
100 203 88
100 225 47
100 265 78
100 281 19
101 102 50
101 147 62
101 194 17
101 277 49
102 103 12
102 128 76
102 162 97
102 219 60
102 225 3
102 286 17
103 104 17
103 121 66
103 127 59
103 167 23
103 208 5
103 218 44
103 272 3
104 105 40
104 130 42
104 134 74
104 274 80
105 106 29
105 134 83
105 196 54
105 203 75
105 221 59
105 236 58
105 250 97
105 285 86
105 291 35
105 298 19
106 107 9
106 120 80
106 123 14
106 147 74
106 155 2
106 160 86
106 216 79
106 219 65
106 281 56
107 108 39
107 111 94
107 155 9
107 182 30
107 198 45
107 202 36
107 249 44
107 271 82
107 293 41
108 109 49
108 126 51
108 184 18
108 188 68
108 192 65
108 233 38
108 254 4
108 290 29
109 110 36
109 120 90
109 157 56
109 234 31
109 272 47
109 282 27
110 111 12
110 182 13
110 189 92
110 213 49
110 256 63
110 266 23
110 276 97
110 293 71
111 112 18
111 114 68
111 151 38
111 158 31
111 205 95
111 283 62
112 113 11
112 167 77
112 170 94
112 222 29
112 223 46
112 240 59
113 114 42
113 180 82
113 249 43
113 276 46
114 115 28
114 156 29
114 170 74
114 176 78
114 232 23
114 255 18
114 267 18
114 273 88
114 282 54
115 116 93
115 175 88
115 222 79
115 258 63
115 259 22
115 263 23
116 117 96
116 120 97
116 125 77
116 149 51
116 184 75
116 204 21
116 218 67
117 118 38
117 154 96
117 205 3
117 214 53
117 297 58
118 119 90
118 130 90
118 163 75
118 164 39
118 208 71
118 213 43
118 232 16
118 250 37
118 272 100
118 291 71
119 120 93
119 239 31
119 257 29
119 259 81
119 263 67
119 278 24
119 291 8
120 121 99
120 129 54
120 183 78
120 199 17
120 204 8
120 212 52
120 216 44
120 220 80
120 237 96
121 122 13
121 134 7
121 141 78
121 170 95
121 211 45
122 123 1
122 140 51
122 143 81
122 236 71
122 263 68
122 270 10
123 124 54
123 192 50
123 194 71
123 197 19
123 201 52
123 217 33
124 125 12
124 162 3
124 174 15
124 186 76
124 201 99
124 250 38
125 126 91
125 149 43
125 152 11
125 158 45
125 211 39
125 219 37
125 234 59
125 266 3
125 280 30
126 127 34
126 161 30
126 178 84
126 184 25
126 205 70
126 224 57
126 292 71
127 128 26
127 131 36
127 170 28
127 196 86
127 197 93
127 226 7
127 235 6
127 259 55
127 276 77
127 281 64
127 289 67
128 129 56
128 131 55
128 162 51
128 163 16
128 187 81
128 207 76
128 234 28
128 238 68
128 276 88
128 290 67
128 294 12
129 130 68
129 143 54
129 200 54
129 229 27
129 230 14
129 255 78
129 278 55
129 281 84
130 131 37
130 170 52
130 175 1
130 191 16
130 203 51
130 211 48
130 214 16
130 262 86
131 132 24
131 167 74
131 199 82
131 237 48
131 261 35
131 290 79
132 133 85
132 186 37
132 203 93
132 249 10
132 265 16
133 134 87
133 196 26
133 222 27
133 228 47
133 236 87
133 252 48
133 255 56
133 283 10
134 135 95
134 186 32
134 216 25
134 237 82
134 245 43
135 136 30
135 150 16
135 171 76
135 196 29
135 199 51
135 200 78
135 207 62
135 225 31
135 242 23
135 272 41
135 292 41
136 137 75
136 150 52
136 233 6
136 246 37
136 254 8
136 256 53
136 261 35
136 270 57
136 289 75
137 138 79
137 154 80
137 162 97
137 199 49
137 291 43
138 139 52
138 180 98
138 193 79
138 212 66
139 140 34
139 151 76
139 170 74
139 185 32
139 222 15
139 253 71
139 254 54
139 259 37
139 297 74
140 141 34
140 148 53
140 172 65
140 185 66
140 201 68
140 210 32
140 216 4
140 219 5
140 224 89
140 241 65
141 142 64
141 220 80
142 143 18
142 184 82
142 206 97
142 229 95
142 245 77
142 250 59
142 256 53
143 144 19
143 191 48
143 219 91
143 228 77
143 248 66
144 145 75
144 181 88
144 203 8
144 215 64
144 230 63
144 242 8
144 267 86
144 268 68
144 273 92
144 288 37
145 146 71
145 147 48
145 163 9
145 164 12
145 221 58
145 249 87
145 260 73
145 298 68
146 147 74
146 249 39
146 274 98
146 275 73
146 295 29
147 148 11
147 214 4
147 216 79
147 220 62
147 230 24
147 272 60
148 149 27
148 150 96
148 156 11
148 191 33
148 222 44
148 247 19
148 267 49
148 294 44
149 150 60
149 163 39
149 169 40
149 185 36
149 200 34
149 251 12
149 286 31
150 151 10
150 202 95
150 239 66
150 256 39
150 263 55
150 289 68
151 152 61
151 181 65
151 183 68
151 191 98
151 198 42
151 201 91
151 207 4
151 245 87
151 260 29
152 153 47
152 154 90
152 189 77
152 198 86
152 204 42
152 213 93
152 250 43
152 261 56
152 277 79
153 154 96
153 159 24
153 167 32
153 193 25
153 241 51
154 155 21
154 182 54
154 225 94
154 239 22
154 259 92
155 156 79
155 161 71
155 201 85
155 228 72
155 247 81
156 157 31
156 158 32
156 204 5
156 207 94
156 223 67
156 273 70
156 294 46
157 158 38
157 237 57
157 266 84
158 159 24
158 173 29
158 262 81
159 160 42
159 181 28
159 193 15
159 207 22
159 238 16
159 252 42
159 264 9
159 271 59
159 289 1
160 161 61
160 165 6
160 186 86
160 203 90
160 212 17
160 226 11
160 230 24
160 252 8
160 253 60
161 162 22
161 173 25
161 246 41
161 253 73
161 265 88
161 279 21
162 163 92
162 197 78
162 247 53
162 280 63
162 289 83
163 164 31
164 165 62
164 168 57
164 185 100
164 191 80
164 226 67
164 248 97
165 166 76
165 186 54
165 195 20
165 201 15
165 252 74
166 167 69
166 169 73
166 175 35
166 181 19
166 221 39
166 244 42
166 277 82
167 168 60
167 188 99
167 214 2
167 266 16
168 169 69
168 232 80
169 170 16
169 205 44
169 297 11
170 171 100
170 206 9
170 225 51
170 243 91
170 258 49
170 279 43
170 298 62
171 172 31
171 214 2
171 263 5
172 173 87
172 177 38
172 202 25
172 226 19
172 235 22
172 294 72
173 174 10
173 261 85
173 270 21
174 175 34
174 255 99
174 259 60
174 271 74
174 272 32
174 299 1
175 176 10
175 197 32
175 209 89
175 210 11
175 237 7
176 177 30
176 194 22
176 212 98
176 222 40
176 230 46
176 239 49
176 248 19
176 272 59
177 178 89
177 185 77
177 212 41
177 220 35
177 271 37
177 293 81
178 179 62
178 180 97
178 286 16
179 180 30
179 183 2
179 245 59
179 261 47
179 293 58
180 181 93
180 203 20
180 226 8
180 266 39
181 182 90
181 233 88
181 254 55
181 260 61
182 183 68
182 199 14
182 203 36
182 253 96
183 184 96
183 187 85
183 206 65
183 228 81
183 253 13
184 185 77
184 273 8
185 186 91
185 232 94
185 265 89
186 187 31
186 238 61
186 254 5
186 267 77
187 188 99
187 230 96
187 250 85
187 297 23
188 189 48
188 245 41
188 269 11
188 273 54
188 278 11
188 285 6
188 290 75
188 298 37
189 190 58
189 224 73
189 290 38
190 191 22
190 194 2
190 204 93
191 192 86
191 201 11
191 219 77
191 223 99
192 193 12
192 210 41
192 270 89
193 194 75
193 217 16
193 232 38
194 195 85
195 196 88
195 273 21
196 197 46
196 230 64
196 255 4
196 263 54
197 198 9
197 244 43
197 275 47
197 294 62
198 199 64
198 233 31
198 238 53
198 263 6
198 277 15
198 283 46
198 298 19
199 200 6
199 206 16
199 215 27
199 223 39
199 230 33
199 240 42
199 255 54
199 273 80
199 280 19
199 285 49
200 201 93
200 217 68
200 251 35
201 202 77
201 231 100
201 247 61
201 254 90
201 289 5
202 203 84
203 204 78
203 247 16
204 205 84
204 276 95
205 206 47
205 213 68
205 260 10
206 207 3
206 251 45
206 288 46
207 208 24
207 237 89
207 258 88
207 281 52
207 284 35
208 209 26
208 219 92
208 238 25
208 261 14
208 269 48
208 298 3
209 210 49
209 256 76
209 272 39
210 211 78
210 226 33
210 270 52
210 271 3
211 212 19
211 215 38
211 216 69
211 226 73
211 281 18
212 213 66
212 226 21
212 233 41
212 237 90
212 239 62
212 247 92
212 284 20
212 297 43
213 214 40
213 216 18
213 227 71
213 252 70
213 266 99
213 267 22
213 280 34
213 292 29
214 215 63
214 219 93
214 229 26
214 248 82
214 262 69
214 264 58
215 216 93
215 220 75
215 226 100
215 245 39
216 217 8
216 253 9
216 282 15
217 218 25
217 226 28
217 279 23
217 291 15
218 219 28
218 276 1
218 285 13
219 220 59
219 237 10
220 221 57
220 255 91
220 266 68
220 292 44
221 222 12
221 262 76
221 273 23
222 223 50
222 233 35
222 255 100
222 260 82
222 262 21
223 224 56
223 230 68
223 244 89
223 257 16
224 225 96
225 226 85
225 228 36
225 265 84
226 227 41
226 239 74
226 268 17
226 296 34
227 228 51
227 241 51
227 287 11
228 229 40
228 289 91
229 230 100
229 290 45
230 231 1
230 233 96
230 264 22
230 266 17
230 288 1
231 232 4
231 263 25
231 287 94
231 289 4
232 233 1
232 255 21
232 256 77
232 263 93
232 281 68
233 234 49
233 248 59
233 287 10
234 235 88
234 260 37
234 264 1
234 299 13
235 236 54
235 243 40
236 237 37
236 238 22
236 248 87
236 259 58
236 277 64
236 293 43
237 238 89
237 282 54
237 297 54
238 239 22
238 249 59
238 261 51
238 270 66
238 295 83
239 240 10
239 244 84
239 297 39
240 241 93
240 271 41
240 272 8
241 242 72
241 256 91
241 287 44
242 243 99
243 244 59
243 258 36
243 260 81
243 273 99
243 288 95
244 245 31
244 262 19
244 264 90
244 278 61
244 290 99
245 246 100
245 258 14
246 247 72
246 249 65
246 259 18
246 265 66
246 271 99
246 276 79
247 248 84
247 259 62
247 268 59
247 272 68
248 249 100
248 261 12
248 263 20
249 250 68
249 263 64
250 251 59
250 281 8
250 285 19
250 294 2
251 252 94
252 253 38
252 281 51
253 254 83
253 256 19
253 274 17
254 255 67
254 278 74
255 256 68
255 281 90
256 257 69
256 274 94
257 258 15
257 265 10
258 259 36
259 260 85
260 261 33
260 265 28
260 274 45
260 279 81
261 262 17
261 282 16
262 263 6
262 265 72
262 285 100
263 264 91
264 265 4
264 268 45
264 290 27
265 266 3
266 267 81
266 289 40
267 268 80
267 272 23
267 288 16
268 269 90
268 289 30
269 270 11
270 271 69
270 285 54
270 287 98
271 272 95
271 280 6
272 273 61
272 276 26
272 281 3
272 285 2
272 297 6
273 274 98
274 275 81
274 292 31
274 293 83
275 276 14
275 292 22
276 277 43
276 282 52
277 278 89
277 286 97
278 279 49
278 283 84
279 280 24
279 281 33
279 290 13
280 281 14
280 282 42
280 292 52
281 282 85
282 283 41
283 284 15
284 285 26
285 286 2
285 291 74
286 287 88
286 299 69
287 288 55
288 289 38
289 290 18
290 291 21
290 298 88
291 292 62
291 293 36
291 296 21
292 293 37
293 294 16
294 295 3
295 296 76
296 297 62
297 298 6
298 299 7
299 300 98
