400 3134 80 2845
5 11 13 14 17 22 27 28 29 32 40 42 47 49 50 53 60 65 66 70 74 76 80 87 91 100 103 107 108 114 121 128 132 134 136 137 156 161 168 169 176 178 185 187 196 197 207 213 219 231 232 252 263 265 266 267 271 284 292 294 311 312 317 323 326 331 333 336 338 340 343 346 352 355 358 361 363 391 394 400 
1 2 99
1 26 27
1 84 56
1 150 38
1 171 75
1 174 98
1 206 51
1 300 11
1 312 78
1 326 38
1 376 77
1 380 60
1 381 8
1 400 92
2 3 52
2 23 71
2 65 81
2 89 11
2 109 1
2 147 63
2 151 43
2 211 19
2 228 62
2 248 87
2 276 53
2 287 82
2 342 30
2 374 31
2 399 4
3 4 53
3 5 74
3 10 83
3 25 56
3 30 6
3 66 50
3 84 88
3 98 44
3 116 43
3 130 31
3 131 100
3 151 47
3 196 88
3 200 54
3 241 60
3 273 13
3 371 28
3 374 78
4 5 25
4 53 8
4 81 70
4 102 72
4 148 36
4 155 43
4 191 4
4 195 96
4 244 45
4 286 31
4 288 57
4 308 39
4 324 1
4 331 54
4 378 87
4 385 21
4 399 20
5 6 68
5 86 78
5 133 3
5 140 52
5 195 25
5 204 73
5 317 87
5 322 33
5 349 18
5 352 41
5 370 36
5 395 82
6 7 54
6 14 31
6 25 26
6 38 41
6 61 90
6 106 1
6 135 46
6 138 97
6 151 78
6 168 65
6 189 48
6 212 15
6 266 82
6 296 23
6 307 27
6 365 67
6 382 81
7 8 86
7 34 24
7 40 9
7 41 30
7 49 52
7 81 87
7 194 50
7 196 75
7 199 55
7 212 50
7 241 58
7 326 63
8 9 59
8 76 58
8 93 37
8 150 4
8 169 52
8 176 28
8 186 92
8 213 100
8 237 62
8 270 56
8 277 74
8 282 17
8 286 30
8 288 50
8 304 41
8 346 69
8 355 61
8 374 92
9 10 45
9 14 12
9 18 24
9 26 28
9 61 39
9 132 74
9 143 98
9 151 2
9 174 89
9 201 16
9 227 35
9 232 99
9 240 49
9 256 72
9 257 23
9 276 1
9 297 22
9 330 35
9 333 33
10 11 75
10 30 37
10 32 99
10 61 43
10 66 96
10 92 68
10 100 14
10 188 24
10 189 76
10 206 40
10 218 37
10 240 54
10 242 20
10 258 36
10 282 74
10 323 74
10 348 35
10 376 16
11 12 43
11 35 5
11 63 2
11 65 63
11 90 44
11 109 94
11 150 2
11 166 93
11 170 97
11 196 66
11 203 76
11 221 79
11 230 2
11 288 15
11 316 87
11 321 16
11 322 80
11 327 81
12 13 8
12 142 49
12 148 23
12 184 61
12 242 16
12 262 100
12 344 89
12 359 71
12 385 32
13 14 15
13 38 60
13 119 19
13 133 72
13 227 50
13 243 16
13 249 16
13 273 83
13 275 1
13 281 76
13 291 52
13 303 72
13 304 97
13 323 38
13 362 29
13 374 27
14 15 89
14 45 24
14 66 53
14 78 4
14 119 91
14 136 26
14 139 71
14 143 9
14 193 8
14 230 87
14 262 9
14 302 100
14 304 17
15 16 72
15 80 5
15 188 21
15 190 48
15 243 44
15 254 40
15 256 79
15 271 69
15 285 76
15 315 82
15 373 28
15 390 49
16 17 1
16 62 34
16 88 72
16 92 9
16 98 11
16 100 15
16 169 92
16 235 55
16 247 52
16 298 2
16 345 41
16 379 13
17 18 11
17 51 78
17 60 58
17 97 20
17 131 3
17 158 32
17 185 54
17 227 80
17 243 89
17 245 69
17 292 72
17 308 22
17 310 52
17 315 8
17 328 25
17 330 93
17 360 69
17 367 6
17 394 90
18 19 77
18 102 48
18 108 16
18 121 13
18 150 5
18 163 43
18 176 99
18 199 60
18 231 9
18 235 55
18 244 80
18 315 25
19 20 9
19 22 78
19 76 31
19 206 95
19 228 58
19 301 80
19 331 88
19 336 42
19 373 98
20 21 32
20 106 41
20 130 80
20 147 71
20 190 21
20 270 34
20 281 66
20 291 33
20 301 3
20 327 45
20 347 68
20 356 53
20 357 50
20 379 96
20 395 84
21 22 91
21 135 85
21 137 15
21 138 48
21 172 62
21 225 34
21 269 57
21 279 41
21 300 57
21 307 91
21 339 20
21 374 25
22 23 52
22 60 34
22 81 17
22 83 15
22 104 77
22 111 20
22 115 1
22 123 60
22 130 99
22 142 88
22 144 56
22 200 4
22 262 86
22 271 44
22 275 43
22 295 85
22 327 6
22 370 33
23 24 68
23 39 45
23 55 43
23 60 54
23 67 22
23 153 80
23 205 9
23 265 39
23 298 30
23 363 4
23 369 5
23 375 48
24 25 57
24 61 99
24 74 49
24 104 46
24 144 44
24 156 95
24 177 52
24 181 71
24 184 84
24 369 77
24 375 20
25 26 92
25 52 42
25 78 8
25 87 50
25 92 21
25 103 74
25 114 53
25 151 86
25 235 59
25 260 84
25 270 95
25 349 89
25 360 56
26 27 50
26 52 74
26 62 83
26 99 93
26 119 33
26 127 100
26 173 92
26 177 27
26 186 50
26 253 67
26 305 76
26 331 73
26 364 62
26 391 22
26 392 86
27 28 66
27 75 22
27 135 9
27 168 85
27 187 63
27 199 12
27 201 90
27 258 7
27 260 5
27 276 37
27 279 69
27 311 19
27 318 46
27 341 27
28 29 44
28 69 3
28 87 66
28 88 88
28 125 98
28 128 28
28 150 52
28 177 15
28 209 12
28 231 78
28 233 33
28 319 43
28 337 94
28 360 30
28 389 13
29 30 11
29 57 85
29 85 39
29 92 35
29 136 29
29 158 87
29 184 100
29 210 84
29 216 3
29 223 26
29 226 73
29 294 33
29 357 13
30 31 26
30 42 30
30 208 49
30 222 41
30 227 35
30 238 67
30 296 81
30 327 57
30 333 46
30 353 76
30 383 10
30 388 77
31 32 9
31 159 23
31 218 83
31 321 5
31 383 5
31 398 60
32 33 96
32 98 73
32 101 2
32 134 79
32 136 53
32 148 12
32 152 21
32 186 27
32 202 93
32 227 74
32 230 78
32 259 75
32 350 83
32 358 49
32 373 13
32 374 66
33 34 26
33 52 18
33 71 41
33 83 38
33 110 99
33 149 52
33 150 58
33 155 49
33 203 94
33 204 81
33 250 20
33 251 43
33 282 26
33 350 33
34 35 62
34 81 4
34 82 13
34 101 53
34 113 53
34 137 67
34 138 69
34 148 32
34 240 39
34 271 74
34 322 84
34 323 25
34 352 81
34 355 80
34 375 62
34 390 28
34 393 84
35 36 62
35 64 66
35 68 99
35 181 64
35 239 85
35 251 99
35 260 60
35 287 17
35 347 14
35 377 88
35 382 6
36 37 54
36 68 21
36 91 16
36 187 79
36 204 40
36 216 75
36 218 12
36 313 86
36 317 1
36 327 36
36 342 48
36 344 34
36 347 18
36 374 82
36 390 4
37 38 23
37 85 93
37 173 20
37 212 20
37 251 60
37 266 46
37 296 86
37 318 33
37 368 64
37 397 56
38 39 47
38 62 67
38 63 67
38 83 38
38 107 89
38 108 100
38 120 12
38 125 42
38 155 40
38 162 17
38 177 73
38 190 80
38 237 13
38 252 4
38 313 87
38 338 17
38 350 97
38 351 85
38 385 19
39 40 35
39 118 79
39 121 17
39 237 98
39 271 58
39 296 34
39 308 88
39 314 76
39 377 41
39 391 11
40 41 60
40 64 12
40 113 55
40 118 89
40 221 86
40 227 7
40 246 52
40 257 5
40 273 66
40 308 78
40 334 61
40 370 52
41 42 55
41 82 97
41 84 65
41 154 44
41 182 94
41 226 82
41 230 72
41 357 69
41 373 16
41 391 78
42 43 75
42 48 28
42 57 90
42 59 8
42 67 55
42 129 78
42 149 1
42 152 50
42 158 10
42 168 28
42 187 79
42 258 30
42 259 16
42 296 72
42 309 82
42 381 85
43 44 3
43 45 8
43 58 47
43 78 19
43 121 93
43 124 29
43 140 63
43 144 47
43 149 98
43 213 2
43 219 17
43 270 31
43 276 13
43 279 26
43 307 56
43 372 6
43 396 7
44 45 26
44 65 100
44 78 55
44 207 46
44 260 67
44 266 31
44 276 55
44 311 86
44 347 40
44 366 20
45 46 72
45 66 7
45 140 18
45 195 25
45 201 76
45 225 50
45 299 72
46 47 78
46 89 97
46 154 22
46 159 38
46 176 10
46 222 95
46 228 4
46 277 67
46 293 60
46 322 33
46 325 100
47 48 1
47 83 84
47 105 3
47 126 50
47 149 97
47 171 55
47 226 16
47 243 6
47 253 25
47 257 67
47 329 51
47 330 76
47 361 34
47 367 18
48 49 40
48 123 53
48 137 80
48 146 24
48 196 16
48 203 86
48 244 32
48 297 93
48 311 22
48 320 5
48 379 5
49 50 90
49 82 55
49 118 39
49 231 17
49 238 91
49 271 25
49 295 8
49 309 16
49 332 40
49 382 55
50 51 63
50 63 83
50 97 64
50 101 74
50 126 16
50 130 34
50 141 45
50 195 34
50 277 86
50 305 8
50 347 50
50 355 39
50 360 54
50 375 96
50 385 86
50 396 47
51 52 14
51 57 94
51 98 94
51 101 47
51 165 91
51 278 95
52 53 6
52 72 31
52 185 85
52 192 87
52 202 68
52 242 88
52 263 82
52 272 26
52 278 39
52 299 28
52 329 54
52 341 26
52 357 75
52 363 17
52 364 72
53 54 66
53 211 39
53 217 7
53 225 56
53 245 65
53 246 76
53 282 44
53 292 79
53 314 56
53 324 62
53 376 36
53 380 73
53 387 8
54 55 36
54 110 54
54 122 43
54 169 55
54 184 73
54 204 2
54 317 52
54 326 5
54 388 31
55 56 25
55 120 51
55 126 28
55 206 64
55 230 39
55 237 71
55 251 86
55 253 12
55 274 15
55 280 41
55 336 3
55 337 41
55 367 85
55 375 9
55 387 95
56 57 100
56 78 17
56 90 90
56 168 25
56 218 86
56 232 89
56 248 80
56 258 81
56 263 97
56 270 67
56 273 5
56 278 23
56 360 32
56 381 6
56 382 31
57 58 72
57 63 76
57 84 50
57 107 59
57 122 90
57 177 99
57 184 25
57 282 61
57 296 8
57 298 59
57 327 8
57 334 28
57 396 46
57 397 94
58 59 18
58 82 99
58 103 2
58 166 40
58 178 54
58 197 98
58 204 46
58 215 86
58 216 54
58 262 59
58 273 36
58 296 80
58 301 31
58 325 10
58 350 78
58 361 42
59 60 57
59 94 17
59 115 31
59 131 52
59 136 20
59 163 82
59 168 36
59 213 55
59 214 57
59 218 2
59 219 7
59 266 47
59 320 25
59 334 15
59 336 9
59 362 37
59 371 49
59 381 95
60 61 40
60 65 17
60 69 46
60 94 5
60 100 79
60 122 28
60 158 55
60 173 15
60 180 3
60 184 39
60 228 60
60 255 85
60 314 66
60 351 4
61 62 83
61 71 55
61 82 62
61 85 71
61 137 91
61 139 66
61 182 27
61 207 89
61 211 87
61 276 18
61 284 67
61 290 100
61 302 2
61 330 83
61 345 31
61 364 68
61 390 1
62 63 46
62 113 88
62 129 66
62 148 3
62 167 61
62 209 64
62 232 38
62 244 25
62 271 97
62 362 52
62 363 90
62 389 25
62 399 31
63 64 31
63 89 71
63 90 48
63 122 50
63 132 99
63 168 85
63 174 4
63 230 98
63 282 99
63 291 93
63 360 9
63 374 48
63 384 61
64 65 43
64 121 100
64 125 78
64 129 100
64 171 90
64 207 13
64 233 26
64 309 37
64 315 47
64 322 41
65 66 29
65 73 42
65 79 78
65 88 95
65 93 32
65 151 72
65 185 31
65 258 44
65 266 81
65 272 74
65 290 17
65 311 38
65 319 3
65 370 79
65 376 4
65 379 96
65 382 64
66 67 59
66 68 8
66 75 27
66 76 42
66 88 28
66 97 81
66 119 4
66 124 24
66 245 62
66 252 50
66 301 7
66 362 10
67 68 68
67 94 31
67 96 92
67 134 95
67 159 3
67 195 18
67 202 33
67 212 50
67 213 54
67 244 98
67 257 91
67 260 24
67 274 17
67 284 6
67 341 51
67 375 62
68 69 12
68 105 19
68 118 46
68 160 29
68 181 84
68 195 30
68 238 37
68 241 65
68 289 90
68 358 94
69 70 81
69 132 87
69 196 27
69 241 39
69 284 29
69 325 87
69 348 49
69 352 92
69 388 81
70 71 3
70 81 62
70 113 50
70 134 94
70 157 31
70 164 4
70 169 58
70 171 56
70 175 25
70 190 22
70 194 27
70 246 28
70 256 29
70 291 9
70 295 45
70 353 75
70 361 8
71 72 93
71 83 15
71 102 87
71 116 49
71 169 69
71 264 14
71 305 20
71 356 36
71 374 68
71 381 40
71 386 70
72 73 75
72 137 91
72 171 24
72 177 5
72 251 38
72 258 9
72 280 11
72 305 85
72 340 81
72 382 18
73 74 30
73 81 34
73 100 42
73 133 61
73 228 77
73 231 89
73 243 61
73 250 43
73 257 32
73 264 68
73 285 12
73 303 76
73 379 31
74 75 66
74 83 16
74 90 54
74 106 32
74 113 85
74 120 92
74 143 62
74 182 70
74 192 65
74 195 52
74 263 40
74 277 92
74 281 50
74 308 96
74 313 47
74 334 40
74 359 95
74 377 13
75 76 11
75 84 32
75 140 18
75 142 72
75 154 54
75 243 53
75 250 72
75 265 89
75 358 20
75 397 75
76 77 13
76 81 34
76 139 38
76 179 82
76 201 37
76 202 54
76 276 71
76 309 53
76 314 22
76 334 10
76 342 7
76 388 21
76 390 17
77 78 85
77 80 27
77 98 45
77 134 76
77 144 31
77 165 23
77 221 71
77 232 98
77 276 95
77 283 33
77 375 57
78 79 33
78 97 52
78 114 87
78 122 52
78 166 15
78 172 21
78 174 18
78 208 28
78 232 55
78 280 69
78 320 7
78 392 69
79 80 78
79 96 46
79 107 76
79 140 89
79 225 36
79 256 9
79 262 40
79 290 61
79 313 33
79 328 78
79 357 79
79 360 85
79 361 1
80 81 83
80 85 2
80 125 18
80 140 27
80 156 96
80 284 47
80 378 21
80 388 13
81 82 83
81 154 12
81 187 8
81 205 35
81 225 15
81 289 19
81 295 34
81 308 69
81 313 33
81 332 55
81 336 30
81 381 80
82 83 46
82 101 27
82 114 9
82 126 33
82 175 58
82 183 40
82 194 59
82 213 65
82 238 65
82 251 97
82 271 29
82 273 80
82 323 30
82 351 81
82 359 100
83 84 70
83 116 87
83 117 47
83 145 76
83 169 73
83 214 90
83 225 92
83 235 90
83 271 10
83 312 31
83 354 15
83 381 78
84 85 22
84 147 59
84 233 64
84 235 53
84 251 11
84 263 34
84 299 90
84 310 43
84 325 85
84 344 34
85 86 24
85 112 83
85 115 92
85 130 11
85 160 47
85 166 14
85 243 92
85 390 95
86 87 24
86 90 77
86 101 31
86 125 45
86 157 91
86 166 19
86 179 94
86 225 9
86 248 13
86 259 87
86 302 49
86 312 43
86 340 12
86 347 61
86 365 13
86 394 80
87 88 42
87 134 26
87 183 4
87 246 47
87 250 78
87 263 21
87 281 97
87 394 30
88 89 58
88 109 78
88 152 33
88 211 87
88 263 11
88 281 21
88 315 51
88 364 16
88 382 39
89 90 20
89 115 50
89 120 77
89 159 26
89 194 21
89 202 1
89 207 57
89 218 49
89 275 14
89 276 39
89 279 75
89 280 74
89 311 48
89 337 16
89 392 85
89 395 82
90 91 10
90 115 75
90 125 38
90 175 88
90 180 74
90 190 52
90 265 18
90 296 52
90 315 50
90 347 24
91 92 7
91 144 91
91 230 100
91 284 14
91 286 89
91 321 57
91 323 74
91 334 48
91 397 29
92 93 69
92 154 1
92 172 84
92 176 21
92 222 71
92 255 75
92 314 56
92 320 93
92 341 25
92 361 16
93 94 50
93 123 66
93 146 85
93 152 42
93 189 16
93 191 14
93 193 79
93 198 38
93 230 51
93 273 71
93 315 81
93 316 14
93 325 5
93 348 36
93 366 24
93 367 28
94 95 79
94 123 7
94 145 90
94 170 91
94 213 70
94 238 53
94 257 65
94 277 23
94 291 78
94 310 5
94 330 65
94 351 24
94 377 52
95 96 45
95 117 84
95 186 41
95 221 92
95 282 100
95 284 14
95 297 91
95 307 79
95 340 41
96 97 92
96 103 9
96 120 47
96 132 79
96 212 9
96 244 86
96 270 89
96 273 48
96 301 61
96 310 52
96 355 71
96 364 4
96 370 53
96 375 11
96 388 50
97 98 36
97 128 1
97 156 15
97 182 20
97 194 48
97 263 39
97 370 13
98 99 11
98 110 31
98 148 55
98 213 9
98 231 4
98 269 25
98 290 17
98 333 76
99 100 15
99 154 70
99 232 13
99 235 39
99 252 13
99 263 81
99 269 66
99 310 13
99 385 33
99 390 74
99 394 69
100 101 94
100 124 58
100 147 8
100 188 77
100 196 66
100 203 36
100 245 20
100 246 4
100 252 28
100 270 18
100 284 80
100 319 88
100 331 62
100 380 73
100 381 26
101 102 76
101 103 50
101 110 72
101 160 46
101 184 83
101 202 43
101 303 51
101 343 91
101 345 24
101 358 29
101 363 62
102 103 4
102 131 23
102 171 88
102 186 32
102 195 78
102 199 84
102 217 87
102 245 64
102 254 38
102 266 51
102 271 70
102 280 35
102 322 62
102 347 50
102 375 12
102 399 36
103 104 10
103 113 55
103 143 67
103 223 68
103 245 2
103 255 93
103 260 24
103 293 95
103 294 95
103 314 49
103 367 17
103 368 19
103 372 52
103 390 60
104 105 79
104 152 90
104 154 71
104 224 78
104 255 78
104 279 51
104 321 5
105 106 3
105 119 98
105 122 50
105 140 65
105 149 83
105 215 71
105 233 77
105 253 53
105 311 35
105 371 83
105 384 25
106 107 84
106 113 6
106 131 29
106 234 8
106 235 92
106 260 73
106 285 17
106 334 51
106 341 86
107 108 77
107 145 100
107 153 45
107 180 35
107 202 62
107 346 56
107 359 36
107 372 32
108 109 48
108 172 11
108 239 10
108 243 91
108 264 31
108 283 100
108 321 10
108 329 64
108 336 67
108 381 41
109 110 82
109 115 96
109 126 5
109 130 93
109 198 5
109 326 94
109 343 96
109 357 81
109 363 50
109 388 68
109 390 57
110 111 17
110 265 62
110 269 87
110 280 86
110 285 71
110 361 16
110 368 30
111 112 67
111 114 6
111 123 30
111 128 35
111 173 68
111 217 21
111 256 47
111 279 43
111 362 33
112 113 71
112 129 54
112 360 20
112 373 26
112 376 97
112 394 62
112 398 41
113 114 93
113 169 66
113 199 63
113 269 79
113 280 85
113 290 92
113 372 47
113 373 100
113 386 62
113 394 53
114 115 60
114 150 19
114 182 9
114 238 27
114 240 14
114 247 47
114 256 85
114 366 79
114 392 61
115 116 19
115 130 48
115 175 55
115 190 82
115 248 91
115 299 83
115 300 7
115 307 11
115 378 81
116 117 74
116 125 68
116 150 98
116 168 21
116 199 85
116 207 78
116 299 7
116 305 30
116 312 58
116 319 25
116 323 26
116 335 19
116 336 23
116 364 43
116 367 8
117 118 38
117 150 90
117 221 70
117 226 25
117 244 93
117 281 9
117 314 64
117 367 66
117 368 69
117 371 55
117 385 2
117 393 51
118 119 52
118 164 27
118 180 7
118 190 12
118 198 43
118 218 79
118 248 36
118 253 77
118 265 10
118 309 95
119 120 41
119 185 11
119 220 25
119 226 78
119 287 37
119 332 39
119 354 78
119 364 57
119 389 94
120 121 51
120 131 76
120 165 64
120 169 10
120 330 71
120 346 74
120 375 26
121 122 77
121 146 61
121 180 52
121 283 9
121 356 63
121 382 1
122 123 14
122 193 29
122 203 90
122 242 26
122 244 76
122 281 33
122 284 14
122 320 7
122 355 3
122 376 24
122 391 54
122 396 72
122 398 73
123 124 94
123 152 71
123 241 21
123 306 76
123 371 23
123 378 22
123 388 79
124 125 20
124 132 82
124 133 97
124 175 29
124 202 47
124 214 83
124 251 30
124 267 85
124 277 50
124 312 23
124 370 44
125 126 58
125 179 59
125 207 85
125 224 36
125 262 93
125 268 72
125 304 86
125 324 67
125 335 5
125 354 8
125 370 48
125 396 27
126 127 32
126 146 88
126 164 39
126 168 6
126 182 54
126 220 69
126 226 78
126 258 14
126 284 15
126 286 14
127 128 2
127 150 95
127 156 71
127 232 70
127 253 41
127 284 48
127 313 4
127 318 2
127 335 69
127 341 36
127 348 34
127 380 75
128 129 92
128 141 99
128 148 31
128 150 47
128 154 89
128 155 49
128 165 9
128 269 85
128 304 74
128 336 38
128 340 43
128 360 1
128 369 39
129 130 40
129 132 27
129 178 12
129 186 93
129 187 42
129 211 21
129 225 37
129 234 66
129 287 67
129 288 9
129 345 46
129 359 72
129 382 22
129 388 38
130 131 85
130 159 20
130 214 24
130 287 87
130 332 85
131 132 96
131 178 14
131 199 70
131 214 58
131 220 87
131 267 35
131 290 23
131 302 23
131 305 95
131 312 93
131 336 17
131 345 95
131 354 34
131 361 39
131 381 29
131 385 58
132 133 52
132 134 64
132 145 15
132 149 99
132 255 3
132 259 19
132 297 16
132 306 16
132 312 65
132 316 60
132 353 54
132 369 19
132 387 68
133 134 83
133 219 83
133 230 46
133 233 65
133 269 66
133 271 88
133 300 47
133 354 78
133 375 19
134 135 29
134 161 53
134 270 14
134 287 14
134 289 61
134 341 30
134 370 49
135 136 100
135 166 87
135 171 76
135 176 70
135 195 62
135 259 17
135 284 54
135 345 92
135 382 17
135 396 70
136 137 47
136 201 12
136 216 97
136 234 26
136 249 42
136 292 60
136 313 43
137 138 58
137 169 10
137 223 23
137 275 43
137 277 5
137 299 3
137 310 55
137 320 3
137 321 79
137 323 37
137 362 3
137 381 92
138 139 13
138 157 47
138 160 42
138 161 66
138 173 42
138 311 13
138 365 26
138 376 48
139 140 19
139 160 77
139 178 74
139 185 80
139 366 80
140 141 91
140 173 45
140 295 59
140 298 2
140 315 58
140 318 79
140 380 86
140 383 46
140 388 35
140 397 19
141 142 54
141 151 79
141 164 14
141 168 2
141 213 86
141 258 68
141 261 83
141 271 75
141 292 65
141 311 11
141 361 82
141 375 56
142 143 80
142 148 94
142 173 80
142 196 74
142 207 9
142 238 85
142 269 36
142 310 41
142 332 44
142 361 65
143 144 91
143 183 55
143 204 46
143 216 92
143 224 11
143 243 30
143 265 45
143 270 25
143 326 8
143 329 88
143 362 82
143 386 15
144 145 74
144 159 89
144 168 51
144 208 84
144 245 18
144 251 68
144 255 65
144 278 74
144 299 87
144 310 38
144 339 4
144 340 27
144 387 29
144 393 64
145 146 67
145 156 29
145 160 90
145 240 58
145 256 13
145 282 40
145 312 31
145 327 92
145 355 14
145 363 47
145 373 63
145 376 27
146 147 6
146 210 56
146 252 92
146 263 69
146 338 24
146 354 23
146 368 97
146 369 75
147 148 30
147 212 89
147 243 13
147 282 86
147 285 49
147 354 90
147 360 70
147 366 38
147 391 71
148 149 46
148 155 98
148 189 72
148 210 31
148 222 91
148 273 95
148 299 41
148 318 80
148 378 62
148 398 28
149 150 39
149 193 11
149 196 49
149 253 86
149 260 98
149 289 57
149 291 93
149 296 78
149 297 29
149 312 9
149 320 59
149 322 51
149 344 54
149 399 19
150 151 91
150 157 37
150 240 82
150 276 16
150 290 17
150 295 98
150 303 1
150 306 92
150 367 9
151 152 56
151 186 84
151 310 23
151 332 43
151 355 6
151 364 88
151 369 46
151 386 34
152 153 96
152 207 29
152 226 74
152 234 78
152 341 18
152 356 18
152 359 39
152 376 54
153 154 79
153 166 57
153 232 11
153 233 88
153 280 39
153 285 36
153 296 50
153 345 22
153 351 23
154 155 86
154 199 51
154 245 75
154 248 10
154 283 22
154 291 67
154 293 45
154 334 86
154 345 63
154 357 97
154 358 88
155 156 89
155 160 97
155 192 90
155 197 48
155 205 96
155 240 76
155 258 43
155 272 21
155 389 61
156 157 9
156 168 50
156 224 13
156 261 58
156 274 3
156 312 29
156 396 58
157 158 81
157 173 90
157 191 83
157 194 8
157 205 23
157 221 83
157 240 16
157 264 70
157 268 39
157 278 71
157 286 53
157 302 70
157 303 93
157 370 24
157 371 96
157 399 54
158 159 53
158 164 58
158 217 75
158 219 39
158 229 34
158 291 71
158 309 16
158 310 36
158 315 91
158 327 25
158 351 67
158 362 100
158 370 24
158 377 95
159 160 62
159 164 41
159 206 75
159 265 17
159 319 31
159 339 57
159 342 29
159 346 81
159 360 18
159 387 34
159 394 61
160 161 45
160 173 54
160 186 29
160 250 67
160 271 8
160 285 79
160 288 44
160 293 80
160 315 96
160 374 9
161 162 100
161 179 7
161 182 52
161 187 78
161 227 95
161 245 100
161 279 57
161 281 45
161 319 13
161 386 28
162 163 72
162 206 61
162 233 21
162 275 48
162 292 26
162 319 67
162 325 72
162 350 22
162 355 23
162 360 10
162 390 26
162 395 32
163 164 1
163 167 81
163 187 51
163 204 40
163 220 63
163 256 50
163 260 12
163 298 47
163 313 65
163 315 71
163 351 68
163 371 56
163 378 46
163 381 100
164 165 85
164 190 61
164 212 98
164 244 61
164 259 71
164 268 52
164 395 14
165 166 76
165 213 20
165 232 15
165 247 76
165 267 99
165 314 3
165 350 55
166 167 39
166 195 75
166 234 94
166 334 38
167 168 80
167 198 43
167 199 38
167 202 11
167 215 25
167 216 53
167 222 25
167 282 39
167 292 37
167 295 82
167 312 59
167 326 69
167 355 3
167 360 90
168 169 97
168 170 54
168 199 55
168 216 35
168 225 31
168 237 84
168 245 25
168 247 60
168 273 70
168 282 54
168 298 57
169 170 6
169 226 28
169 227 82
169 263 93
169 286 47
169 314 6
169 343 70
169 375 64
169 385 67
169 389 71
170 171 76
170 174 36
170 189 35
170 216 51
170 217 16
170 241 52
170 244 71
170 261 86
170 345 55
170 368 77
170 369 88
170 389 35
171 172 44
171 175 55
171 229 99
171 237 39
171 312 28
171 319 43
171 351 51
171 387 67
171 392 12
172 173 43
172 190 54
172 220 85
172 263 5
172 267 54
172 293 45
172 306 27
172 308 68
172 340 78
172 371 55
172 375 84
173 174 53
173 193 10
173 227 52
173 271 51
173 307 14
173 324 64
173 329 68
173 341 53
173 349 86
174 175 57
174 229 62
174 233 1
174 260 16
174 266 82
174 270 71
174 281 48
174 286 16
174 337 73
174 349 35
174 350 65
175 176 9
175 184 21
175 222 74
175 316 48
175 361 79
175 386 79
176 177 36
176 210 8
176 241 24
176 248 37
176 281 21
176 332 10
176 353 16
177 178 77
177 245 5
177 248 48
177 293 66
177 296 27
177 304 47
177 336 48
177 340 56
177 355 47
177 364 62
177 377 10
178 179 76
178 229 38
178 234 66
178 292 86
178 296 12
178 315 87
178 316 12
178 341 20
178 342 16
178 393 53
179 180 62
179 223 39
179 248 32
179 254 50
179 287 25
179 317 82
179 359 34
179 390 82
180 181 28
180 200 16
180 229 76
180 266 51
180 271 85
180 287 88
180 299 31
180 363 41
180 390 41
180 399 14
181 182 94
181 183 83
181 236 88
181 239 64
181 261 29
181 276 62
181 285 21
181 328 37
181 342 53
181 352 16
181 360 57
181 385 75
182 183 32
182 184 80
182 200 52
182 311 6
182 339 8
182 348 35
182 365 98
182 388 43
182 396 79
183 184 15
183 205 80
183 266 49
183 360 54
184 185 7
184 221 72
184 240 98
184 283 66
185 186 86
185 202 76
185 270 71
185 279 43
185 285 56
185 296 15
185 309 57
185 337 7
185 387 77
185 396 74
186 187 18
186 292 5
186 299 89
186 346 37
186 391 36
187 188 31
187 197 53
187 230 65
187 242 46
187 247 66
187 268 68
187 280 32
187 289 4
187 321 65
187 363 19
187 375 68
188 189 65
188 234 99
188 293 80
188 339 44
188 373 31
188 395 58
189 190 26
189 192 10
189 193 62
189 200 77
189 216 30
189 229 86
189 326 77
189 333 72
189 334 59
189 342 53
190 191 80
190 265 77
190 275 97
190 278 31
190 291 27
190 304 77
190 335 64
190 363 46
191 192 14
191 221 10
191 223 4
191 240 25
191 255 82
191 287 64
191 292 91
191 320 94
191 331 66
191 341 29
191 351 14
192 193 31
192 217 57
192 241 88
192 253 55
192 294 86
192 306 63
192 323 8
192 356 86
192 357 68
192 364 92
192 379 91
193 194 64
193 219 12
193 262 39
193 271 8
193 295 58
193 332 87
193 353 24
193 357 18
193 358 89
193 383 94
193 398 68
194 195 75
194 196 48
194 207 22
194 252 71
194 266 34
194 291 27
194 299 36
194 301 43
194 331 35
194 332 39
194 346 73
195 196 86
195 237 67
195 245 66
195 358 18
195 366 98
195 367 73
195 393 29
195 399 23
196 197 20
196 286 4
196 289 79
196 294 62
196 307 24
196 338 53
196 363 60
196 391 55
197 198 74
197 200 96
197 330 19
198 199 12
198 208 11
198 226 40
198 244 26
198 246 36
198 267 34
198 272 22
198 281 52
198 297 44
198 392 44
199 200 35
199 217 39
199 335 12
199 339 97
199 382 31
200 201 62
200 270 95
200 301 28
200 319 66
200 342 39
200 386 68
201 202 22
201 264 42
201 280 91
201 298 28
201 347 29
202 203 55
202 255 98
202 272 42
202 277 4
202 298 15
202 327 87
202 331 5
202 334 43
202 357 32
203 204 12
203 252 77
203 254 75
203 264 86
203 276 43
203 278 28
203 348 56
204 205 96
204 213 29
204 223 32
204 257 25
204 283 54
204 284 51
204 339 15
205 206 36
205 300 94
205 345 92
206 207 23
206 243 54
206 249 31
206 268 85
206 292 64
206 321 25
206 330 81
207 208 18
207 215 69
207 240 54
207 323 15
207 347 84
207 356 49
207 383 66
208 209 34
208 211 32
208 247 43
208 365 70
208 375 87
208 392 46
209 210 19
209 240 81
209 261 16
209 298 67
209 315 72
209 316 57
209 355 84
209 379 25
210 211 20
210 226 53
210 296 33
210 343 8
210 349 81
210 368 6
211 212 21
211 231 29
211 318 43
211 353 9
211 386 1
211 393 92
212 213 1
212 214 9
212 242 28
212 257 15
212 276 22
212 299 31
212 317 16
212 337 42
212 345 78
212 361 59
213 214 77
213 221 6
213 248 86
213 282 17
213 301 11
214 215 81
214 220 100
214 250 90
214 270 90
214 307 24
214 326 44
214 336 8
214 372 21
214 390 11
215 216 88
215 231 12
215 268 51
215 271 83
215 299 28
215 337 73
215 353 88
215 362 34
215 397 46
216 217 41
216 242 51
216 263 78
216 330 53
216 356 46
216 373 63
217 218 83
217 238 58
217 323 97
217 349 38
218 219 2
218 224 57
218 250 32
218 296 98
218 302 67
218 304 62
218 340 46
219 220 61
219 246 100
219 255 80
219 285 37
219 307 8
219 327 69
219 331 97
220 221 8
220 248 54
220 260 20
220 267 15
220 269 88
220 285 88
220 315 70
220 336 74
220 368 100
221 222 61
221 226 73
221 236 75
221 241 19
221 294 39
221 326 42
221 353 86
221 357 59
222 223 63
222 285 2
222 355 16
222 370 82
222 375 31
223 224 13
223 243 3
223 244 38
223 322 63
223 338 25
224 225 44
224 271 65
224 332 35
225 226 98
225 249 99
225 293 41
225 294 6
226 227 98
226 274 44
226 280 86
226 373 43
226 396 11
227 228 39
227 274 9
227 323 91
227 345 49
227 375 99
227 389 10
227 397 62
228 229 69
228 285 2
228 304 93
228 317 5
228 332 61
228 353 93
229 230 82
229 236 38
229 237 67
229 252 65
229 313 22
229 317 92
229 351 5
229 392 72
230 231 39
230 269 25
230 278 29
230 302 19
230 343 68
230 361 21
230 390 19
231 232 46
231 247 68
231 301 47
231 335 36
231 348 85
231 363 32
232 233 32
232 311 15
232 340 99
232 345 60
232 362 74
232 381 35
232 398 1
232 399 1
233 234 54
233 263 32
233 278 89
233 280 11
234 235 40
234 305 70
234 317 7
234 362 59
234 377 50
235 236 28
235 239 71
235 248 79
235 259 22
235 296 40
235 307 46
235 331 19
236 237 57
236 277 78
236 283 41
236 294 35
236 308 59
236 312 55
236 362 37
236 391 81
236 398 6
237 238 42
237 240 95
237 241 97
237 293 47
237 323 33
238 239 30
238 244 2
238 250 50
238 282 80
238 295 29
238 323 2
238 382 16
238 391 58
239 240 66
239 274 69
239 314 41
239 318 28
239 326 59
239 349 47
240 241 40
240 343 79
240 354 39
241 242 28
241 258 56
241 267 76
241 284 56
241 306 58
241 311 88
241 338 16
241 351 52
242 243 70
242 265 14
242 298 23
242 339 55
243 244 68
243 253 99
243 257 77
243 271 36
243 315 86
243 338 96
243 365 68
243 377 98
244 245 20
244 275 65
244 305 81
244 337 13
244 338 17
244 343 63
244 374 37
245 246 23
245 283 51
245 300 6
245 354 22
245 387 41
246 247 75
246 268 88
246 313 23
247 248 20
247 254 36
247 301 89
247 309 94
247 343 40
248 249 14
248 276 40
248 317 61
248 325 89
248 339 5
248 355 2
248 356 77
248 363 86
249 250 36
249 294 9
249 333 85
249 341 27
249 357 7
249 397 23
250 251 82
250 313 55
250 359 49
250 371 11
250 376 36
250 380 6
250 397 37
251 252 1
251 296 99
251 317 13
251 359 11
251 364 54
252 253 61
252 299 73
252 355 82
252 358 100
252 387 38
252 399 32
253 254 91
253 272 93
253 280 18
253 304 97
253 353 44
253 394 7
254 255 60
254 259 2
254 272 71
254 311 61
254 333 17
255 256 52
255 268 11
255 283 28
255 298 99
255 361 97
255 382 34
256 257 34
256 278 42
256 279 41
256 316 18
256 381 58
256 389 92
257 258 29
257 286 42
257 289 16
257 290 12
257 318 19
257 320 46
257 361 89
257 364 89
257 378 2
258 259 23
258 309 38
259 260 91
259 262 59
259 286 73
259 311 5
260 261 71
260 364 21
260 380 88
261 262 20
261 307 64
261 311 69
261 340 4
261 351 54
261 358 37
261 388 57
262 263 11
262 279 53
262 320 44
262 344 25
263 264 64
263 282 5
263 316 48
263 319 41
263 392 62
264 265 16
264 271 95
264 311 35
264 318 53
264 345 15
264 369 15
264 391 83
264 398 19
265 266 85
265 298 39
265 307 33
265 310 31
265 320 42
265 364 80
265 374 19
265 380 49
265 392 69
266 267 71
266 289 68
266 306 89
266 308 78
266 332 68
266 335 35
266 340 54
266 377 50
266 391 49
267 268 56
267 357 39
267 396 72
268 269 10
268 314 5
268 326 61
268 339 90
268 376 52
268 385 5
268 390 98
269 270 11
269 284 5
269 304 80
269 329 82
269 339 47
269 394 5
270 271 10
270 321 92
271 272 4
271 298 61
271 324 87
271 329 16
271 338 93
271 374 70
272 273 99
272 307 11
272 359 37
272 368 95
273 274 7
273 284 68
273 297 16
273 301 52
273 347 10
274 275 14
274 327 17
275 276 66
275 285 46
275 315 46
275 351 76
275 366 97
275 384 46
275 392 75
276 277 72
276 301 71
276 316 89
276 344 88
276 378 35
277 278 78
277 288 37
277 299 25
277 359 48
277 375 52
277 386 67
277 398 3
278 279 25
278 318 25
278 319 61
278 348 14
278 395 4
279 280 36
279 318 88
279 341 76
279 362 3
279 363 39
280 281 64
280 328 91
280 380 23
281 282 20
281 288 69
281 331 6
282 283 10
282 287 38
282 317 90
282 341 86
282 375 18
282 396 43
283 284 88
283 301 21
283 310 41
283 329 92
283 379 20
284 285 4
284 288 18
284 307 63
284 337 70
284 355 99
284 356 22
284 366 14
284 371 38
284 389 29
285 286 63
285 288 17
285 291 93
285 302 61
285 303 71
285 305 26
285 330 82
285 374 34
286 287 96
286 294 75
286 348 67
286 350 69
286 352 58
286 389 15
286 394 59
287 288 54
287 301 100
287 379 99
288 289 57
288 296 42
288 318 90
288 319 36
288 376 15
288 381 26
289 290 10
289 301 28
289 337 84
289 372 23
289 396 41
289 399 89
290 291 26
290 344 91
290 372 54
290 389 15
291 292 18
291 340 35
292 293 23
292 313 94
293 294 34
293 355 41
294 295 79
294 300 71
294 308 35
294 349 76
294 355 68
294 383 6
295 296 26
295 347 82
295 349 21
295 351 67
295 364 23
296 297 87
296 311 35
296 315 52
296 340 88
297 298 71
297 299 56
297 340 100
297 362 83
297 394 52
298 299 55
298 307 68
298 325 89
298 326 4
298 343 16
298 368 47
299 300 21
299 339 86
300 301 97
300 304 36
300 323 31
300 336 87
301 302 37
301 319 74
301 347 14
301 375 7
302 303 41
302 311 43
302 329 6
302 391 84
302 394 34
303 304 71
303 321 51
303 334 27
303 383 11
304 305 100
304 335 91
304 359 80
304 366 42
304 377 30
304 386 91
305 306 66
305 323 80
305 335 50
305 338 54
306 307 12
306 329 9
306 333 2
306 354 17
306 367 29
306 389 17
307 308 81
307 310 96
307 352 22
307 362 31
307 384 1
308 309 14
308 352 64
308 383 94
308 385 4
309 310 31
309 335 84
309 337 49
309 373 20
309 375 68
309 394 16
309 399 88
310 311 74
310 331 59
310 340 21
310 342 77
310 351 93
311 312 26
311 313 80
311 383 10
311 385 49
312 313 79
312 333 89
312 339 5
312 347 83
312 353 1
312 357 20
312 363 56
312 369 34
312 396 96
312 398 13
313 314 9
313 324 40
313 336 25
313 337 86
314 315 93
314 317 22
314 369 64
314 391 43
315 316 60
315 331 87
315 334 19
315 345 58
316 317 49
316 332 8
316 376 54
317 318 48
317 349 51
317 360 66
317 381 2
317 393 83
317 399 20
318 319 95
318 323 52
318 332 59
318 377 59
319 320 90
319 325 84
319 396 39
320 321 39
320 323 46
320 362 8
321 322 88
321 327 73
321 341 91
321 383 44
322 323 44
322 351 64
322 359 80
322 373 12
323 324 70
323 337 91
324 325 80
324 353 59
325 326 4
325 340 57
325 350 19
325 371 61
325 385 95
325 387 99
326 327 51
326 385 3
326 392 77
327 328 55
327 333 60
327 345 14
328 329 58
328 333 65
328 340 70
328 365 100
328 368 79
328 380 30
329 330 31
329 346 18
329 354 66
329 358 59
329 363 68
330 331 60
330 345 62
330 378 29
331 332 34
331 350 20
331 386 12
331 393 18
332 333 48
332 350 64
333 334 74
333 337 36
333 361 36
333 380 19
333 392 2
334 335 99
334 336 94
334 374 8
334 385 1
335 336 3
335 349 69
336 337 71
336 375 51
336 396 68
337 338 79
337 366 17
338 339 59
338 347 9
339 340 12
339 371 74
339 390 63
340 341 2
340 375 90
340 399 62
341 342 44
342 343 74
342 348 89
342 366 94
342 375 30
342 399 48
343 344 3
343 345 80
343 354 10
344 345 80
344 353 21
344 386 33
345 346 25
345 378 30
345 388 83
345 389 30
346 347 34
346 373 95
347 348 92
347 354 28
347 365 45
347 372 81
348 349 61
348 364 17
348 376 16
349 350 77
349 353 72
350 351 86
350 377 25
351 352 35
351 353 24
351 385 59
352 353 36
352 357 45
352 371 8
352 386 27
353 354 98
354 355 88
354 360 38
354 367 39
354 369 72
354 386 40
354 387 89
355 356 15
355 378 24
356 357 52
356 362 23
357 358 39
357 368 99
357 386 30
357 387 40
358 359 3
358 362 96
358 366 76
359 360 27
360 361 20
360 380 54
360 383 98
361 362 11
361 373 6
361 383 57
362 363 63
362 369 26
362 397 6
363 364 44
363 375 3
363 380 2
364 365 75
364 366 100
364 392 81
365 366 58
365 390 31
366 367 81
366 374 57
366 390 83
367 368 68
367 389 22
368 369 70
369 370 54
369 376 52
370 371 94
370 381 97
370 397 64
371 372 81
371 377 84
371 386 8
372 373 97
372 375 33
372 386 13
373 374 59
374 375 89
374 376 42
375 376 39
375 397 12
376 377 61
377 378 61
378 379 72
378 394 29
378 399 7
379 380 82
379 389 1
380 381 96
380 386 15
380 388 74
381 382 21
382 383 78
383 384 32
384 385 14
384 386 10
385 386 59
386 387 91
387 388 86
387 398 88
388 389 75
388 391 36
388 394 40
388 395 21
389 390 40
390 391 17
390 396 55
391 392 30
392 393 40
393 394 10
394 395 2
395 396 75
396 397 55
397 398 95
398 399 9
399 400 28
