200 786 5 7824
16 86 101 111 126 
1 2 95
1 7 56
1 155 85
1 199 68
1 200 17
2 3 82
2 96 23
2 99 31
2 102 100
2 105 16
2 121 93
2 143 56
2 155 57
2 158 63
3 4 50
3 21 100
3 36 48
3 52 35
3 57 88
3 70 62
3 73 88
3 97 96
3 172 87
3 187 37
4 5 41
4 14 12
4 183 58
4 187 84
5 6 65
5 30 36
5 37 37
5 72 15
5 79 94
5 153 63
5 182 16
6 7 67
6 31 75
6 38 53
6 58 19
6 83 25
6 92 69
6 122 60
6 147 52
7 8 31
7 30 19
7 43 97
7 46 92
7 145 18
7 175 41
8 9 33
8 12 36
8 67 11
8 83 61
8 96 79
8 126 52
9 10 44
9 12 99
9 39 9
9 53 73
9 82 81
9 118 73
9 149 48
9 191 26
9 193 36
10 11 71
10 53 19
10 62 74
10 79 62
10 82 38
10 115 6
10 124 50
10 172 1
11 12 75
11 61 20
11 114 14
11 155 44
11 164 55
12 13 40
12 91 54
12 97 2
12 109 85
12 114 74
12 159 50
12 183 39
13 14 94
13 43 33
13 76 70
13 102 48
13 133 9
13 156 69
13 164 20
14 15 18
14 22 23
14 78 44
14 101 44
14 197 11
15 16 2
15 89 84
15 127 83
15 158 56
15 169 57
15 172 98
16 17 45
16 60 35
16 73 23
16 79 18
16 82 45
16 139 47
16 147 45
16 191 2
17 18 6
17 43 71
17 127 79
17 135 90
18 19 71
18 75 6
18 123 79
18 142 53
19 20 16
19 85 33
19 112 87
19 139 47
19 142 33
19 171 81
19 196 66
20 21 69
20 31 8
20 137 20
20 143 58
21 22 54
21 87 84
21 153 15
21 199 89
22 23 15
22 49 11
22 77 92
22 111 39
22 133 21
22 145 44
23 24 62
23 63 55
23 81 16
23 157 86
24 25 13
24 33 81
24 39 76
24 74 11
24 76 43
24 78 85
24 124 97
24 167 52
24 170 96
24 172 74
24 177 22
24 179 23
25 26 22
25 68 9
25 130 84
25 142 54
25 157 16
25 187 75
25 199 33
26 27 75
26 46 33
26 54 4
26 57 78
26 122 73
27 28 21
27 32 22
27 34 73
27 72 53
27 79 39
27 95 5
27 177 37
27 181 68
28 29 81
28 60 8
28 95 42
28 151 7
28 169 79
28 177 76
29 30 43
29 108 47
29 143 60
29 151 32
29 167 66
29 182 69
30 31 22
30 105 83
30 143 63
30 176 45
31 32 28
32 33 67
32 37 65
32 42 81
32 86 10
33 34 75
33 69 81
33 125 49
33 143 80
34 35 81
34 154 37
34 162 27
34 178 76
35 36 57
35 65 82
35 86 67
35 107 45
35 121 71
35 129 35
35 144 44
36 37 67
36 77 56
36 102 72
36 127 13
36 131 19
36 140 81
36 147 25
36 159 32
36 162 28
36 173 34
37 38 29
37 117 81
37 160 84
37 195 36
38 39 41
38 116 27
38 154 43
38 163 42
38 164 87
38 169 29
38 183 86
39 40 19
39 44 21
39 93 58
39 107 7
39 115 56
39 146 57
39 156 56
40 41 50
40 45 44
40 64 100
40 142 77
40 161 59
40 177 85
41 42 22
41 53 85
41 65 81
41 85 44
41 99 85
41 125 21
41 144 63
42 43 99
42 104 64
42 115 83
42 160 79
43 44 93
43 81 90
43 92 12
43 165 75
44 45 31
44 77 78
44 88 4
44 92 86
44 118 99
44 139 73
44 148 68
44 157 65
45 46 66
45 64 78
45 73 37
45 126 2
46 47 68
46 111 58
46 113 89
46 126 10
46 130 41
46 141 8
46 142 2
46 145 68
46 199 93
47 48 54
47 51 6
47 89 22
47 139 28
47 147 9
47 175 72
48 49 49
48 77 66
48 86 36
48 93 84
48 96 72
48 135 74
49 50 59
49 110 12
50 51 11
50 81 12
50 84 61
50 107 48
50 150 74
50 167 96
50 175 28
51 52 39
51 77 27
51 110 81
51 117 73
51 138 16
51 186 100
51 197 68
52 53 4
52 73 32
52 154 11
52 163 80
52 174 23
53 54 76
53 98 25
53 101 15
53 156 95
53 164 58
54 55 99
54 58 10
54 70 37
54 102 10
54 150 49
54 151 52
54 173 12
55 56 15
55 62 68
55 82 77
55 85 2
55 194 60
56 57 79
56 97 3
57 58 22
57 83 32
57 86 46
57 116 97
58 59 72
58 103 67
58 104 87
58 154 89
59 60 19
59 61 42
59 75 51
59 96 17
59 138 29
59 145 91
59 165 23
60 61 52
60 83 63
60 190 26
61 62 20
61 93 79
61 112 88
61 128 97
61 132 93
62 63 49
62 98 100
62 117 71
62 199 78
63 64 79
63 112 95
63 160 92
64 65 74
64 76 44
64 82 34
64 83 39
64 123 36
64 140 57
64 156 26
64 157 67
64 166 56
64 178 50
64 180 15
65 66 25
65 139 73
65 158 66
65 163 97
66 67 65
66 83 45
66 108 73
66 143 36
66 145 60
67 68 31
67 106 97
67 124 68
67 156 94
67 179 27
68 69 73
68 87 61
68 153 46
69 70 69
69 134 37
69 181 100
69 192 82
70 71 22
70 122 68
70 138 17
71 72 70
71 81 66
71 160 36
71 172 56
72 73 21
72 98 55
72 127 68
72 134 69
72 171 9
72 190 81
73 74 70
73 80 21
73 138 95
73 139 59
73 165 94
73 168 1
74 75 29
74 79 42
74 80 94
74 88 60
74 98 66
74 140 70
75 76 9
75 111 58
75 120 54
75 144 69
76 77 3
76 138 4
76 176 80
77 78 87
77 116 65
77 139 22
77 146 76
77 158 25
77 177 38
77 187 60
78 79 65
78 82 13
78 104 39
78 161 21
78 186 69
78 190 13
79 80 81
79 156 91
80 81 64
80 106 36
80 187 1
80 194 29
81 82 13
81 89 65
81 99 10
81 106 58
81 116 64
81 144 93
81 170 18
81 184 11
82 83 27
82 127 18
82 192 70
83 84 71
83 127 51
84 85 80
84 111 52
84 115 26
84 128 42
84 130 79
84 162 37
84 166 85
84 198 33
85 86 27
85 112 87
85 114 64
85 144 65
85 189 80
85 194 54
86 87 1
86 95 56
86 136 54
86 158 22
86 166 35
86 178 10
87 88 22
87 102 87
87 142 39
87 165 32
87 171 65
88 89 81
88 133 27
88 173 61
89 90 7
89 108 79
89 166 81
89 198 27
90 91 56
90 146 19
90 186 3
90 198 35
91 92 47
91 99 37
91 110 92
92 93 27
92 114 44
92 129 6
92 165 72
92 176 85
92 181 63
93 94 29
93 156 47
93 171 33
93 197 79
94 95 28
94 113 15
94 114 29
94 120 40
94 128 23
94 164 24
94 167 48
95 96 35
95 146 51
95 148 26
95 155 54
95 172 41
96 97 94
96 107 29
96 124 52
96 142 43
96 184 64
96 196 83
97 98 48
97 114 90
97 178 94
98 99 34
98 114 58
98 117 9
98 134 11
98 158 15
98 171 61
98 195 96
99 100 44
99 138 54
99 161 13
99 167 97
99 178 56
100 101 4
100 113 17
100 186 18
100 187 55
100 195 5
101 102 28
101 106 1
101 116 5
101 164 75
101 184 99
101 190 56
102 103 93
102 160 28
103 104 63
103 145 17
103 165 6
103 173 34
103 175 14
104 105 17
104 110 59
104 111 69
104 147 76
104 168 36
104 172 42
104 176 2
104 178 68
105 106 60
105 136 14
105 149 57
105 156 94
106 107 42
106 113 11
106 136 7
106 149 90
106 152 38
106 163 12
107 108 76
107 133 35
107 142 40
108 109 76
108 140 51
108 141 78
108 153 98
109 110 93
109 130 50
109 138 57
109 155 82
109 169 4
110 111 1
110 157 1
110 173 2
110 179 94
111 112 33
111 156 7
111 157 63
111 158 85
111 167 48
111 169 19
112 113 83
112 136 43
112 143 23
113 114 60
113 144 94
113 154 59
113 166 26
114 115 63
114 154 20
115 116 46
115 136 60
116 117 21
116 123 31
116 149 86
116 185 14
117 118 83
117 188 31
118 119 38
118 133 68
119 120 11
119 131 95
119 158 88
120 121 21
120 170 29
120 180 86
120 197 51
121 122 100
121 133 21
121 158 61
121 169 26
122 123 98
122 160 6
122 177 34
122 192 67
123 124 86
123 142 10
123 155 25
123 169 36
123 181 20
123 196 32
124 125 14
124 129 67
124 168 15
125 126 95
125 192 5
126 127 16
126 134 79
126 164 95
126 176 3
126 186 48
127 128 89
127 132 10
127 135 48
127 150 85
128 129 41
128 179 84
129 130 71
129 163 100
130 131 83
130 133 91
130 171 95
131 132 11
131 156 99
132 133 84
132 150 60
132 178 92
133 134 39
133 141 94
134 135 19
135 136 16
136 137 21
136 161 91
136 172 24
137 138 96
137 172 40
137 187 47
138 139 33
138 167 68
139 140 45
140 141 21
141 142 15
141 152 29
141 159 83
142 143 50
142 179 38
143 144 1
144 145 26
144 150 86
145 146 5
146 147 73
146 193 87
147 148 71
147 156 29
147 170 45
148 149 55
148 188 15
149 150 10
150 151 28
151 152 95
151 195 67
152 153 14
152 159 5
152 196 50
152 197 65
153 154 59
154 155 62
154 158 72
155 156 81
155 195 99
155 199 45
156 157 73
156 173 12
156 186 29
156 199 4
157 158 56
158 159 64
158 176 97
159 160 76
160 161 88
160 163 26
160 180 100
161 162 100
161 194 8
162 163 65
162 174 87
162 177 13
163 164 22
164 165 71
164 169 1
165 166 8
166 167 89
166 172 7
166 188 47
167 168 94
167 175 62
167 193 67
167 195 41
168 169 58
168 172 92
168 199 91
169 170 95
169 172 10
170 171 28
171 172 55
171 178 60
171 197 48
172 173 87
172 177 83
172 182 46
173 174 79
174 175 31
175 176 23
175 180 54
176 177 61
176 180 7
177 178 56
178 179 22
178 193 1
179 180 70
179 191 5
180 181 54
180 186 39
180 195 80
181 182 79
182 183 3
183 184 83
183 198 55
184 185 39
185 186 77
186 187 26
187 188 24
187 193 17
188 189 5
189 190 70
189 193 98
189 197 99
190 191 27
190 195 55
191 192 64
192 193 79
193 194 8
194 195 88
195 196 33
196 197 37
197 198 5
198 199 55
199 200 68
