100 196 20 3034
1 5 7 9 13 22 26 34 38 50 55 60 66 72 77 83 87 91 93 96 
1 2 45
1 62 89
1 100 10
2 3 23
2 31 46
2 69 97
2 96 33
3 4 96
3 11 71
3 12 68
3 14 62
4 5 59
4 55 57
5 6 24
6 7 78
7 8 24
7 12 91
7 32 67
7 43 56
7 70 38
8 9 70
8 22 56
8 73 9
8 83 67
8 98 38
9 10 17
9 24 68
9 85 3
9 88 59
10 11 66
10 91 86
11 12 93
11 94 93
12 13 31
12 62 70
13 14 67
13 19 60
14 15 89
14 23 63
15 16 93
15 22 31
15 89 31
16 17 22
16 27 24
17 18 83
17 44 76
17 57 76
17 92 55
18 19 83
18 22 28
19 20 89
19 55 48
19 98 62
19 99 24
20 21 59
20 48 63
20 89 57
21 22 11
21 43 20
21 77 74
22 23 85
22 36 67
22 54 53
22 81 24
23 24 24
23 26 62
23 43 70
23 78 64
23 89 77
24 25 94
24 66 48
24 76 48
25 26 79
26 27 3
26 29 36
26 54 61
26 58 22
26 66 96
26 77 36
27 28 53
27 32 33
28 29 62
29 30 36
30 31 77
31 32 14
31 81 71
32 33 65
33 34 13
34 35 72
34 46 12
34 64 54
35 36 44
36 37 84
37 38 17
38 39 11
38 52 81
38 89 18
39 40 98
39 63 57
39 97 57
40 41 70
40 55 7
41 42 80
42 43 61
42 83 99
43 44 35
44 45 5
44 55 31
44 90 31
45 46 51
46 47 35
46 90 49
47 48 15
47 52 35
47 69 75
48 49 8
48 88 58
48 89 58
48 96 8
49 50 43
50 51 19
51 52 63
52 53 46
52 87 33
53 54 97
54 55 73
54 93 98
55 56 23
55 90 80
55 99 10
56 57 87
57 58 37
57 71 60
57 92 80
58 59 15
58 68 18
59 60 28
60 61 9
61 62 78
61 88 73
62 63 42
62 72 70
62 95 70
63 64 92
63 86 45
64 65 81
64 91 33
65 66 82
66 67 30
67 68 67
67 77 84
68 69 88
68 88 87
69 70 54
69 74 68
69 87 18
70 71 76
71 72 16
71 77 99
72 73 60
72 88 37
73 74 95
73 95 96
74 75 10
74 77 27
74 94 54
75 76 86
76 77 19
76 98 14
77 78 9
78 79 82
78 87 77
79 80 94
80 81 6
81 82 72
81 86 76
81 89 91
82 83 84
83 84 41
84 85 80
85 86 31
86 87 29
87 88 24
88 89 76
88 95 83
89 90 84
90 91 35
91 92 71
92 93 28
93 94 57
94 95 76
95 96 50
96 97 25
97 98 92
98 99 44
99 100 46
