500 4903 50 4619
21 34 42 47 49 53 54 56 72 79 81 84 115 136 142 151 165 170 184 204 231 241 307 310 312 314 318 323 343 347 357 359 376 378 379 386 388 400 402 409 413 450 454 458 460 472 481 482 483 490 
1 2 81
1 144 10
1 168 32
1 187 38
1 188 38
1 197 55
1 214 75
1 230 34
1 277 87
1 344 65
1 358 64
1 390 78
1 393 70
1 407 38
1 471 77
1 475 60
1 477 8
1 500 58
2 3 10
2 12 19
2 29 71
2 81 81
2 136 1
2 188 43
2 213 48
2 250 75
2 257 51
2 264 52
2 285 62
2 310 87
2 345 53
2 420 60
2 461 5
3 4 51
3 12 83
3 32 56
3 67 33
3 73 96
3 111 11
3 128 57
3 134 39
3 136 86
3 145 43
3 163 67
3 184 63
3 195 90
3 203 76
3 264 19
3 266 48
3 355 42
3 359 82
3 369 30
3 419 32
3 427 30
3 434 5
3 468 78
3 499 4
4 5 12
4 7 74
4 43 33
4 80 71
4 82 50
4 122 44
4 189 47
4 228 8
4 245 88
4 250 54
4 262 54
4 301 60
4 328 1
4 332 27
4 342 13
4 350 21
4 397 100
4 442 14
5 6 34
5 120 14
5 127 72
5 184 100
5 185 36
5 194 43
5 244 96
5 357 31
5 360 61
5 385 39
5 402 10
5 405 1
5 427 37
5 473 87
5 481 21
6 7 88
6 10 60
6 50 84
6 106 75
6 135 16
6 144 75
6 167 3
6 175 52
6 217 1
6 241 21
6 283 52
6 294 62
6 305 67
6 368 28
6 385 59
6 396 87
6 403 33
6 416 24
6 436 18
6 452 85
6 494 82
7 8 93
7 17 31
7 47 41
7 52 92
7 102 64
7 157 16
7 207 34
7 210 65
7 243 83
7 282 54
7 343 85
7 463 36
7 484 24
7 486 72
8 9 35
8 36 17
8 43 24
8 46 75
8 90 46
8 127 62
8 168 46
8 173 97
8 175 35
8 176 51
8 184 31
8 189 78
8 209 92
8 228 12
8 266 15
8 333 82
8 340 27
8 368 11
8 408 63
8 420 87
8 447 26
8 456 67
9 10 76
9 38 2
9 44 85
9 49 49
9 62 52
9 101 87
9 157 92
9 165 52
9 243 50
9 245 49
9 287 38
9 302 58
9 354 7
9 360 50
9 407 93
9 458 79
10 11 59
10 12 72
10 59 44
10 117 37
10 145 67
10 211 52
10 220 28
10 232 92
10 337 56
10 353 17
10 357 30
10 360 50
10 363 91
10 380 41
10 385 33
10 444 61
10 468 92
11 12 14
11 17 12
11 33 28
11 76 39
11 128 35
11 141 38
11 165 74
11 178 98
11 189 2
11 194 27
11 219 14
11 289 99
11 300 49
11 345 1
11 373 73
11 417 33
11 494 70
12 13 12
12 37 37
12 69 37
12 195 51
12 217 89
12 223 28
12 235 24
12 236 76
12 250 33
12 251 16
12 283 35
12 295 3
12 300 54
12 320 72
12 362 36
12 403 74
12 419 77
12 424 24
12 435 35
12 445 32
12 472 59
12 480 27
13 14 50
13 20 9
13 81 63
13 83 96
13 112 44
13 129 100
13 136 94
13 146 31
13 178 62
13 188 2
13 237 66
13 254 76
13 273 37
13 302 20
13 367 80
13 392 55
13 393 31
13 402 80
13 409 81
13 416 24
13 441 23
13 450 81
14 15 48
14 44 75
14 49 82
14 66 84
14 152 53
14 180 81
14 204 6
14 207 93
14 229 48
14 244 66
14 287 2
14 303 16
14 360 15
14 391 54
14 451 18
14 481 4
15 16 82
15 21 22
15 89 96
15 116 16
15 159 33
15 177 49
15 184 23
15 230 61
15 327 100
15 363 91
15 407 16
15 430 89
15 449 71
15 479 95
15 481 32
16 17 2
16 43 69
16 47 60
16 84 51
16 109 18
16 161 89
16 166 72
16 176 95
16 233 47
16 245 32
16 283 50
16 311 16
16 344 1
16 357 73
16 363 52
16 368 18
16 376 76
16 379 72
16 380 97
16 388 37
16 403 38
16 452 29
16 460 39
17 18 98
17 56 24
17 82 53
17 148 19
17 160 77
17 174 71
17 181 90
17 207 63
17 242 8
17 289 27
17 304 16
17 328 9
17 351 76
17 372 76
17 398 51
17 450 20
17 468 27
18 19 53
18 58 61
18 72 84
18 109 13
18 148 91
18 170 26
18 178 9
18 186 79
18 218 69
18 245 86
18 283 1
18 288 87
18 293 76
18 295 52
18 320 79
18 333 83
18 395 44
18 440 24
18 466 28
18 475 84
18 481 80
18 488 49
18 496 19
19 20 56
19 47 99
19 92 56
19 100 5
19 111 85
19 124 93
19 176 48
19 211 92
19 219 67
19 237 48
19 242 25
19 339 69
19 363 25
19 373 2
19 376 1
19 383 77
19 393 82
19 407 62
19 418 35
19 493 16
20 21 1
20 77 34
20 114 9
20 120 93
20 126 15
20 205 41
20 220 28
20 249 62
20 294 55
20 309 52
20 335 63
20 392 53
20 405 89
20 432 41
20 449 98
20 495 58
21 22 61
21 33 93
21 66 71
21 75 58
21 78 82
21 96 66
21 106 54
21 118 25
21 151 73
21 164 3
21 197 8
21 198 32
21 207 14
21 232 54
21 284 80
21 303 89
21 306 69
21 365 35
21 385 22
21 388 52
21 410 25
21 413 93
21 450 69
21 493 90
22 23 56
22 88 73
22 98 75
22 135 16
22 164 13
22 165 24
22 178 81
22 188 5
22 247 88
22 289 9
22 294 55
22 304 80
22 324 77
22 353 78
22 405 40
22 435 32
22 445 69
22 499 96
23 24 63
23 27 78
23 68 28
23 112 62
23 123 45
23 177 69
23 206 3
23 244 81
23 249 60
23 257 95
23 388 3
23 393 25
23 461 6
24 25 95
24 118 11
24 133 41
24 157 12
24 194 43
24 232 13
24 271 19
24 285 58
24 314 75
24 337 34
24 343 5
24 377 80
24 392 60
24 396 11
24 414 88
24 425 55
24 459 42
24 466 98
25 26 6
25 47 96
25 63 90
25 103 57
25 162 80
25 183 71
25 352 66
25 364 33
25 390 87
25 402 37
25 409 45
25 445 53
25 446 50
25 474 96
25 493 30
25 494 84
25 498 19
26 27 77
26 100 44
26 169 85
26 172 15
26 215 62
26 228 36
26 248 29
26 267 21
26 320 33
26 336 57
26 349 41
26 375 57
26 384 91
26 424 20
26 427 35
26 442 94
26 445 54
26 460 4
26 467 25
26 476 59
26 483 45
27 28 75
27 39 90
27 44 66
27 101 12
27 102 80
27 107 6
27 122 68
27 130 77
27 138 20
27 143 1
27 171 14
27 216 28
27 250 4
27 297 46
27 343 43
27 347 45
27 369 85
27 485 87
28 29 20
28 48 45
28 69 43
28 75 34
28 84 22
28 101 17
28 104 15
28 128 21
28 133 36
28 148 66
28 163 99
28 176 91
28 256 9
28 293 50
28 339 44
28 364 28
28 380 44
28 409 6
28 426 87
28 439 17
28 459 48
28 462 33
28 468 48
28 481 76
29 30 68
29 43 75
29 75 58
29 76 54
29 187 44
29 191 80
29 225 30
29 227 43
29 244 100
29 262 10
29 339 93
29 388 95
29 454 4
29 462 5
29 468 20
29 499 95
30 31 27
30 49 32
30 53 66
30 76 99
30 92 49
30 130 46
30 195 95
30 210 36
30 218 32
30 222 52
30 255 45
30 366 72
30 461 77
31 32 47
31 65 42
31 91 36
31 94 61
31 97 8
31 109 50
31 115 21
31 119 72
31 128 74
31 189 86
31 226 38
31 231 84
31 261 78
31 273 9
31 294 59
31 325 84
31 350 93
31 422 78
31 436 89
31 470 38
32 33 32
32 49 69
32 54 68
32 65 74
32 128 48
32 143 53
32 149 33
32 222 27
32 253 27
32 337 95
32 365 14
32 381 76
32 432 87
32 455 62
32 460 35
32 490 86
33 34 45
33 53 68
33 73 86
33 77 83
33 82 68
33 93 22
33 124 93
33 169 9
33 232 50
33 233 63
33 316 67
33 338 44
33 348 69
33 351 26
33 414 42
33 419 65
33 437 26
33 489 22
34 35 62
34 69 66
34 161 92
34 194 75
34 212 3
34 248 12
34 251 90
34 306 95
34 323 7
34 345 37
34 364 7
34 389 19
34 390 50
34 405 6
34 416 93
34 444 45
34 483 83
35 36 80
35 108 66
35 111 88
35 147 32
35 182 18
35 185 39
35 188 52
35 198 9
35 214 97
35 222 96
35 289 78
35 379 85
35 399 43
35 421 94
35 432 21
35 450 30
35 462 69
35 487 13
36 37 16
36 77 70
36 79 85
36 106 39
36 114 35
36 163 72
36 184 6
36 279 26
36 283 73
36 287 80
36 318 87
36 386 57
36 440 55
37 38 72
37 57 10
37 71 85
37 110 48
37 172 72
37 196 25
37 210 15
37 230 100
37 259 92
37 262 84
37 267 74
37 286 45
37 293 44
37 298 67
37 302 61
37 316 69
37 317 71
37 339 31
37 355 53
37 415 15
37 417 46
37 447 13
37 485 77
38 39 81
38 53 30
38 67 82
38 136 70
38 139 54
38 140 74
38 147 27
38 176 56
38 177 65
38 199 23
38 218 90
38 334 61
38 401 5
38 409 57
38 418 76
38 442 76
38 452 99
38 478 10
38 479 5
38 498 60
39 40 49
39 55 75
39 112 57
39 165 16
39 190 21
39 253 93
39 272 83
39 285 57
39 300 33
39 412 64
39 452 73
39 467 27
40 41 52
40 58 43
40 63 49
40 123 73
40 126 2
40 168 79
40 169 27
40 170 53
40 185 12
40 233 27
40 323 75
40 363 91
40 376 10
40 384 71
40 391 93
40 419 34
40 446 20
40 447 49
40 466 13
40 468 66
40 486 75
41 42 67
41 65 18
41 84 18
41 100 14
41 154 94
41 187 58
41 232 17
41 255 81
41 280 36
41 314 43
41 315 80
41 401 57
41 416 14
41 418 74
41 425 21
41 429 22
41 437 33
41 456 79
41 489 91
41 493 28
42 43 40
42 89 41
42 101 4
42 103 13
42 121 4
42 122 35
42 194 49
42 219 3
42 255 79
42 306 50
42 319 80
42 353 26
42 402 84
42 404 20
42 417 28
42 422 70
42 444 80
42 469 62
43 44 6
43 127 53
43 136 99
43 142 53
43 249 59
43 296 52
43 313 99
43 325 60
43 464 51
43 477 6
43 493 17
44 45 88
44 54 8
44 80 66
44 85 99
44 89 84
44 114 16
44 117 84
44 118 41
44 165 97
44 226 64
44 270 75
44 272 56
44 279 94
44 284 59
44 299 85
44 301 40
44 304 11
44 386 71
44 433 14
44 434 18
44 471 88
44 498 86
45 46 84
45 50 16
45 81 71
45 85 21
45 109 54
45 154 52
45 211 91
45 213 90
45 232 40
45 253 77
45 255 40
45 326 75
45 391 86
45 397 1
45 403 53
45 408 36
45 417 93
45 424 98
45 428 48
45 430 34
45 487 4
46 47 16
46 106 93
46 164 87
46 216 20
46 250 66
46 283 26
46 295 14
46 314 60
46 333 46
46 370 86
46 441 85
46 452 70
46 468 82
46 496 56
47 48 80
47 59 32
47 78 67
47 194 40
47 203 17
47 221 73
47 239 13
47 265 20
47 271 94
47 279 11
47 280 64
47 293 96
47 296 13
47 391 87
47 422 17
47 446 31
47 448 64
47 461 64
47 465 24
47 467 61
47 482 19
48 49 50
48 77 67
48 94 23
48 104 38
48 106 27
48 125 11
48 151 12
48 174 46
48 199 3
48 238 80
48 246 25
48 289 90
48 313 71
48 339 58
48 370 34
48 385 88
48 392 76
48 437 4
48 438 97
48 439 85
48 462 30
48 472 41
49 50 7
49 147 79
49 151 17
49 160 66
49 171 83
49 230 27
49 240 36
49 277 66
49 284 8
49 286 65
49 297 98
49 307 52
49 311 62
49 370 17
49 464 52
49 489 11
50 51 100
50 53 71
50 80 65
50 141 55
50 147 89
50 232 94
50 241 61
50 276 86
50 294 15
50 329 7
50 336 82
50 385 78
50 412 34
50 428 57
50 453 29
50 463 52
50 499 45
51 52 94
51 105 65
51 144 19
51 171 85
51 179 71
51 192 44
51 228 94
51 261 69
51 282 44
51 288 72
51 381 8
51 395 33
51 439 57
51 441 76
51 446 69
51 465 3
51 466 16
51 488 78
52 53 24
52 72 6
52 73 8
52 79 27
52 88 98
52 90 65
52 98 64
52 102 97
52 163 100
52 191 50
52 193 68
52 210 28
52 233 79
52 329 13
52 370 72
52 383 23
52 386 82
52 458 9
52 475 8
52 476 85
53 54 78
53 60 28
53 71 90
53 82 49
53 84 55
53 97 19
53 130 9
53 151 93
53 155 29
53 162 78
53 180 47
53 186 1
53 198 10
53 230 53
53 268 77
53 337 31
53 346 19
53 375 31
53 382 9
53 384 56
53 436 53
54 55 14
54 56 8
54 97 83
54 128 44
54 174 63
54 176 67
54 266 2
54 324 92
54 329 69
54 330 32
54 331 91
54 344 13
54 345 55
54 401 15
54 465 6
54 476 62
55 56 2
55 81 100
55 98 55
55 99 63
55 121 7
55 290 49
55 333 31
55 387 21
55 388 86
55 434 40
55 448 15
55 457 20
56 57 48
56 80 31
56 82 7
56 93 12
56 237 7
56 251 76
56 373 72
56 382 43
56 401 14
57 58 14
57 76 40
57 109 74
57 175 18
57 188 46
57 238 27
57 281 50
57 346 67
57 366 60
57 389 63
57 440 14
58 59 58
58 75 35
58 88 73
58 103 84
58 131 3
58 173 62
58 177 31
58 186 97
58 192 22
58 204 1
58 215 29
58 220 10
58 251 57
58 278 95
58 316 25
58 321 67
58 332 50
58 338 41
58 401 3
58 402 33
58 405 35
58 406 100
58 412 76
58 452 34
58 456 72
58 459 18
58 469 39
58 482 88
59 60 76
59 211 87
59 246 83
59 252 21
59 282 16
59 475 53
60 61 45
60 72 5
60 107 70
60 131 27
60 169 49
60 172 80
60 179 98
60 182 24
60 245 89
60 254 86
60 255 71
60 268 6
60 305 79
60 340 93
60 389 22
60 390 91
60 401 5
60 428 74
60 468 61
60 474 5
61 62 67
61 69 24
61 103 55
61 201 62
61 253 80
61 297 91
61 386 16
61 415 40
61 424 16
61 466 54
61 472 68
61 493 58
61 494 74
62 63 63
62 79 83
62 93 91
62 101 42
62 141 86
62 165 97
62 176 45
62 266 46
62 281 60
62 316 43
62 339 25
62 346 86
62 354 4
62 355 33
62 424 43
62 434 50
62 469 96
62 478 80
63 64 97
63 121 64
63 126 74
63 263 75
63 305 42
63 336 90
63 340 50
63 372 43
63 381 8
63 444 39
63 451 54
63 495 47
64 65 86
64 126 47
64 206 91
64 277 80
64 282 63
64 314 44
64 335 51
64 348 95
64 419 94
64 426 26
64 467 99
64 494 41
65 66 1
65 90 31
65 120 17
65 142 58
65 221 24
65 231 85
65 245 38
65 253 68
65 302 88
65 313 85
65 329 82
65 340 26
65 347 39
65 351 73
65 374 28
65 411 54
65 453 17
65 455 72
66 67 70
66 105 5
66 173 62
66 194 52
66 210 32
66 306 65
66 308 76
66 343 29
66 365 79
66 370 93
66 406 62
66 468 83
66 470 36
66 475 73
67 68 84
67 96 14
67 109 34
67 192 83
67 213 59
67 222 6
67 230 73
67 232 16
67 235 17
67 255 2
67 271 7
67 282 56
67 316 61
67 373 24
67 387 14
67 393 34
67 458 1
67 483 8
67 494 30
68 69 56
68 78 80
68 116 27
68 118 71
68 120 92
68 154 94
68 211 51
68 267 65
68 288 39
68 290 91
68 318 28
68 350 41
68 421 41
68 457 19
68 459 85
68 468 9
68 486 31
68 493 13
69 70 70
69 146 99
69 158 28
69 249 32
69 257 64
69 273 86
69 296 71
69 313 86
69 316 12
69 322 81
69 325 82
69 330 30
69 342 15
69 377 42
69 450 32
69 477 6
69 484 95
70 71 94
70 100 76
70 119 56
70 141 41
70 163 21
70 176 29
70 291 89
70 341 5
70 346 72
70 347 23
70 376 38
70 381 75
70 467 96
70 478 31
71 72 36
71 78 76
71 105 50
71 128 13
71 134 59
71 152 90
71 231 25
71 327 24
71 328 65
71 370 8
71 393 40
71 409 8
71 417 28
71 469 76
71 473 26
71 475 44
71 477 20
72 73 11
72 128 2
72 156 7
72 176 54
72 222 99
72 246 98
72 269 86
72 271 3
72 330 2
72 338 66
72 341 36
72 402 75
72 406 10
72 428 3
72 459 49
72 490 19
72 497 63
73 74 59
73 183 92
73 204 88
73 207 40
73 255 46
73 264 57
73 272 2
73 274 7
73 293 77
73 376 31
73 396 68
73 400 25
73 420 9
73 452 42
73 495 10
74 75 83
74 76 16
74 85 95
74 89 52
74 97 4
74 113 96
74 127 88
74 144 31
74 164 52
74 170 20
74 197 98
74 204 82
74 209 36
74 235 11
74 266 55
74 268 57
74 330 91
74 332 47
74 348 95
74 395 47
74 418 15
74 430 64
74 439 4
74 464 49
74 477 95
74 488 54
75 76 37
75 86 46
75 117 5
75 118 84
75 125 79
75 149 86
75 152 28
75 191 93
75 198 55
75 225 3
75 285 60
75 319 85
75 337 10
75 390 37
75 393 66
75 413 60
75 435 52
75 450 89
76 77 63
76 105 53
76 106 71
76 174 66
76 195 100
76 228 27
76 259 89
76 264 87
76 354 67
76 359 9
76 362 100
76 412 83
76 423 82
76 455 68
76 488 1
77 78 52
77 89 55
77 100 53
77 103 62
77 138 2
77 156 17
77 161 66
77 184 90
77 185 3
77 221 72
77 266 10
77 290 38
77 304 25
77 345 22
77 355 87
77 369 87
77 378 2
77 431 25
77 452 52
77 498 65
77 499 31
78 79 97
78 146 51
78 165 99
78 196 57
78 209 61
78 253 85
78 261 64
78 277 91
78 283 7
78 286 63
78 400 24
78 467 48
78 480 61
78 481 33
79 80 10
79 107 3
79 112 71
79 113 48
79 128 83
79 152 50
79 198 35
79 210 85
79 213 90
79 217 4
79 287 98
79 293 62
79 298 63
79 313 41
79 352 99
79 364 93
79 450 9
79 455 20
80 81 52
80 161 100
80 168 56
80 196 22
80 260 50
80 360 36
80 377 29
80 386 37
80 394 47
80 403 41
80 413 30
80 424 71
80 426 19
81 82 90
81 91 42
81 95 95
81 98 78
81 110 95
81 111 23
81 116 72
81 118 78
81 172 47
81 191 15
81 222 23
81 259 13
81 278 70
81 290 20
81 299 48
81 310 61
81 323 44
81 332 81
81 339 74
81 362 17
81 389 38
81 399 3
81 422 83
81 478 64
82 83 59
82 93 97
82 94 27
82 116 32
82 123 60
82 135 35
82 154 20
82 155 24
82 189 72
82 231 31
82 280 90
82 315 50
82 398 72
82 425 52
82 462 79
82 470 4
82 473 96
82 475 89
82 484 69
83 84 15
83 110 28
83 134 76
83 145 23
83 148 4
83 219 62
83 243 51
83 265 50
83 307 35
83 321 91
83 323 21
83 325 24
83 336 79
83 348 30
83 355 17
83 371 18
83 378 64
83 435 40
83 444 76
83 469 62
84 85 61
84 121 92
84 134 34
84 144 68
84 146 40
84 147 46
84 165 35
84 168 95
84 196 65
84 199 3
84 243 18
84 253 33
84 292 12
84 305 98
84 313 38
84 342 17
84 408 62
84 426 51
84 432 58
84 439 80
84 459 4
84 493 61
85 86 93
85 132 19
85 151 5
85 173 9
85 200 29
85 222 28
85 227 84
85 244 30
85 265 68
85 297 37
85 302 65
85 304 58
85 447 94
85 450 37
85 455 66
85 486 33
86 87 28
86 94 46
86 101 46
86 113 34
86 125 100
86 160 72
86 179 82
86 210 51
86 246 51
86 280 50
86 316 88
86 357 13
86 406 87
86 441 92
86 486 81
87 88 30
87 145 31
87 237 22
87 242 53
87 243 27
87 246 22
87 249 17
87 251 65
87 335 5
87 338 71
87 435 49
87 441 75
87 448 33
88 89 99
88 101 62
88 128 87
88 142 23
88 145 49
88 154 65
88 165 19
88 196 31
88 205 92
88 210 80
88 211 58
88 218 25
88 308 28
88 369 45
88 381 20
88 382 44
88 446 36
88 477 40
89 90 70
89 100 39
89 153 40
89 212 69
89 285 85
89 330 14
89 379 13
89 483 70
89 497 21
90 91 75
90 101 53
90 165 65
90 171 91
90 214 24
90 221 5
90 228 56
90 314 38
90 322 9
90 351 11
90 385 15
90 398 64
90 424 99
90 425 81
90 462 91
91 92 11
91 95 70
91 102 34
91 139 60
91 145 43
91 147 63
91 167 61
91 168 13
91 236 44
91 243 35
91 282 82
91 312 43
91 321 32
91 357 12
91 378 76
91 399 58
91 454 58
92 93 61
92 116 64
92 142 85
92 149 92
92 161 15
92 179 62
92 227 70
92 240 65
92 296 78
92 303 61
92 329 40
92 392 47
92 416 30
92 459 67
92 477 65
93 94 27
93 103 16
93 112 54
93 133 32
93 287 32
93 298 74
93 331 89
93 351 50
93 355 16
93 377 60
93 391 12
93 418 40
93 441 7
93 449 95
94 95 27
94 105 63
94 175 18
94 177 72
94 192 54
94 197 52
94 203 54
94 237 2
94 243 87
94 260 35
94 306 20
94 313 72
94 374 22
94 418 10
95 96 24
95 102 34
95 106 75
95 210 59
95 223 82
95 252 37
95 261 60
95 263 14
95 288 87
95 304 7
95 339 75
95 351 6
95 395 16
95 402 2
95 427 7
95 487 17
96 97 16
96 167 76
96 174 38
96 206 23
96 274 61
96 276 71
96 294 71
96 307 73
96 320 20
96 341 52
96 345 95
96 371 14
96 393 22
96 416 87
96 440 9
96 465 86
97 98 53
97 150 79
97 153 52
97 195 14
97 205 25
97 215 21
97 218 18
97 260 28
97 335 59
97 400 7
97 469 57
97 491 69
98 99 78
98 101 1
98 117 23
98 133 76
98 265 75
98 290 55
98 367 66
98 370 73
98 427 74
98 457 94
98 464 77
98 489 23
99 100 10
99 175 89
99 194 96
99 340 78
99 363 61
99 391 33
99 396 47
99 413 3
99 450 85
99 451 1
100 101 33
100 106 2
100 132 35
100 156 18
100 175 27
100 223 55
100 292 50
100 304 86
100 352 98
100 355 47
100 411 56
100 424 58
100 446 40
100 456 87
100 469 58
100 485 13
100 487 27
101 102 47
101 155 73
101 175 53
101 187 48
101 192 12
101 234 8
101 385 69
101 392 33
101 415 55
101 421 30
101 450 16
101 453 43
101 455 1
101 464 71
101 473 21
101 477 80
102 103 98
102 126 27
102 142 9
102 158 33
102 172 49
102 195 83
102 229 40
102 281 15
102 319 33
102 350 57
102 357 12
102 394 5
102 403 30
102 448 100
103 104 3
103 106 52
103 118 62
103 146 47
103 163 69
103 181 76
103 219 58
103 281 92
103 312 61
103 313 97
103 339 29
103 341 80
103 343 79
103 439 81
103 447 60
104 105 100
104 145 87
104 172 89
104 174 19
104 178 53
104 202 12
104 212 73
104 238 68
104 292 64
104 294 90
104 299 9
104 331 68
104 348 66
104 390 31
104 423 89
104 439 16
105 106 48
105 184 59
105 225 64
105 252 6
105 294 53
105 314 11
105 343 22
105 374 90
105 387 32
105 407 85
105 408 35
105 429 34
106 107 8
106 118 24
106 163 11
106 165 31
106 207 14
106 231 7
106 239 26
106 303 92
106 337 45
106 344 28
106 388 31
106 442 83
106 456 85
106 458 64
106 488 95
107 108 32
107 126 31
107 140 83
107 156 45
107 191 50
107 201 47
107 208 19
107 282 9
107 292 29
107 311 13
107 322 75
107 348 35
107 425 12
107 497 41
108 109 61
108 113 77
108 170 8
108 175 42
108 209 83
108 217 99
108 224 94
108 229 4
108 292 2
108 313 78
108 324 87
108 382 64
108 434 61
108 457 13
108 493 12
109 110 19
109 208 80
109 307 47
109 328 21
109 341 11
109 351 97
109 401 15
109 488 95
109 493 30
110 111 14
110 134 100
110 137 78
110 139 38
110 142 74
110 198 29
110 213 29
110 214 74
110 251 91
110 261 65
110 264 87
110 284 77
110 351 21
110 406 73
110 454 4
110 458 23
110 478 39
111 112 44
111 122 45
111 169 19
111 199 26
111 242 21
111 249 24
111 262 67
111 275 12
111 330 56
111 345 39
111 349 75
111 350 74
111 389 48
111 393 51
111 402 6
111 447 51
111 486 16
112 113 15
112 137 47
112 144 75
112 150 77
112 155 38
112 156 38
112 192 49
112 212 3
112 237 52
112 244 85
112 258 14
112 259 27
112 272 49
112 336 40
112 370 52
112 443 14
112 447 28
112 453 71
112 470 69
112 491 85
113 114 75
113 180 91
113 225 74
113 292 25
113 302 60
113 331 18
113 355 14
113 366 81
113 393 50
113 406 54
113 434 24
114 115 89
114 220 21
114 280 58
114 288 100
114 378 56
114 401 57
114 404 74
114 463 48
114 489 13
114 496 29
114 499 87
115 116 3
115 140 9
115 193 1
115 201 81
115 214 84
115 231 96
115 249 67
115 254 6
115 274 42
115 318 75
115 427 25
115 451 15
115 452 16
116 117 17
116 195 31
116 236 16
116 247 38
116 306 44
116 394 81
116 395 14
116 402 18
116 405 64
116 406 5
116 432 82
116 436 36
116 458 24
116 488 31
117 118 98
117 182 85
117 190 42
117 209 69
117 212 91
117 224 63
117 252 51
117 264 75
117 266 70
117 293 21
117 341 71
117 350 46
117 358 89
117 387 5
117 401 27
117 410 63
117 413 65
117 427 73
117 444 83
117 459 28
118 119 38
118 153 7
118 321 65
118 346 23
118 391 60
118 409 90
118 472 52
118 482 60
119 120 69
119 149 41
119 217 70
119 232 41
119 233 91
119 276 92
119 291 86
119 295 20
119 332 40
119 359 95
119 371 91
119 384 79
119 397 30
119 441 71
119 447 9
119 463 84
119 485 50
120 121 70
120 129 9
120 149 47
120 151 26
120 157 77
120 165 79
120 305 86
120 377 61
120 387 52
120 406 51
120 409 38
120 455 4
120 469 11
121 122 1
121 188 97
121 195 15
121 242 48
121 265 9
121 276 31
121 336 50
122 123 22
122 160 1
122 185 55
122 227 20
122 408 68
122 417 85
122 423 20
122 463 13
123 124 92
123 137 31
123 138 59
123 193 70
123 266 9
123 285 87
123 316 13
123 336 66
123 374 70
123 387 7
123 416 76
123 496 8
124 125 48
124 167 92
124 240 59
124 245 66
124 290 13
124 291 49
124 296 81
124 307 4
124 328 81
124 420 61
124 446 43
124 482 33
124 487 74
125 126 35
125 155 58
125 176 77
125 280 100
125 315 28
125 322 92
125 327 61
125 356 80
125 367 19
125 371 21
125 398 37
125 399 88
125 413 62
125 435 43
125 448 77
125 466 23
125 471 62
125 477 26
126 127 51
126 128 50
126 135 69
126 200 46
126 230 83
126 235 77
126 253 43
126 352 88
126 356 78
126 379 51
126 432 24
126 454 62
126 475 73
126 478 62
127 128 48
127 138 72
127 162 70
127 175 58
127 190 90
127 214 88
127 235 57
127 243 78
127 313 96
127 317 38
127 333 47
127 338 70
127 362 32
127 383 16
127 403 62
127 436 26
127 447 29
127 468 12
127 499 36
128 129 69
128 164 23
128 185 54
128 249 84
128 254 79
128 272 87
128 307 64
128 309 36
128 337 95
128 350 35
128 408 56
128 434 50
128 457 79
129 130 10
129 135 67
129 136 21
129 141 55
129 144 71
129 179 67
129 272 98
129 279 68
129 280 78
129 319 93
129 325 24
129 366 95
129 384 11
129 395 14
129 437 74
129 459 17
129 465 52
129 487 60
129 495 93
130 131 84
130 190 28
130 191 84
130 193 71
130 200 48
130 215 39
130 243 81
130 329 80
130 349 51
130 378 79
130 387 75
130 394 67
130 395 64
130 417 10
130 496 31
131 132 36
131 153 50
131 156 59
131 175 65
131 178 81
131 186 83
131 263 90
131 271 66
131 297 55
131 319 78
131 389 35
131 454 62
131 487 56
132 133 55
132 163 29
132 192 54
132 221 7
132 294 92
132 326 73
132 344 13
132 353 45
132 393 94
132 417 51
133 134 5
133 170 43
133 177 28
133 180 98
133 181 100
133 191 45
133 224 35
133 357 17
133 462 89
134 135 40
134 252 62
134 287 28
134 296 71
134 320 88
134 337 52
134 364 2
134 383 29
134 433 56
134 448 36
134 465 32
134 472 54
134 479 67
135 136 58
135 166 65
135 187 84
135 215 11
135 299 10
135 328 60
135 331 31
135 401 10
135 420 67
136 137 60
136 138 32
136 143 45
136 158 20
136 188 24
136 201 56
136 247 5
136 280 49
136 282 47
136 398 90
136 429 16
136 454 50
136 499 13
137 138 15
137 143 96
137 162 93
137 171 1
137 188 49
137 242 72
137 338 44
137 343 82
137 350 86
137 459 17
137 460 98
137 468 32
137 476 22
137 488 57
137 498 98
138 139 7
138 160 86
138 227 13
138 245 36
138 271 21
138 309 86
138 311 85
138 331 62
138 336 87
138 348 43
138 460 30
139 140 24
139 142 6
139 153 30
139 162 13
139 173 37
139 202 36
139 216 68
139 284 18
139 320 47
139 384 89
139 406 65
139 410 32
139 450 20
139 456 14
139 459 36
139 466 26
139 476 64
139 483 81
140 141 75
140 161 54
140 196 57
140 199 70
140 204 59
140 257 3
140 393 50
140 414 94
140 470 97
140 493 62
140 498 41
141 142 79
141 160 61
141 178 76
141 258 26
141 337 79
141 342 27
141 465 47
141 467 100
141 473 58
141 492 53
142 143 42
142 145 51
142 149 25
142 156 18
142 181 71
142 206 93
142 211 66
142 228 9
142 256 29
142 299 47
142 300 14
142 301 20
142 308 90
142 309 29
142 336 28
142 360 17
142 363 92
142 397 28
142 425 14
142 426 71
142 457 79
142 490 36
143 144 58
143 163 48
143 188 19
143 219 55
143 256 99
143 289 52
143 298 27
143 299 80
143 309 47
143 320 85
143 372 30
143 375 7
143 404 80
143 492 25
144 145 58
144 147 62
144 248 77
144 277 17
144 293 48
144 328 77
144 374 83
144 455 43
144 473 81
144 489 17
145 146 77
145 149 79
145 152 57
145 157 68
145 186 2
145 210 21
145 228 50
145 259 78
145 307 100
145 374 7
145 381 30
145 390 58
145 399 25
145 419 19
145 420 23
145 459 8
145 480 38
145 498 16
146 147 2
146 156 37
146 187 90
146 276 70
146 283 25
146 300 79
146 305 93
146 315 26
146 351 9
146 424 62
146 455 2
146 458 66
146 460 69
146 464 55
146 470 98
147 148 95
147 160 89
147 167 26
147 201 76
147 248 43
147 272 79
147 273 99
147 283 35
147 331 10
147 418 25
147 491 51
148 149 5
148 167 15
148 205 27
148 238 12
148 251 74
148 275 70
148 280 55
148 293 13
148 316 77
148 322 10
148 341 78
148 353 80
148 359 37
148 416 39
148 460 10
148 474 51
148 487 94
149 150 18
149 161 33
149 164 76
149 173 40
149 207 14
149 237 41
149 455 57
150 151 42
150 199 24
150 206 64
150 210 66
150 212 10
150 230 39
150 247 36
150 316 12
150 433 74
150 438 34
150 469 26
150 472 17
150 475 55
150 477 14
150 487 58
151 152 10
151 225 52
151 354 9
151 373 17
151 434 79
151 444 26
151 446 63
151 470 25
151 478 1
152 153 26
152 171 1
152 197 16
152 227 43
152 306 39
152 376 68
152 390 54
152 392 29
152 394 51
152 401 7
152 480 28
152 482 15
152 489 54
152 495 72
152 498 73
153 154 36
153 169 19
153 179 83
153 212 22
153 241 29
153 302 26
153 305 76
153 345 71
153 355 14
153 372 34
153 382 76
153 402 22
153 459 61
153 464 23
153 469 24
153 485 79
154 155 83
154 218 89
154 219 29
154 302 21
154 317 75
154 366 26
154 373 37
154 422 37
154 473 22
155 156 16
155 167 55
155 171 5
155 234 39
155 250 83
155 253 47
155 314 30
155 317 80
155 347 50
155 391 7
155 403 90
155 459 26
156 157 49
156 165 82
156 188 58
156 191 19
156 224 59
156 259 85
156 280 36
156 328 93
156 335 72
156 351 2
156 358 16
156 380 86
156 442 8
156 462 48
157 158 94
157 193 51
157 196 68
157 206 39
157 212 13
157 228 54
157 229 54
157 265 54
157 281 83
157 294 76
157 296 84
157 322 14
157 356 15
157 357 14
157 371 89
157 437 51
157 495 27
158 159 78
158 195 71
158 275 69
158 282 78
158 284 60
158 355 48
158 434 72
159 160 84
159 223 28
159 233 86
159 289 70
159 316 41
159 379 15
159 391 4
159 446 31
159 450 1
159 451 52
159 474 24
160 161 46
160 177 99
160 187 47
160 206 9
160 241 79
160 256 21
160 261 19
160 295 68
160 380 74
160 405 98
160 420 38
160 425 43
160 447 39
160 461 39
160 470 34
161 162 35
161 183 33
161 185 51
161 223 12
161 233 93
161 272 32
161 292 66
161 354 81
161 359 67
161 478 22
162 163 69
162 190 31
162 199 20
162 234 42
162 312 42
162 313 64
162 327 1
162 334 48
162 345 25
162 361 9
162 376 87
162 485 38
163 164 32
163 266 71
163 268 24
163 290 9
163 363 16
163 378 23
163 408 60
163 412 33
163 415 85
163 451 39
163 452 49
163 468 40
163 470 42
164 165 91
164 172 20
164 181 15
164 223 14
164 268 58
164 276 87
164 357 11
164 363 23
164 390 93
164 391 65
164 421 17
164 442 34
164 476 29
165 166 60
165 167 64
165 186 99
165 202 64
165 312 94
165 330 42
165 371 16
165 395 60
165 441 54
165 461 19
165 482 98
166 167 51
166 174 33
166 245 31
166 259 29
166 288 46
166 306 100
166 314 56
166 337 66
166 338 88
166 367 59
166 375 47
166 409 31
166 443 78
166 465 51
167 168 42
167 199 58
167 202 53
167 274 83
167 295 78
167 298 48
167 311 69
167 384 57
167 411 31
167 414 67
167 415 42
167 421 41
167 451 45
167 463 49
167 469 19
168 169 45
168 173 51
168 203 59
168 277 86
168 309 64
168 338 14
168 386 18
168 391 58
168 445 83
168 461 66
168 478 70
168 499 73
169 170 80
169 220 70
169 244 62
169 331 86
169 355 54
169 367 57
169 372 75
169 424 100
169 432 92
169 435 84
169 474 4
169 477 17
170 171 11
170 251 12
170 253 11
170 270 97
170 293 26
170 311 42
170 341 80
170 345 2
170 365 60
170 499 56
171 172 19
171 180 98
171 211 10
171 216 81
171 230 60
171 234 48
171 279 23
171 299 32
171 313 54
171 343 43
171 346 5
171 356 41
171 374 3
171 400 3
171 418 96
171 453 3
171 469 95
172 173 49
172 179 92
172 197 36
172 200 42
172 201 66
172 216 42
172 227 47
172 251 45
172 264 10
172 334 19
172 355 55
172 388 55
172 390 64
172 413 44
172 433 33
172 437 23
172 482 67
172 498 68
173 174 52
173 195 67
173 209 40
173 211 73
173 232 83
173 274 99
173 321 73
173 349 86
173 351 31
173 389 13
173 393 34
173 456 26
174 175 79
174 179 23
174 216 18
174 217 45
174 223 74
174 226 6
174 319 72
174 351 85
174 433 19
174 457 80
174 488 50
175 176 59
175 201 41
175 274 60
175 307 93
175 335 5
175 373 2
175 394 58
175 398 79
175 401 77
175 406 1
175 475 86
175 478 46
175 486 35
175 496 19
176 177 3
176 182 52
176 205 14
176 292 33
176 323 68
176 328 25
176 339 75
176 369 59
177 178 23
177 245 74
177 258 2
177 267 86
177 289 36
177 318 20
177 360 51
177 370 63
177 378 4
177 388 41
177 413 6
177 424 22
177 447 99
178 179 31
178 185 94
178 254 9
178 258 77
178 276 9
178 314 99
178 323 6
178 336 36
178 395 87
178 407 8
178 409 5
178 439 29
178 451 65
179 180 59
179 211 51
179 221 91
179 226 54
179 228 55
179 231 39
179 255 46
179 280 50
179 304 30
179 331 45
179 338 25
179 347 74
179 388 38
179 424 24
179 461 58
179 482 15
179 492 39
180 181 94
180 232 17
180 239 15
180 261 84
180 278 44
180 306 18
180 314 68
180 319 65
180 374 87
180 395 21
180 425 27
180 455 11
180 478 3
180 484 29
180 491 64
181 182 67
181 183 43
181 195 29
181 199 89
181 209 51
181 267 73
181 275 23
181 278 24
181 353 40
181 400 39
181 408 86
181 409 92
181 424 4
181 444 14
181 453 47
181 467 63
181 470 27
181 497 85
182 183 70
182 200 90
182 262 56
182 320 13
182 350 87
182 424 34
182 458 14
183 184 78
183 266 44
183 284 22
183 304 97
183 315 92
183 356 49
183 358 65
183 411 82
183 422 24
183 443 23
183 449 70
183 458 37
183 460 97
183 461 75
183 488 71
184 185 63
184 265 89
184 303 13
184 352 86
184 398 16
184 442 90
184 448 81
184 458 38
184 482 79
184 484 95
185 186 74
185 193 98
185 204 50
185 221 67
185 225 59
185 263 31
185 270 85
185 278 91
185 294 25
185 333 20
185 340 13
185 341 95
185 397 80
185 442 48
185 472 62
185 482 41
186 187 29
186 210 53
186 240 93
186 245 49
186 259 49
186 262 78
186 303 17
186 329 11
186 347 93
186 349 75
186 361 57
186 364 93
186 372 46
186 381 86
186 391 41
186 400 59
186 403 51
186 411 54
186 412 73
186 453 15
186 468 79
186 498 19
187 188 28
187 217 41
187 227 22
187 255 41
187 307 35
187 351 64
187 353 79
187 383 92
187 387 64
187 482 99
188 189 14
188 196 37
188 264 89
188 300 82
188 363 17
188 364 84
188 368 98
188 379 1
188 416 43
188 426 13
188 471 84
189 190 36
189 283 74
189 376 91
189 387 23
189 391 52
189 415 78
189 442 52
189 455 88
189 461 46
189 470 54
190 191 81
190 222 90
190 242 49
190 259 29
190 293 78
190 320 31
190 426 18
190 456 43
190 497 30
191 192 41
191 254 70
191 261 60
191 285 54
191 288 15
191 350 39
191 352 83
191 356 36
191 370 50
191 397 71
192 193 99
192 226 90
192 229 48
192 284 66
192 291 11
192 302 61
192 306 75
192 364 47
192 373 82
192 417 86
192 431 63
192 439 23
192 448 88
193 194 5
193 235 6
193 241 55
193 249 51
193 310 10
193 341 21
193 364 67
193 366 45
193 415 71
193 418 61
193 445 57
193 446 97
193 479 25
193 483 79
194 195 14
194 201 97
194 213 64
194 246 48
194 256 96
194 302 11
194 331 46
194 377 48
194 449 77
194 472 100
194 486 61
194 491 35
194 495 58
195 196 98
195 210 50
195 274 66
195 280 13
195 342 3
195 383 7
195 391 29
195 423 96
195 443 48
195 444 53
195 457 5
195 482 78
196 197 67
196 216 90
196 228 100
196 239 83
196 243 8
196 249 16
196 256 23
196 276 83
196 289 76
196 316 84
196 335 39
196 357 53
196 379 93
196 387 18
196 402 78
196 464 96
196 469 12
196 490 82
196 499 54
197 198 73
197 205 58
197 271 75
197 273 39
197 280 81
197 306 4
197 364 71
197 386 16
197 388 36
197 463 31
197 488 20
198 199 55
198 219 89
198 285 28
198 318 5
198 331 55
198 337 76
198 423 95
198 426 52
198 428 29
198 438 67
198 455 91
198 463 24
198 488 95
199 200 47
199 205 41
199 206 85
199 331 17
199 386 83
199 399 31
199 418 47
199 432 81
199 449 54
199 493 61
200 201 76
200 216 54
200 233 29
200 284 33
200 324 8
200 366 80
200 387 50
200 391 95
200 394 96
200 435 23
200 456 83
201 202 40
201 234 94
201 267 21
201 284 95
201 288 82
201 339 8
201 349 57
201 420 48
201 458 36
201 477 46
202 203 83
202 224 7
202 234 78
202 257 61
202 258 38
202 277 41
202 306 100
202 310 99
202 332 19
202 352 45
202 386 100
202 399 13
202 406 72
202 444 23
202 482 28
202 487 26
202 491 9
203 204 100
203 255 40
203 280 59
203 302 17
203 324 34
203 337 9
203 343 48
203 364 26
203 427 70
203 431 18
203 437 22
203 439 68
203 451 10
203 477 100
204 205 1
204 209 81
204 234 51
204 269 56
204 275 91
204 352 36
204 355 48
204 376 100
204 394 71
204 416 82
204 456 75
204 472 46
204 477 2
204 487 5
204 493 9
205 206 48
205 259 82
205 264 98
205 297 98
205 324 71
205 336 2
205 369 34
205 371 66
205 412 2
205 440 64
205 494 14
206 207 89
206 223 74
206 334 99
206 336 52
206 385 12
206 392 3
206 437 55
206 482 70
207 208 39
207 244 75
207 253 6
207 288 20
207 290 15
207 309 76
207 328 81
207 364 50
207 418 38
208 209 34
208 237 56
208 248 38
208 292 94
208 363 22
208 403 99
208 419 48
208 444 3
208 488 46
209 210 95
209 248 43
209 251 54
209 253 11
209 269 25
209 270 53
209 277 25
209 283 69
209 319 10
209 365 37
209 369 82
209 390 59
209 400 33
209 408 69
209 450 90
210 211 5
210 222 24
210 228 67
210 254 3
210 262 46
210 269 35
210 282 31
210 297 84
210 306 25
210 308 60
210 314 72
210 341 70
210 353 54
210 356 19
210 358 99
210 373 57
210 377 80
211 212 36
211 218 53
211 275 36
211 284 82
211 323 72
211 392 6
211 469 64
211 482 67
211 486 71
212 213 81
212 218 36
212 301 52
212 329 93
212 428 70
212 432 55
212 446 4
212 460 77
213 214 22
213 231 39
213 249 43
213 270 51
213 286 99
213 346 66
213 350 7
213 360 19
213 390 15
213 391 23
213 398 43
213 438 51
213 461 88
213 487 35
214 215 87
214 219 55
214 223 49
214 296 39
214 356 31
214 390 28
214 398 52
214 427 18
214 484 67
214 490 12
215 216 49
215 218 40
215 224 65
215 238 54
215 292 3
215 297 17
215 316 27
215 326 28
215 333 54
215 355 11
215 360 18
215 382 27
215 413 74
215 425 78
216 217 83
216 235 56
216 284 52
216 339 51
216 384 14
216 385 64
216 405 64
216 411 68
216 432 86
216 437 86
216 469 84
217 218 42
217 236 59
217 241 10
217 352 48
217 358 16
217 371 53
217 388 32
217 411 24
217 448 51
217 490 75
218 219 50
218 221 68
218 223 24
218 287 62
218 290 3
218 318 10
218 325 16
218 332 82
218 340 23
218 348 63
218 370 58
218 396 48
218 416 41
218 422 73
218 430 61
218 436 35
218 438 65
218 453 95
218 457 35
218 463 25
219 220 3
219 230 21
219 278 74
219 310 37
219 370 34
219 432 9
219 451 79
219 483 79
219 494 71
220 221 31
220 229 96
220 239 13
220 263 8
220 282 3
220 301 24
220 352 21
220 374 49
220 439 70
220 442 16
220 458 41
220 483 46
221 222 77
221 278 24
221 307 5
221 310 48
221 366 66
221 370 27
221 380 47
221 415 10
221 420 48
221 423 62
221 425 56
222 223 99
222 244 26
222 309 100
222 361 36
222 370 12
222 388 20
222 394 87
222 395 12
222 455 62
222 472 10
223 224 15
223 230 74
223 295 75
223 310 32
223 377 8
223 388 99
223 396 82
223 404 3
223 426 20
223 487 82
224 225 82
224 286 76
224 306 38
224 318 50
224 342 30
224 356 85
224 358 90
224 359 25
225 226 5
225 235 76
225 250 16
225 320 27
225 333 51
225 334 10
225 359 88
225 374 31
225 441 41
225 469 47
225 487 41
226 227 97
226 327 29
226 345 62
226 371 65
226 397 75
226 400 4
226 414 34
226 426 77
226 454 41
226 481 75
227 228 75
227 249 52
227 259 90
227 298 64
227 356 21
227 386 9
227 389 6
227 410 70
227 424 8
227 430 55
227 435 35
227 441 16
227 451 57
227 456 98
228 229 71
228 249 12
228 265 23
228 308 58
228 329 75
228 358 64
228 449 13
228 450 54
228 454 42
228 479 79
228 485 43
228 495 79
229 230 3
229 256 80
229 263 80
229 276 72
229 333 49
229 453 43
229 497 78
230 231 98
230 266 2
230 274 92
230 300 98
230 354 66
230 393 93
231 232 78
231 274 28
231 275 56
231 314 60
231 338 71
231 341 10
231 346 17
231 370 15
231 383 43
231 387 57
231 393 92
231 410 35
231 421 7
231 448 90
231 484 77
231 496 74
231 499 58
232 233 100
232 238 68
232 377 22
232 432 37
232 436 57
232 488 99
233 234 88
233 308 66
233 318 98
233 361 4
233 365 5
233 374 89
233 379 1
233 441 73
233 489 36
234 235 6
234 246 53
234 273 81
234 276 89
234 287 65
234 292 45
234 302 46
234 314 82
234 329 14
234 335 68
234 350 63
234 351 32
234 402 65
234 454 19
235 236 38
235 298 80
235 366 80
235 368 27
235 383 84
235 386 97
235 404 90
235 424 44
235 467 31
235 494 58
236 237 56
236 241 62
236 250 77
236 286 86
236 342 37
236 408 17
236 443 84
236 487 13
236 491 53
237 238 73
237 240 10
237 270 30
237 278 29
237 280 53
237 343 97
237 348 31
237 361 34
237 408 77
237 427 53
237 458 18
237 460 82
237 471 35
238 239 93
238 331 77
238 364 91
238 380 77
238 389 56
238 413 66
238 418 64
238 421 1
238 426 80
238 445 73
238 451 87
238 455 57
238 466 86
238 469 40
239 240 39
239 267 70
239 276 10
239 319 82
239 326 46
239 359 64
239 410 88
239 418 68
239 426 29
240 241 96
240 271 57
240 272 47
240 301 88
240 318 88
240 349 63
240 367 86
240 383 63
240 447 68
240 456 92
240 473 91
241 242 20
241 274 4
241 286 6
241 323 20
241 328 39
241 338 8
241 364 17
241 369 58
241 370 43
241 387 28
241 404 8
241 415 87
241 442 24
241 445 86
241 496 15
241 498 68
242 243 18
242 245 48
242 273 12
242 329 54
242 338 43
242 355 36
242 433 73
242 478 94
242 479 29
243 244 57
243 306 66
243 332 34
243 377 43
243 415 39
243 432 64
243 447 18
243 459 73
244 245 97
244 247 7
244 261 56
244 334 40
244 336 95
244 379 7
244 383 62
244 384 24
244 423 53
244 431 49
244 458 98
245 246 86
245 266 58
245 300 48
245 357 4
245 361 79
245 368 62
245 374 64
245 424 13
246 247 100
246 251 96
246 388 95
246 413 19
246 422 53
246 449 33
246 453 78
247 248 13
247 261 11
247 306 26
247 318 16
247 353 95
247 371 44
247 490 44
248 249 84
248 272 39
248 282 40
248 308 36
248 334 34
248 351 52
248 397 14
248 402 59
248 457 75
248 489 29
249 250 25
249 273 48
249 302 4
249 326 44
249 348 24
249 437 94
249 454 71
249 477 31
250 251 55
250 265 18
250 271 65
250 287 100
250 289 47
250 323 46
250 352 20
250 365 81
250 376 28
250 390 45
250 398 66
250 409 42
250 422 62
250 427 39
250 482 68
251 252 49
251 261 90
251 327 92
251 331 42
251 350 91
251 494 38
252 253 28
252 276 92
252 319 98
252 346 4
252 373 15
252 382 14
252 409 87
252 483 6
253 254 40
253 270 70
253 328 18
253 340 42
253 349 49
253 350 33
253 363 93
253 374 64
253 414 5
253 417 43
253 434 56
253 453 43
253 483 21
254 255 97
254 264 34
254 279 81
254 285 25
254 315 77
254 330 86
254 345 43
254 399 25
255 256 83
255 257 96
255 266 29
255 278 32
255 354 54
255 356 51
255 418 75
255 424 15
255 461 80
256 257 61
256 283 27
256 293 70
256 308 84
256 320 100
256 368 93
256 466 30
256 480 13
257 258 26
257 281 12
257 304 54
257 338 83
257 343 32
257 365 64
257 375 94
257 379 6
257 418 68
257 426 7
257 432 92
257 470 86
257 471 72
257 478 17
257 491 76
258 259 84
258 262 98
258 296 93
258 300 54
258 311 31
258 323 87
258 335 85
258 337 91
258 338 87
258 376 16
258 400 28
258 404 15
258 413 81
258 414 29
259 260 14
259 269 69
259 284 40
259 310 49
259 430 86
259 439 97
259 455 11
259 463 23
259 473 96
260 261 25
260 264 32
260 281 98
260 290 13
260 408 94
260 443 28
260 469 87
260 490 46
260 493 22
261 262 50
261 266 7
261 345 16
261 372 67
261 391 78
261 395 57
261 398 79
262 263 93
262 265 95
262 338 24
262 370 33
262 443 84
262 449 86
262 460 6
263 264 63
263 282 53
263 372 88
263 436 81
263 439 93
264 265 52
264 397 43
264 398 33
264 441 9
264 482 1
265 266 11
265 288 55
265 322 15
265 325 47
265 336 86
265 354 86
265 376 9
265 414 85
265 421 42
265 431 6
265 432 78
265 452 59
265 463 27
266 267 55
266 377 11
266 424 16
266 467 81
266 474 36
266 476 67
267 268 38
267 272 42
267 275 100
267 276 6
267 330 22
267 338 90
267 384 24
267 390 39
267 398 91
267 412 7
267 421 8
267 458 92
268 269 76
268 278 82
268 307 23
268 407 44
268 422 73
268 424 42
268 453 34
268 465 21
269 270 12
269 335 51
269 339 83
269 342 55
269 373 28
269 441 88
269 472 22
269 498 100
270 271 41
270 302 51
270 307 17
270 328 78
270 351 21
270 412 53
270 420 5
270 445 46
270 450 59
270 467 63
271 272 72
271 287 31
271 314 57
271 372 3
271 404 97
271 437 38
272 273 50
272 313 32
272 338 4
272 367 46
272 421 64
272 468 79
272 473 94
273 274 85
273 280 57
273 305 93
273 308 100
273 370 98
273 377 67
273 431 72
273 472 9
273 489 32
274 275 93
274 313 76
274 315 26
274 319 80
274 356 47
274 383 8
274 409 69
274 414 97
274 416 71
274 421 19
275 276 35
275 291 71
275 305 44
275 306 55
275 310 54
275 312 59
275 324 20
275 334 15
275 356 88
275 383 43
275 393 70
275 401 9
275 419 74
275 489 68
275 497 66
276 277 31
276 296 75
276 302 62
276 404 23
276 409 40
276 447 59
277 278 79
277 282 73
277 302 19
277 322 73
277 368 39
277 414 37
277 430 13
277 463 82
277 469 31
278 279 83
278 299 52
278 356 2
278 359 4
278 361 89
278 367 45
278 444 16
278 452 96
278 495 48
279 280 78
279 305 38
279 310 63
279 334 87
279 378 11
279 403 63
279 422 25
279 438 45
279 480 9
280 281 43
280 282 44
280 360 8
280 402 1
280 415 35
280 463 81
281 282 90
281 326 61
281 357 79
281 471 100
282 283 66
282 342 44
282 466 69
282 479 14
282 480 33
282 495 11
283 284 31
283 291 44
283 306 60
283 339 92
283 343 9
283 466 43
283 488 40
283 499 30
284 285 44
284 327 60
284 404 91
284 413 94
284 497 62
285 286 28
285 321 17
285 356 2
285 396 51
285 399 23
285 415 61
285 441 93
285 483 30
286 287 84
286 297 67
286 379 74
286 391 22
286 395 40
286 396 92
286 438 5
286 442 80
287 288 91
287 296 38
287 306 78
287 317 84
287 347 79
287 352 73
287 378 19
287 413 88
287 490 72
288 289 59
288 323 79
288 348 29
288 379 25
288 429 68
288 451 21
289 290 89
289 298 64
289 318 71
289 331 10
289 435 85
289 454 32
289 472 5
290 291 97
290 425 99
290 432 60
290 436 41
290 499 1
291 292 85
291 329 32
291 345 12
291 348 89
291 350 11
292 293 9
292 396 7
292 404 47
292 482 89
293 294 25
293 306 11
293 311 79
293 324 22
293 370 40
293 425 87
293 453 59
293 471 50
294 295 77
294 299 71
294 307 89
294 342 68
294 384 46
294 414 19
294 443 100
295 296 8
295 318 96
295 346 78
295 354 41
295 367 35
295 377 94
295 384 84
295 418 13
295 428 91
295 438 88
295 452 37
295 454 84
296 297 15
296 299 99
296 301 18
296 303 23
296 307 74
296 489 81
297 298 81
297 300 95
297 301 97
297 327 34
297 381 86
297 395 4
297 413 10
297 478 16
297 484 83
298 299 60
298 305 2
298 343 69
298 353 80
298 357 34
298 369 29
298 381 56
298 433 39
298 436 47
298 488 58
299 300 89
299 320 80
299 375 75
299 398 28
299 408 59
300 301 36
300 316 99
300 320 65
300 372 37
300 391 98
300 423 9
300 430 78
300 443 39
300 464 7
300 483 20
301 302 52
301 346 46
301 355 56
301 382 58
301 388 88
301 390 59
301 410 66
301 423 16
301 464 78
302 303 41
302 323 3
302 344 23
302 424 55
303 304 25
303 306 68
303 332 14
303 339 36
303 370 9
303 451 60
303 455 36
303 456 68
304 305 78
304 322 77
304 422 96
304 456 44
304 460 62
304 467 37
304 472 98
304 494 56
305 306 81
305 321 1
305 344 65
305 381 81
305 421 13
305 429 63
305 477 42
306 307 86
306 354 51
306 375 6
306 401 26
306 422 31
306 484 41
306 492 54
307 308 16
308 309 87
308 376 89
308 392 23
308 429 40
308 456 36
308 468 52
309 310 19
309 338 73
309 350 14
309 387 94
309 456 91
309 473 25
310 311 14
310 345 40
310 401 55
310 407 89
310 417 78
310 424 5
310 432 11
310 444 2
310 498 7
311 312 25
311 317 90
311 322 34
311 367 9
311 374 69
311 396 61
311 426 27
311 445 77
311 489 50
311 496 23
312 313 6
312 417 85
312 449 49
312 470 36
313 314 83
313 318 29
313 391 55
313 429 67
313 455 54
313 462 26
313 489 93
314 315 2
314 374 73
314 381 73
314 396 13
314 449 11
314 494 100
315 316 13
315 428 21
315 443 82
315 448 100
315 480 25
315 483 38
315 499 32
316 317 92
316 339 93
316 451 64
316 454 81
317 318 65
317 324 2
317 356 18
317 381 97
317 392 36
318 319 1
318 340 71
318 367 27
318 372 99
318 389 61
318 444 80
318 460 78
319 320 32
319 337 70
319 361 32
319 374 92
319 451 97
319 486 92
320 321 73
320 348 42
320 349 41
320 388 2
320 395 18
320 451 73
320 477 58
321 322 82
321 354 13
321 363 12
321 401 46
321 451 89
321 483 6
322 323 4
322 361 16
322 386 38
322 425 26
322 473 2
322 483 70
323 324 4
323 349 52
323 389 5
323 446 21
324 325 36
324 476 88
325 326 10
325 332 92
325 338 47
325 442 92
325 455 21
325 497 54
326 327 75
326 351 53
326 380 43
326 389 69
326 402 53
326 425 4
327 328 94
327 331 57
327 350 70
327 384 64
327 411 21
327 438 54
327 467 40
328 329 83
328 342 78
328 377 45
328 399 62
328 429 25
328 472 89
328 480 35
329 330 18
329 374 44
329 390 31
329 399 41
329 418 27
329 431 15
329 444 14
330 331 60
330 339 95
330 347 55
330 375 58
330 389 35
330 398 53
330 457 52
330 462 15
330 473 89
330 479 27
330 483 98
331 332 49
331 340 14
331 388 31
331 393 79
331 400 42
331 426 50
331 455 80
331 471 77
331 491 69
331 494 25
331 497 19
332 333 97
332 358 97
332 384 33
332 415 68
332 425 54
332 458 80
332 468 19
332 471 50
332 475 49
332 486 19
332 488 49
333 334 77
333 338 88
333 361 68
333 383 89
333 398 71
333 418 35
333 481 50
333 495 72
334 335 46
334 354 93
334 406 33
334 409 21
334 415 100
334 422 56
334 439 90
334 441 52
335 336 15
335 369 6
335 383 93
335 385 62
335 393 5
335 424 90
335 482 5
335 488 98
336 337 44
336 338 31
336 345 38
336 356 5
336 373 51
336 379 80
336 411 82
336 424 47
336 430 62
336 481 33
337 338 94
337 339 83
337 380 5
337 436 5
338 339 31
338 399 10
338 406 87
338 490 66
339 340 10
339 362 80
339 365 90
339 372 61
339 403 81
339 412 16
339 422 57
339 444 25
339 460 95
339 468 70
339 474 30
339 476 54
339 489 56
340 341 63
340 384 11
340 409 39
340 438 48
340 449 37
340 475 48
341 342 26
341 355 68
341 377 52
341 385 77
341 478 80
342 343 33
342 408 17
343 344 1
343 351 66
343 408 1
343 447 14
343 479 43
343 480 46
344 345 74
344 355 43
344 357 46
344 457 97
344 490 75
345 346 14
345 377 45
345 395 89
345 473 35
345 496 23
346 347 45
346 369 48
346 376 71
346 408 2
346 449 48
346 468 52
346 489 51
347 348 24
347 435 14
347 444 51
347 470 31
347 497 3
348 349 88
348 356 57
348 358 30
348 397 25
348 399 61
348 427 76
348 454 39
349 350 84
349 452 3
350 351 71
350 410 91
350 450 22
350 474 53
350 475 23
350 490 17
351 352 25
351 360 69
351 368 58
351 390 59
351 404 29
351 405 67
351 425 60
351 466 20
352 353 26
352 359 38
352 373 88
352 414 6
352 432 99
352 463 74
353 354 41
353 396 90
353 452 45
353 460 39
353 496 43
354 355 65
354 365 19
354 374 18
354 377 21
354 381 99
354 388 41
354 406 85
354 412 92
354 426 80
354 474 20
354 492 40
354 499 13
355 356 2
355 360 18
355 384 63
355 445 22
355 458 14
355 496 66
356 357 89
356 358 63
356 378 61
356 379 71
356 382 26
356 387 25
356 421 70
356 444 99
356 463 38
356 467 34
356 486 29
357 358 40
357 364 93
357 413 82
357 437 85
357 439 23
357 440 58
357 452 82
357 482 27
357 495 18
358 359 96
358 367 75
358 417 12
358 484 13
358 493 59
359 360 24
359 376 100
359 404 60
359 407 96
359 422 91
359 441 1
359 447 6
359 463 81
360 361 27
360 370 42
360 386 45
360 400 80
360 431 48
360 436 57
360 470 15
360 476 26
361 362 42
361 376 28
361 399 36
361 421 84
361 448 20
361 450 49
361 468 80
362 363 40
362 430 91
362 465 23
362 495 41
363 364 40
363 439 39
363 471 65
363 483 19
364 365 94
364 371 29
364 425 35
364 444 49
365 366 11
365 392 94
365 407 3
365 492 3
366 367 17
366 369 82
366 381 53
366 386 57
366 415 34
366 444 41
367 368 60
367 391 77
367 410 45
367 440 42
367 444 68
367 451 43
368 369 99
368 437 76
368 471 8
368 479 6
368 494 21
369 370 11
369 400 11
369 434 82
369 437 21
369 438 67
369 455 23
370 371 22
370 389 35
370 394 52
370 425 88
370 440 12
370 482 40
371 372 85
371 373 56
371 409 86
371 426 100
371 452 83
371 496 40
372 373 61
372 395 44
372 428 16
372 476 82
372 497 69
373 374 23
373 406 89
373 460 47
374 375 3
374 409 82
374 424 86
374 426 60
375 376 65
375 380 36
375 394 96
375 411 2
375 457 57
376 377 94
376 398 74
376 439 11
376 468 7
376 484 88
377 378 23
377 384 62
377 388 43
377 465 41
377 474 22
377 489 84
377 493 34
378 379 9
378 411 6
378 420 16
379 380 39
379 444 72
379 487 30
380 381 56
380 450 2
380 457 42
380 466 84
380 468 92
380 471 30
380 474 75
380 483 91
381 382 78
381 396 90
381 408 36
381 419 50
381 423 54
381 449 51
381 472 45
381 487 70
381 488 90
381 498 59
382 383 13
382 404 80
382 423 95
382 487 17
383 384 89
383 388 96
383 401 88
383 402 73
383 411 9
383 425 57
383 443 17
383 452 31
383 459 29
383 478 18
384 385 77
384 437 87
384 440 22
384 481 1
385 386 49
385 440 64
385 479 94
385 482 4
385 493 67
386 387 1
386 419 84
386 422 74
386 434 70
386 469 68
386 492 16
387 388 100
387 397 84
387 425 21
387 427 77
387 466 20
387 486 95
388 389 8
388 401 52
388 410 1
388 414 59
388 430 59
388 436 85
388 438 23
388 439 93
388 465 17
388 479 10
389 390 82
389 393 23
389 396 11
389 481 49
389 493 23
390 391 19
390 424 5
390 434 83
390 441 1
390 496 96
390 498 13
391 392 13
391 420 25
391 421 86
391 430 13
392 393 63
392 401 94
392 405 40
392 425 89
393 394 5
393 396 22
393 426 67
393 432 58
393 449 78
393 454 61
393 462 64
393 478 97
393 489 43
393 497 23
394 395 67
394 414 87
394 417 57
394 418 19
394 473 39
395 396 71
395 403 36
395 415 8
395 432 72
396 397 56
396 450 66
396 456 93
396 471 54
396 476 2
396 491 83
396 497 21
397 398 22
397 415 59
397 421 78
397 424 77
397 436 51
398 399 40
398 404 52
398 472 59
399 400 73
399 406 84
399 420 90
399 440 82
399 495 39
400 401 42
400 404 46
400 452 41
400 453 8
401 402 74
401 457 69
401 493 76
402 403 30
402 409 73
402 421 84
402 439 64
402 479 44
403 404 41
403 466 12
404 405 19
404 421 91
404 437 35
404 470 35
405 406 49
405 448 68
405 452 80
405 453 44
406 407 93
406 426 57
406 449 79
406 463 61
406 481 95
406 484 99
406 487 73
407 408 74
407 410 20
407 416 60
407 438 19
407 481 3
408 409 57
408 427 47
408 489 47
409 410 32
409 418 17
409 419 2
409 459 56
410 411 84
410 425 70
410 456 100
410 476 30
411 412 85
411 433 18
411 438 55
411 442 66
411 447 59
411 458 48
411 464 82
411 492 16
411 493 50
412 413 18
412 415 22
412 453 68
412 472 79
412 498 80
413 414 10
413 431 62
413 466 3
413 467 44
414 415 19
414 487 77
414 492 18
415 416 9
415 417 68
416 417 86
416 452 36
416 490 2
417 418 77
417 430 72
418 419 18
418 420 94
418 425 75
418 436 69
418 479 64
418 481 1
419 420 29
419 463 32
419 465 11
420 421 37
420 495 68
421 422 30
421 458 17
421 469 51
422 423 18
422 460 78
422 473 61
423 424 23
423 434 9
423 450 58
424 425 16
424 464 74
424 472 39
425 426 9
425 427 98
425 457 95
425 460 2
425 468 90
425 498 62
426 427 61
426 467 45
426 479 41
427 428 71
427 458 94
427 469 30
428 429 1
428 433 26
428 435 89
428 459 38
428 490 39
428 498 48
429 430 87
429 467 26
430 431 17
430 442 21
431 432 56
431 459 94
431 473 30
431 487 30
432 433 35
433 434 57
433 435 39
433 460 13
434 435 68
434 443 28
434 456 45
434 467 91
435 436 43
435 451 7
435 471 16
436 437 74
436 441 72
437 438 8
437 467 74
437 499 97
438 439 74
438 470 47
438 494 60
439 440 17
439 442 24
439 447 3
440 441 82
440 458 59
440 464 8
440 478 23
440 480 30
440 483 27
441 442 77
441 451 87
441 492 64
442 443 75
442 444 9
442 459 1
442 498 56
443 444 66
443 482 40
443 483 89
443 484 42
444 445 49
444 452 51
444 473 24
444 477 49
445 446 80
445 463 1
445 464 84
445 496 27
446 447 98
446 453 23
446 460 99
446 461 4
446 482 30
447 448 99
447 479 15
447 484 40
448 449 22
448 453 96
448 457 76
448 470 39
449 450 59
450 451 52
450 453 90
450 469 42
450 475 54
450 487 92
451 452 68
451 467 6
451 479 57
452 453 18
452 485 21
453 454 3
453 461 26
453 468 20
453 470 99
454 455 79
454 469 3
454 472 97
454 476 2
455 456 41
455 457 100
456 457 93
456 487 31
456 490 81
457 458 5
457 459 81
457 477 76
457 488 83
457 498 12
458 459 25
458 499 1
459 460 59
459 486 22
459 487 9
459 494 11
460 461 14
460 472 89
461 462 12
461 470 52
462 463 4
462 467 91
462 487 60
463 464 81
463 471 84
463 496 64
464 465 65
464 479 59
464 483 8
465 466 81
465 469 33
465 478 59
465 483 13
466 467 90
467 468 33
467 471 79
468 469 46
468 470 42
469 470 58
469 498 97
470 471 26
471 472 94
472 473 20
472 495 66
473 474 19
474 475 32
475 476 9
475 483 15
475 486 74
476 477 21
477 478 46
478 479 80
479 480 64
480 481 33
480 483 10
481 482 94
482 483 68
483 484 19
483 487 16
483 497 88
484 485 20
485 486 53
485 487 39
485 489 36
485 492 40
485 494 21
486 487 47
486 488 40
487 488 12
487 493 55
487 495 55
488 489 52
488 492 100
489 490 69
490 491 1
491 492 12
492 493 95
493 494 6
493 498 45
494 495 38
494 497 58
495 496 72
496 497 57
497 498 59
498 499 27
499 500 6
