400 3142 10 6999
36 72 92 116 120 173 222 331 360 392 
1 2 2
1 36 76
1 39 55
1 75 24
1 83 37
1 98 2
1 143 90
1 159 53
1 206 95
1 295 63
1 301 96
1 327 10
1 347 74
1 386 21
1 400 26
2 3 35
2 94 31
2 124 68
2 144 26
2 161 38
2 177 5
2 186 78
2 203 87
2 243 15
2 256 25
2 267 22
2 291 29
2 293 68
2 317 83
2 322 45
2 386 56
3 4 5
3 6 98
3 8 20
3 25 15
3 39 2
3 47 56
3 57 66
3 66 2
3 80 96
3 130 3
3 135 37
3 138 15
3 162 46
3 178 31
3 204 31
3 214 1
3 237 51
3 249 75
3 265 47
3 273 44
3 344 50
4 5 60
4 34 59
4 71 96
4 75 19
4 87 44
4 127 37
4 131 11
4 144 57
4 158 41
4 230 66
4 251 46
4 314 79
4 352 52
5 6 69
5 23 100
5 35 70
5 76 100
5 103 99
5 181 48
5 193 73
5 226 7
5 240 49
5 272 49
5 273 18
5 329 37
5 335 23
5 395 39
6 7 16
6 21 80
6 53 43
6 64 15
6 82 66
6 98 7
6 210 17
6 232 22
6 249 77
6 278 36
6 288 76
6 325 6
6 371 60
6 392 1
7 8 43
7 43 11
7 76 84
7 106 36
7 116 87
7 120 2
7 123 3
7 126 58
7 129 70
7 151 36
7 163 15
7 210 48
7 212 73
7 242 53
7 258 89
7 325 56
7 334 12
7 363 29
8 9 34
8 57 93
8 109 100
8 130 69
8 154 57
8 173 21
8 212 64
8 261 20
8 270 84
8 295 80
8 299 11
8 314 43
8 317 59
8 339 50
9 10 64
9 35 49
9 40 35
9 51 32
9 63 23
9 83 61
9 84 30
9 124 28
9 149 79
9 154 44
9 195 46
9 204 41
9 220 25
9 231 44
9 239 68
9 266 86
9 272 12
9 289 34
9 341 22
9 348 78
9 370 74
9 394 96
10 11 100
10 27 93
10 47 44
10 118 7
10 123 11
10 136 66
10 160 37
10 232 18
10 258 13
10 356 37
10 375 88
10 396 77
11 12 94
11 61 69
11 71 87
11 104 40
11 178 34
11 294 51
11 317 73
11 319 13
11 332 93
11 362 28
11 367 52
11 375 73
11 383 100
12 13 86
12 16 39
12 57 72
12 79 72
12 346 31
12 356 10
12 372 76
13 14 94
13 46 42
13 83 69
13 119 40
13 132 53
13 163 73
13 205 39
13 214 59
13 238 23
13 251 20
13 262 71
13 290 3
13 312 64
13 377 8
13 379 59
13 383 78
13 397 18
14 15 63
14 106 51
14 110 42
14 111 29
14 113 13
14 165 23
14 200 86
14 233 1
14 315 82
14 343 19
14 349 54
14 353 20
14 362 4
15 16 6
15 20 39
15 79 14
15 98 99
15 103 63
15 120 7
15 137 55
15 154 83
15 168 38
15 178 55
15 184 98
15 197 8
15 220 16
15 259 38
15 267 97
15 325 35
15 335 30
15 390 1
15 396 48
16 17 61
16 19 48
16 55 32
16 119 90
16 160 33
16 191 62
16 267 52
16 295 89
16 308 86
16 344 63
16 375 41
16 380 61
17 18 94
17 105 89
17 134 52
17 138 11
17 157 45
17 164 89
17 212 4
17 218 78
17 327 31
17 329 3
17 347 80
17 387 22
18 19 40
18 55 76
18 102 79
18 182 97
18 183 20
18 243 50
18 333 13
19 20 69
19 56 74
19 84 56
19 105 39
19 148 85
19 270 85
19 302 79
19 344 89
19 358 55
19 379 7
20 21 91
20 27 53
20 54 75
20 88 79
20 153 89
20 156 20
20 326 26
20 336 50
20 348 31
20 358 31
20 389 78
20 391 32
21 22 51
21 23 89
21 84 93
21 98 68
21 254 30
21 255 2
21 271 57
21 275 76
21 390 68
22 23 7
22 95 60
22 126 55
22 176 9
22 195 77
22 205 53
22 244 78
22 268 52
22 270 25
22 306 16
22 324 75
22 361 44
22 378 69
22 387 89
23 24 60
23 150 76
23 161 11
23 185 76
23 208 80
23 268 44
23 274 8
23 279 69
23 290 29
23 312 89
23 383 72
23 384 30
24 25 84
24 38 37
24 101 46
24 106 59
24 118 34
24 139 87
24 157 70
24 196 4
24 204 40
24 207 58
24 228 97
24 264 50
24 283 36
24 285 57
24 297 99
24 318 35
24 323 85
24 347 73
24 362 49
25 26 56
25 27 92
25 95 100
25 105 16
25 136 22
25 167 30
25 172 59
25 213 26
25 230 11
25 256 92
25 309 95
25 354 57
25 359 63
25 367 48
26 27 40
26 32 14
26 90 24
26 92 69
26 96 51
26 129 86
26 133 84
26 141 18
26 143 59
26 147 100
26 154 19
26 173 8
26 234 32
26 244 86
26 249 53
26 264 81
26 275 39
26 337 49
26 343 46
26 344 16
26 347 69
26 355 63
26 382 67
26 392 51
26 393 26
27 28 96
27 41 50
27 92 27
27 133 15
27 142 77
27 161 37
27 164 41
27 203 40
27 224 64
27 253 9
27 256 56
27 272 14
27 315 23
27 336 77
27 343 52
27 379 38
27 386 98
27 393 35
28 29 64
28 39 74
28 43 12
28 56 79
28 75 43
28 89 35
28 195 3
28 205 94
28 211 71
28 231 17
28 263 81
28 275 76
28 278 79
28 314 98
28 333 48
28 350 24
28 369 12
28 370 70
28 371 100
28 374 56
29 30 8
29 38 79
29 43 88
29 130 16
29 140 40
29 146 29
29 175 33
29 234 85
29 269 73
29 292 45
29 293 40
29 297 51
29 331 58
30 31 85
30 71 53
30 94 19
30 145 71
30 236 26
30 239 33
30 314 11
30 345 14
30 346 94
30 348 28
30 369 11
30 371 79
30 383 2
30 385 8
31 32 46
31 76 67
31 110 100
31 121 7
31 227 99
31 234 98
31 251 12
31 300 60
31 320 36
31 327 85
31 329 33
31 336 2
31 339 15
31 366 8
31 389 18
32 33 26
32 43 33
32 114 44
32 148 2
32 153 64
32 164 65
32 171 75
32 178 71
32 203 54
32 285 12
32 292 40
33 34 63
33 150 39
33 182 74
33 183 18
33 184 66
33 188 84
33 295 48
33 334 67
34 35 100
34 99 67
34 168 49
34 216 45
34 260 8
34 294 32
34 310 85
34 368 82
35 36 49
35 112 85
35 129 72
35 141 67
35 197 35
35 202 39
35 211 34
35 244 99
35 288 88
35 294 91
35 306 77
35 319 81
35 321 36
35 350 71
36 37 32
36 73 79
36 125 24
36 128 39
36 131 52
36 141 49
36 181 7
36 194 38
36 200 25
36 203 3
36 238 7
36 251 84
36 259 1
36 266 86
36 357 89
36 358 87
36 380 72
36 383 3
37 38 36
37 147 70
37 155 67
37 160 41
37 170 28
37 204 13
37 240 5
37 317 52
38 39 27
38 43 36
38 61 15
38 114 13
38 115 31
38 153 59
38 159 84
38 169 89
38 243 27
38 244 12
38 293 96
38 304 51
38 353 56
38 362 7
38 367 98
38 389 4
39 40 34
39 66 83
39 88 53
39 101 79
39 142 100
39 147 81
39 154 21
39 200 1
39 213 67
39 267 100
39 300 47
39 311 72
39 319 51
39 373 23
40 41 54
40 43 39
40 62 100
40 92 86
40 135 87
40 138 58
40 143 46
40 155 74
40 160 55
40 163 35
40 174 8
40 185 62
40 210 2
40 221 60
40 239 91
40 260 84
40 262 5
40 301 81
40 319 35
40 343 9
40 359 40
40 383 97
40 399 5
41 42 36
41 74 70
41 78 42
41 188 99
41 197 58
41 227 94
41 243 96
41 276 41
41 287 70
41 330 61
41 379 20
42 43 78
42 75 1
42 121 10
42 175 1
42 195 79
42 205 4
42 251 83
42 252 80
42 256 81
42 300 30
42 323 80
42 374 8
42 378 51
43 44 1
43 49 9
43 121 2
43 153 93
43 174 68
43 188 28
43 232 13
43 290 78
43 300 21
43 318 63
43 323 18
43 329 27
43 332 96
43 337 1
43 343 32
44 45 85
44 57 19
44 90 85
44 92 61
44 110 48
44 121 62
44 172 81
44 178 74
44 209 48
44 231 17
44 241 16
44 254 79
44 287 33
44 338 23
44 341 24
44 373 62
44 391 41
45 46 27
45 56 88
45 165 51
45 224 42
45 233 52
45 234 15
45 235 87
45 266 46
45 272 31
45 297 39
45 307 69
45 314 46
45 319 76
45 334 30
45 359 35
45 361 67
46 47 1
46 95 72
46 169 25
46 173 90
46 238 9
46 273 61
46 301 90
46 333 91
46 344 15
47 48 44
47 67 91
47 115 70
47 148 72
47 165 88
47 227 30
47 252 5
47 257 50
47 295 82
47 303 14
47 391 7
48 49 85
48 55 74
48 69 5
48 83 10
48 114 16
48 128 46
48 164 71
48 225 63
48 238 20
48 309 80
48 327 18
48 337 49
48 340 43
48 378 59
49 50 66
49 69 92
49 108 37
49 109 93
49 124 54
49 142 10
49 143 30
49 159 88
49 232 5
49 272 92
49 276 79
49 286 16
49 324 16
49 332 14
49 365 89
50 51 50
50 52 47
50 53 11
50 56 83
50 72 11
50 85 81
50 186 84
50 188 85
50 192 23
50 205 10
50 211 41
50 268 11
50 275 14
50 295 88
50 310 25
50 345 68
50 368 39
50 369 38
50 386 2
50 399 1
51 52 44
51 56 73
51 80 58
51 173 56
51 243 37
51 269 11
51 283 41
51 314 18
51 317 95
51 392 11
51 399 88
52 53 71
52 57 14
52 110 92
52 148 87
52 187 75
52 188 28
52 198 51
52 228 95
52 268 30
52 285 29
52 293 81
52 351 46
53 54 11
53 104 48
53 278 61
53 298 26
53 314 34
53 331 13
54 55 62
54 72 7
54 88 52
54 97 34
54 116 78
54 131 25
54 142 4
54 169 76
54 197 14
54 312 37
54 392 74
55 56 80
55 92 43
55 158 61
55 160 22
55 197 71
55 204 5
55 233 69
55 240 24
55 356 45
56 57 54
56 85 64
56 89 74
56 100 75
56 104 92
56 108 17
56 164 16
56 186 72
56 199 13
56 215 83
56 239 58
56 307 23
56 310 11
56 367 52
56 380 27
57 58 63
57 133 100
57 139 32
57 156 50
57 157 89
57 159 41
57 162 53
57 183 8
57 240 49
57 264 12
57 270 23
57 332 34
57 339 85
57 377 65
58 59 86
58 105 27
58 109 13
58 113 36
58 131 30
58 262 93
58 334 10
58 345 21
58 370 32
58 388 74
59 60 17
59 64 60
59 115 92
59 222 5
59 284 75
59 329 91
59 341 8
59 389 14
60 61 57
60 77 93
60 97 35
60 99 70
60 127 87
60 199 45
60 206 34
60 207 77
60 236 12
60 250 70
60 317 7
60 320 7
60 324 68
60 350 62
60 368 72
61 62 18
61 80 23
61 122 69
61 182 91
61 191 100
61 200 93
61 239 58
61 264 59
61 277 54
61 304 57
61 313 40
61 330 71
61 397 35
61 398 19
62 63 85
62 86 51
62 107 85
62 140 89
62 212 14
62 224 46
62 226 86
62 239 82
62 254 42
62 263 99
62 280 11
62 328 56
62 380 25
63 64 85
63 144 96
63 206 51
63 209 71
63 264 15
63 268 38
63 282 68
63 288 3
63 289 91
63 307 14
63 312 11
63 319 59
63 364 36
63 380 98
64 65 40
64 95 76
64 165 12
64 176 87
64 193 83
64 224 46
64 229 88
64 261 42
64 382 83
65 66 8
65 74 88
65 108 31
65 138 65
65 147 12
65 157 90
65 164 72
65 195 14
65 204 16
65 248 51
65 264 53
65 310 36
65 346 92
65 362 91
66 67 76
66 73 100
66 80 60
66 112 77
66 116 7
66 125 76
66 140 36
66 141 50
66 172 63
66 213 63
66 219 92
66 231 78
66 236 50
66 249 45
66 272 64
66 296 89
66 327 31
66 350 65
66 370 63
66 394 76
67 68 98
67 82 36
67 152 80
67 156 86
67 169 18
67 187 53
67 195 92
67 204 27
67 234 86
67 250 54
67 256 44
67 291 10
67 313 72
67 337 13
67 344 50
68 69 38
68 104 40
68 111 93
68 181 27
68 240 23
68 284 58
68 306 24
68 345 37
68 351 30
69 70 96
69 74 23
69 212 43
69 307 70
69 335 48
69 363 42
69 372 35
70 71 42
70 91 31
70 170 92
70 172 84
70 222 1
70 267 90
70 280 62
70 329 97
70 344 55
70 347 68
70 397 91
71 72 50
71 104 100
71 123 41
71 140 71
71 160 74
71 179 36
71 181 74
71 191 14
71 213 65
71 226 94
71 300 87
71 313 98
72 73 100
72 87 60
72 96 94
72 124 28
72 151 63
72 154 63
72 201 3
72 213 2
72 216 44
72 218 72
72 249 47
72 289 22
72 291 10
72 333 24
72 340 78
72 351 13
73 74 30
73 107 56
73 121 96
73 132 67
73 202 14
73 213 55
73 255 80
73 277 5
73 330 51
73 354 12
73 363 14
73 365 77
73 381 18
73 383 55
73 387 19
74 75 2
74 81 20
74 185 90
74 267 18
74 273 86
74 299 93
75 76 57
75 138 14
75 152 63
75 181 91
75 187 48
75 196 82
75 204 10
75 259 80
75 296 25
75 333 18
75 334 64
75 355 91
75 388 8
76 77 83
76 109 37
76 147 27
76 157 52
76 190 50
76 220 57
76 252 60
76 255 87
76 264 56
76 382 12
77 78 57
77 115 86
77 203 19
77 214 72
77 250 30
77 251 31
77 254 47
77 269 31
77 322 43
77 323 56
77 328 40
77 330 52
77 336 15
78 79 14
78 90 49
78 98 63
78 147 5
78 201 37
78 222 91
78 275 82
78 318 27
78 324 42
78 388 2
79 80 3
79 150 29
79 233 61
79 253 38
79 271 32
79 292 92
79 343 87
79 354 69
79 363 88
79 397 46
80 81 30
80 89 43
80 154 74
80 215 23
80 223 45
80 239 55
80 243 32
80 270 3
80 347 54
80 355 65
80 381 64
81 82 53
81 153 18
81 201 29
81 223 95
81 241 93
81 269 43
81 282 57
81 283 30
81 290 12
81 310 23
81 326 10
81 348 46
81 380 37
82 83 48
82 110 98
82 198 72
82 211 2
82 221 35
82 229 72
82 282 36
82 312 53
82 320 100
82 323 9
82 324 11
82 355 23
82 361 75
83 84 13
83 89 11
83 102 1
83 217 27
83 220 94
83 221 65
83 239 87
83 246 80
83 289 4
83 339 48
83 378 81
83 382 51
83 384 50
84 85 67
84 111 73
84 173 7
84 174 9
84 236 18
84 245 75
84 321 80
84 369 11
84 380 95
84 384 45
85 86 51
85 90 62
85 104 45
85 109 19
85 170 45
85 195 36
85 211 3
85 226 45
85 237 67
85 245 77
85 268 78
85 278 100
85 293 70
85 347 47
85 364 70
85 392 68
86 87 58
86 107 6
86 214 56
86 253 9
86 254 66
86 261 45
86 268 77
86 290 85
86 318 6
86 319 38
86 355 30
87 88 64
87 131 57
87 152 25
87 194 94
87 203 2
87 207 12
87 213 92
87 215 53
87 246 13
87 262 4
87 312 51
87 317 83
87 319 95
87 362 20
87 366 72
87 388 75
87 393 27
88 89 92
88 107 2
88 117 74
88 145 50
88 161 100
88 163 70
88 216 42
88 225 79
88 252 65
88 274 39
88 330 74
88 363 98
88 373 5
88 384 87
89 90 10
89 150 55
89 172 43
89 239 83
89 279 84
89 326 48
89 357 52
90 91 22
90 122 56
90 140 55
90 164 47
90 169 12
90 180 56
90 181 33
90 222 87
90 225 69
90 241 16
90 258 55
90 262 79
90 273 100
90 280 9
90 282 62
90 331 2
90 372 21
90 376 12
90 379 86
90 392 23
91 92 37
91 110 15
91 143 51
91 162 64
91 235 61
91 296 72
91 317 32
91 380 28
91 381 45
92 93 93
92 99 36
92 116 27
92 147 26
92 152 6
92 166 5
92 171 10
92 193 3
92 211 84
92 216 7
92 240 8
92 264 88
92 266 8
92 360 22
93 94 44
93 169 71
93 180 57
93 181 6
93 187 26
93 227 56
93 237 73
93 244 59
93 315 58
93 379 79
93 390 16
94 95 30
94 135 48
94 160 86
94 194 16
94 202 71
94 217 31
94 233 70
94 258 92
94 285 93
94 352 54
94 360 6
94 363 78
94 368 20
95 96 40
95 106 47
95 134 21
95 144 91
95 196 39
95 254 8
95 303 94
95 308 57
95 326 21
95 347 6
95 359 45
95 370 13
95 399 62
96 97 18
96 168 84
96 187 46
96 210 28
96 212 64
96 283 38
96 313 80
96 348 6
96 364 33
96 376 95
96 391 78
97 98 52
97 109 89
97 135 93
97 169 35
97 229 12
97 244 20
97 282 79
97 283 82
97 286 78
97 324 88
97 375 85
98 99 61
98 101 80
98 109 36
98 171 43
98 203 100
98 219 36
98 220 52
98 237 24
98 260 17
98 263 9
98 289 71
98 295 50
98 306 86
98 385 60
99 100 96
99 203 75
99 215 100
99 218 19
99 300 14
99 320 88
99 376 35
99 381 57
99 389 65
100 101 97
100 111 42
100 116 99
100 159 10
100 178 29
100 231 83
100 272 97
100 286 4
100 292 93
100 306 86
100 347 24
100 368 72
100 386 99
100 387 45
100 393 37
101 102 30
101 110 56
101 160 56
101 175 41
101 187 16
101 203 20
101 208 35
101 211 35
101 288 22
101 323 8
101 367 21
101 371 9
101 373 61
101 388 64
102 103 51
102 109 46
102 153 11
102 211 85
102 256 46
102 260 24
102 279 54
102 280 26
102 333 15
102 352 68
102 361 18
102 384 11
102 387 87
103 104 82
103 108 67
103 116 6
103 122 94
103 197 86
103 228 47
103 266 59
103 292 21
103 312 22
103 370 38
103 374 1
104 105 68
104 109 60
104 111 75
104 119 98
104 124 12
104 146 81
104 210 59
104 239 15
104 249 27
104 261 20
104 291 54
104 303 91
104 306 55
104 320 94
105 106 84
105 195 99
105 264 69
105 376 18
105 383 86
105 397 8
106 107 57
106 163 86
106 232 9
106 344 49
106 363 9
106 370 75
106 380 51
106 392 33
107 108 83
107 144 66
107 162 97
107 254 57
107 257 21
107 263 69
107 316 78
107 366 63
107 367 5
107 380 19
107 395 64
108 109 12
108 151 96
108 155 63
108 158 97
108 189 25
108 190 59
108 242 36
108 254 30
108 278 6
108 302 6
108 305 80
108 360 3
108 372 53
108 377 46
108 387 90
109 110 97
109 126 12
109 177 94
109 180 73
109 211 16
109 315 12
109 326 76
109 333 71
109 397 56
110 111 30
110 115 87
110 117 51
110 118 27
110 122 98
110 160 44
110 170 34
110 189 95
110 218 69
110 238 41
110 298 53
110 342 5
110 376 48
110 395 17
111 112 65
111 130 6
111 147 60
111 187 62
111 262 79
111 290 95
111 326 27
111 356 14
111 374 23
111 383 98
112 113 85
112 138 90
112 140 52
112 172 15
112 198 34
112 207 41
112 223 56
112 291 20
112 310 18
112 327 40
113 114 62
113 169 96
113 228 40
113 232 63
113 272 26
113 273 95
113 286 53
113 342 96
114 115 60
114 118 4
114 152 22
114 159 41
114 160 61
114 284 68
114 286 29
114 315 72
114 324 95
114 348 92
114 360 22
114 372 64
114 386 85
115 116 7
115 177 53
115 208 19
115 257 60
115 308 37
115 345 2
115 365 29
115 393 53
115 395 88
115 396 72
116 117 40
116 171 70
116 188 4
116 190 100
116 192 7
116 235 60
116 268 47
116 284 12
116 302 22
116 370 4
116 374 73
117 118 45
117 212 11
117 223 16
117 289 85
117 320 84
118 119 91
118 153 40
118 155 9
118 161 4
118 175 23
118 180 79
118 187 67
118 202 9
118 239 96
118 258 20
118 304 74
118 319 23
118 353 10
119 120 90
119 130 98
119 159 70
119 169 44
119 206 29
119 210 6
119 221 53
119 230 69
119 274 19
120 121 20
120 122 71
120 140 67
120 157 57
120 180 12
120 181 31
120 195 4
120 261 26
120 328 93
120 381 50
120 389 11
121 122 94
121 141 74
121 145 23
121 151 62
121 231 100
121 282 47
121 301 82
121 306 34
121 317 41
122 123 15
122 151 24
122 170 9
122 303 59
122 318 15
122 333 87
123 124 65
123 168 12
123 190 99
123 203 11
123 213 70
123 220 45
123 226 78
123 241 69
123 242 63
123 263 56
123 272 76
123 274 42
123 332 5
123 374 18
123 377 99
124 125 64
124 166 78
124 192 95
124 198 35
124 262 58
124 269 54
124 271 54
124 344 59
124 372 68
125 126 65
125 169 18
125 255 38
125 278 60
125 295 64
125 331 15
125 361 64
125 373 61
125 375 87
126 127 22
126 139 98
126 182 100
126 197 89
126 259 24
126 268 57
126 355 55
126 376 62
126 380 10
127 128 16
127 132 62
127 229 74
127 230 88
127 237 96
127 287 26
128 129 56
128 130 73
128 153 88
128 163 56
128 173 1
128 190 62
128 199 27
128 252 63
128 273 70
128 284 4
128 292 36
128 305 32
128 394 17
129 130 31
129 162 52
129 193 90
129 221 40
129 247 89
129 323 45
129 325 19
129 360 17
129 396 42
130 131 64
130 181 59
130 182 9
130 183 73
130 197 85
130 242 74
130 375 53
131 132 91
131 137 39
131 172 34
131 218 90
131 253 18
131 297 100
131 299 4
131 340 5
131 375 69
132 133 77
132 153 18
132 239 10
132 243 90
132 318 89
132 333 6
132 364 86
133 134 38
133 157 29
133 191 99
133 204 84
133 209 52
133 223 60
133 230 35
133 237 71
133 282 49
133 294 13
133 304 94
133 307 3
133 308 41
133 333 84
133 365 45
134 135 18
134 139 7
134 196 68
134 199 85
134 212 22
134 261 99
134 270 46
134 277 33
134 309 72
134 354 76
134 389 18
135 136 38
135 148 19
135 203 43
135 221 92
135 226 9
135 246 57
135 291 16
135 347 54
135 379 28
135 390 50
135 396 24
136 137 39
136 230 16
136 238 18
136 271 97
136 323 37
136 378 39
136 379 59
137 138 34
137 142 31
137 165 48
137 201 21
137 220 66
137 241 30
137 314 63
137 340 39
137 361 69
137 383 25
138 139 26
138 142 22
138 163 74
138 178 48
138 198 37
138 199 99
138 220 87
138 232 53
138 248 93
138 270 71
138 398 71
139 140 12
139 150 74
139 171 52
139 209 24
139 216 65
139 232 31
139 251 50
139 370 82
140 141 54
140 199 45
140 226 30
140 300 86
140 341 36
140 356 19
141 142 21
141 197 42
141 203 25
141 204 76
141 206 8
141 215 56
141 228 6
141 237 83
141 256 2
141 267 32
141 274 55
141 291 31
141 313 13
141 348 3
141 379 4
142 143 33
142 186 40
142 275 54
142 305 54
142 334 71
142 340 4
142 350 73
142 371 11
142 393 81
142 394 63
143 144 30
143 259 60
143 314 45
143 357 14
143 386 38
144 145 89
144 228 13
144 260 95
144 275 88
144 287 23
144 313 94
144 356 100
144 377 87
144 394 46
145 146 28
145 153 26
145 157 5
145 163 90
145 167 79
145 264 51
145 287 71
145 296 47
145 327 56
146 147 65
146 170 60
146 171 37
146 244 67
146 246 60
146 254 34
146 289 91
146 300 9
146 309 83
146 348 21
146 365 47
146 367 20
147 148 4
147 186 66
147 190 81
147 259 72
147 301 4
147 390 75
148 149 51
148 165 65
148 184 51
148 217 72
148 250 84
148 256 65
148 264 14
148 280 16
148 291 46
148 338 72
148 384 98
148 394 78
149 150 60
149 155 92
149 186 4
149 214 83
149 236 65
149 275 93
149 325 88
149 335 33
149 365 100
149 390 17
150 151 36
150 174 30
150 236 59
150 262 89
150 266 41
150 272 37
150 379 53
150 393 22
151 152 27
151 187 41
151 188 78
151 226 75
151 253 13
151 259 53
151 312 35
151 334 23
151 372 21
151 379 68
152 153 80
152 181 78
152 227 64
152 246 88
152 297 6
152 320 14
152 357 32
153 154 7
153 171 3
153 183 48
153 235 90
153 298 60
153 307 47
153 340 68
154 155 82
154 163 91
154 180 65
154 187 51
154 219 90
154 231 35
154 232 53
154 280 39
154 296 70
154 313 37
154 357 39
155 156 32
155 174 35
155 195 61
155 214 94
155 223 15
155 246 42
155 279 17
155 283 77
155 285 6
155 322 79
155 399 2
156 157 25
156 203 47
156 238 13
156 291 76
156 314 21
156 362 98
156 369 7
157 158 80
157 167 85
157 188 96
157 226 6
157 306 95
157 345 32
157 361 100
157 385 35
157 386 40
157 396 52
158 159 40
158 184 6
158 202 68
158 277 88
158 289 93
158 294 15
158 306 43
158 310 61
158 320 95
158 335 23
158 337 94
158 358 90
158 391 40
159 160 19
159 170 29
159 173 17
159 196 71
159 227 67
159 329 96
159 352 53
159 367 80
159 380 18
160 161 57
160 192 64
160 209 54
160 218 5
160 246 68
160 263 24
160 314 64
160 323 87
161 162 82
161 173 7
161 179 98
161 198 11
161 206 79
161 209 33
161 213 23
161 230 20
161 231 70
161 270 41
161 304 2
161 347 49
161 378 72
161 391 87
162 163 100
162 186 60
162 190 75
162 210 47
162 218 75
162 222 26
162 248 19
162 254 84
162 267 71
163 164 93
163 188 93
163 191 29
163 201 59
163 207 89
163 222 41
163 325 71
163 337 80
163 368 52
164 165 24
164 186 54
164 217 6
164 225 41
164 356 29
164 365 60
164 377 6
164 389 42
164 397 28
165 166 61
165 184 97
165 239 97
165 285 38
165 300 70
165 323 8
165 324 16
165 393 9
166 167 7
166 199 66
166 251 46
166 263 51
166 279 23
166 290 66
166 326 69
166 328 32
166 337 67
167 168 59
167 185 19
167 191 66
167 195 16
167 224 9
167 313 27
167 340 36
167 398 89
168 169 20
168 175 6
168 216 67
168 249 24
168 285 37
168 294 22
168 296 1
168 331 91
168 351 50
168 375 72
169 170 67
169 176 58
169 215 82
169 239 53
169 302 37
169 306 25
169 307 33
169 311 72
169 314 46
169 354 93
169 376 63
169 383 53
170 171 9
170 189 58
170 208 66
170 222 3
170 226 8
170 298 38
170 315 42
170 317 62
170 362 54
170 373 97
170 388 18
170 398 65
171 172 75
171 213 75
171 222 79
171 240 86
171 282 2
171 329 23
171 335 58
171 389 76
172 173 70
172 200 78
172 237 95
172 270 64
172 280 29
172 314 56
172 356 24
172 388 90
173 174 83
173 188 96
173 201 86
173 207 60
173 237 9
173 321 74
173 330 11
173 339 7
173 361 47
173 371 2
174 175 71
174 216 69
174 265 25
174 294 21
174 352 60
174 369 94
174 390 36
175 176 46
175 236 66
175 254 12
175 312 72
175 317 17
175 375 30
175 381 100
175 387 65
175 390 19
176 177 56
176 199 69
176 238 60
176 251 40
176 271 41
176 319 95
176 329 21
176 339 44
176 346 94
176 349 64
176 355 1
176 359 96
177 178 12
177 180 89
177 182 32
177 200 44
177 213 31
177 244 35
177 257 13
177 304 5
177 305 66
177 316 57
177 330 92
177 354 71
177 383 47
177 387 41
178 179 87
178 194 73
178 203 10
178 209 74
178 282 2
178 293 3
178 297 4
178 316 28
178 330 45
178 367 14
178 381 95
178 386 2
179 180 24
179 239 61
179 281 99
179 293 92
179 309 98
179 327 29
179 331 31
179 337 53
179 341 6
179 370 92
180 181 46
180 188 94
180 233 20
180 258 98
180 259 39
180 270 41
180 286 39
180 295 47
180 318 22
180 328 96
180 352 34
180 363 4
180 364 74
181 182 81
181 307 18
181 318 64
181 337 65
181 338 21
181 343 37
181 392 67
182 183 40
182 214 96
182 226 12
182 290 25
182 380 41
183 184 64
183 188 7
183 191 93
183 211 85
183 220 93
183 221 95
183 227 86
183 230 84
183 238 91
183 309 53
183 314 75
183 348 33
183 384 90
184 185 89
184 190 53
184 203 58
184 267 80
184 276 45
184 283 17
184 315 96
184 330 33
184 335 16
184 365 78
185 186 76
185 193 20
185 230 3
185 239 45
185 277 65
185 281 74
185 312 31
185 344 85
185 377 73
186 187 36
186 226 82
186 294 69
186 311 58
186 388 68
187 188 83
187 244 37
187 290 26
187 300 74
187 318 51
187 345 14
187 350 96
187 377 25
188 189 31
188 232 81
188 288 91
188 317 73
188 322 56
189 190 9
189 199 91
189 264 1
190 191 62
190 222 15
190 230 4
190 252 35
190 279 100
190 337 63
190 354 30
191 192 80
191 196 90
191 197 84
191 208 17
191 210 18
191 231 67
191 298 92
191 332 22
191 344 66
191 364 63
192 193 56
192 281 68
192 317 35
192 337 49
192 360 71
192 399 72
193 194 10
193 227 13
193 234 14
193 335 83
193 343 91
193 366 8
193 377 22
193 399 53
194 195 21
194 261 40
194 290 16
195 196 55
195 204 52
195 221 15
195 225 54
195 242 100
195 255 36
195 289 69
195 295 37
195 328 51
195 344 9
195 387 1
195 393 29
196 197 36
196 211 22
196 248 80
196 291 23
196 300 15
196 330 26
196 359 12
197 198 46
197 204 9
197 208 48
197 220 100
197 241 4
197 242 54
197 271 24
197 278 29
197 282 34
197 306 31
197 339 100
197 350 45
197 378 19
198 199 4
198 203 39
198 222 7
198 252 60
198 306 68
198 328 71
198 369 94
198 378 41
199 200 12
199 213 3
199 219 57
199 247 31
199 299 81
199 301 4
199 348 90
199 366 45
199 387 57
199 389 28
200 201 63
200 220 31
200 292 96
200 314 17
200 355 97
200 368 24
200 376 61
201 202 90
201 204 9
201 210 41
201 271 6
201 283 57
201 295 67
201 312 45
201 328 12
201 354 39
201 366 99
201 371 65
202 203 11
202 268 60
202 354 50
202 359 66
202 384 56
202 397 99
203 204 46
203 210 31
203 226 37
203 229 77
203 248 94
203 255 76
203 276 7
203 279 69
203 365 100
204 205 91
204 224 43
204 235 67
204 243 78
204 296 85
205 206 46
205 356 28
206 207 30
206 216 96
206 223 63
206 241 69
206 254 76
206 281 58
206 354 61
206 376 99
207 208 68
207 279 77
207 283 27
207 295 64
207 385 1
208 209 46
208 229 49
208 287 61
208 310 56
208 341 97
208 344 35
208 377 90
209 210 71
209 229 35
209 235 95
209 287 8
209 301 46
209 305 32
209 347 47
209 369 11
209 376 57
209 379 7
209 392 89
210 211 13
210 278 20
210 345 85
211 212 24
211 238 23
211 254 32
211 310 60
211 316 10
211 388 33
211 389 2
212 213 54
212 278 16
212 321 90
212 392 6
213 214 67
213 233 65
213 247 3
213 261 12
213 281 73
213 294 76
213 302 52
213 334 61
213 375 39
213 379 87
214 215 76
214 326 42
214 346 59
214 378 13
215 216 23
215 241 1
215 382 91
216 217 83
216 234 12
216 263 89
216 322 86
216 335 67
216 356 1
216 368 55
216 385 63
216 393 40
217 218 13
217 246 37
217 308 81
217 344 68
217 345 3
217 362 34
217 366 73
217 381 65
218 219 95
218 270 45
218 275 63
218 299 26
218 333 14
218 341 87
218 360 7
218 362 88
218 365 75
218 398 41
218 399 23
219 220 23
219 315 34
219 340 53
219 373 10
219 375 51
220 221 33
220 271 85
220 272 80
220 355 22
220 358 3
221 222 86
221 247 87
221 253 38
221 270 13
221 271 96
221 285 58
221 304 50
221 306 97
221 325 87
221 361 50
221 386 48
222 223 29
222 241 32
222 247 77
222 277 13
222 299 26
222 348 20
222 390 63
223 224 6
223 291 13
223 313 32
223 319 38
223 367 25
223 383 86
224 225 78
224 274 58
224 313 65
224 320 51
224 336 7
224 345 18
224 357 72
224 372 20
224 379 44
225 226 14
225 289 57
225 291 40
226 227 73
226 235 78
226 243 23
226 248 97
226 296 58
226 324 59
226 334 19
227 228 48
227 242 36
227 267 36
227 322 40
227 340 14
227 351 72
227 377 78
227 390 53
228 229 95
228 244 37
228 246 84
228 259 48
228 352 3
228 360 48
228 379 49
228 382 33
229 230 63
229 389 4
229 396 23
230 231 44
230 330 13
230 341 11
230 366 20
231 232 38
231 252 56
231 275 95
231 286 50
231 322 13
231 332 89
231 345 57
231 360 2
231 363 92
231 380 6
231 386 27
231 390 24
232 233 89
232 266 45
232 284 18
232 299 42
232 302 25
232 358 83
232 379 12
233 234 21
233 235 32
233 270 50
233 315 60
233 355 44
233 360 37
233 387 100
233 393 90
234 235 56
234 238 59
234 276 25
234 277 47
234 287 14
234 295 51
234 312 71
234 358 100
234 362 72
234 397 54
235 236 40
235 243 97
235 293 66
235 300 29
235 333 7
235 346 34
235 385 45
236 237 73
236 261 99
236 275 31
236 373 68
237 238 90
237 240 26
237 272 36
237 275 38
237 289 96
237 322 46
237 323 54
237 327 76
237 371 16
237 388 62
238 239 54
238 243 55
238 254 81
238 264 6
238 281 39
238 342 72
238 377 84
238 391 39
239 240 53
239 266 28
239 372 36
240 241 64
240 292 90
240 320 17
240 321 88
240 335 22
240 340 71
240 343 68
240 385 100
241 242 98
241 251 92
241 352 40
241 368 49
241 377 69
242 243 32
242 257 71
242 263 34
242 284 45
242 289 53
242 309 75
242 320 99
242 359 94
242 365 62
242 396 9
243 244 15
243 255 14
243 325 75
243 331 3
243 351 77
244 245 91
244 282 70
244 307 39
244 342 77
244 370 25
245 246 17
245 282 78
245 299 44
245 303 3
245 310 36
245 389 12
246 247 87
246 287 18
246 289 4
246 359 54
246 367 71
246 388 68
247 248 55
247 282 52
247 314 90
247 365 72
248 249 54
248 279 28
248 301 28
248 347 31
248 358 6
248 383 70
248 385 73
249 250 98
249 282 39
249 303 36
249 307 57
249 382 75
250 251 82
250 257 86
250 260 52
250 292 29
250 299 14
250 313 38
250 323 42
250 333 12
250 360 28
250 362 94
250 378 53
250 398 5
251 252 22
251 286 24
251 302 65
251 305 56
251 310 43
251 330 47
252 253 68
252 267 64
252 275 34
252 280 50
252 298 75
252 319 58
252 391 28
252 397 5
253 254 49
253 261 56
253 268 67
253 280 99
253 282 81
253 287 58
253 289 38
253 306 85
253 310 53
253 315 27
253 385 98
254 255 69
254 342 73
254 366 32
254 381 65
254 396 18
255 256 65
255 271 81
255 297 95
255 299 98
255 319 74
255 334 98
255 363 37
255 396 60
256 257 37
256 282 37
256 294 78
257 258 85
257 272 25
257 285 22
258 259 75
258 278 32
258 349 22
258 367 25
259 260 55
259 279 18
259 312 54
259 333 84
259 366 83
259 377 74
259 378 76
260 261 15
260 286 91
260 296 89
260 302 1
260 307 23
260 381 87
261 262 56
261 268 60
261 270 65
261 282 40
261 298 19
261 305 7
261 324 22
261 362 68
261 397 43
262 263 36
262 279 11
262 284 27
262 318 93
262 321 2
262 340 4
262 350 55
263 264 1
263 292 67
263 297 29
263 302 31
264 265 83
264 282 68
264 286 80
264 299 78
264 313 35
264 350 38
265 266 100
265 307 90
265 363 5
266 267 23
266 270 42
266 328 82
266 346 39
266 348 90
266 384 48
266 385 60
266 387 8
267 268 75
267 281 35
267 288 39
267 362 75
267 365 26
267 378 29
267 381 17
268 269 17
268 276 50
268 379 78
269 270 33
269 295 88
269 300 94
269 314 69
269 336 21
269 353 7
269 384 18
269 396 78
270 271 14
270 272 42
270 276 28
270 285 64
270 294 19
270 307 92
270 317 55
270 375 68
271 272 91
271 342 53
271 363 64
272 273 11
272 303 37
272 342 63
272 350 92
273 274 31
273 283 89
273 284 20
273 357 53
273 392 77
274 275 11
274 291 19
274 298 35
274 362 58
274 397 77
275 276 76
275 361 14
275 366 93
275 386 86
276 277 21
276 286 31
276 319 48
276 394 19
277 278 52
277 291 20
277 294 25
277 363 92
277 395 68
278 279 48
278 300 68
278 310 15
278 316 17
278 334 32
279 280 24
279 358 77
280 281 71
280 329 69
280 343 2
280 375 12
280 383 30
281 282 70
281 286 82
281 313 94
281 368 69
281 373 76
281 378 61
281 394 24
282 283 93
282 310 20
282 319 54
282 342 25
282 347 37
283 284 78
283 315 75
283 325 27
283 328 81
284 285 38
284 334 66
284 340 23
284 341 15
284 382 12
284 383 18
285 286 24
285 320 1
285 345 20
285 384 98
286 287 69
286 309 90
286 349 57
286 381 95
287 288 10
287 301 8
287 303 31
287 319 88
287 329 51
287 336 71
287 381 78
287 398 70
288 289 79
288 334 37
289 290 82
289 316 27
289 340 56
289 352 47
289 373 46
290 291 31
290 306 68
290 333 14
290 348 87
290 376 88
291 292 58
291 313 9
291 348 87
291 351 69
291 378 57
291 384 37
292 293 49
292 299 26
292 309 29
292 312 99
292 350 9
293 294 51
293 324 20
293 358 88
294 295 96
294 313 35
294 324 36
294 325 98
294 353 81
294 382 98
294 397 80
295 296 54
295 303 56
295 330 74
295 334 8
295 344 23
295 360 6
295 395 38
296 297 91
296 348 88
296 354 16
296 360 44
296 364 17
297 298 24
297 307 49
298 299 78
298 305 12
298 341 34
298 342 30
298 380 16
299 300 90
299 317 34
299 339 17
299 359 12
299 367 97
299 390 28
299 394 12
300 301 51
300 318 29
300 321 52
300 348 20
300 360 1
301 302 34
301 344 55
301 351 86
301 355 85
302 303 34
302 375 6
303 304 61
303 307 85
303 314 99
303 326 87
303 333 20
303 351 6
303 352 7
303 398 32
304 305 63
304 327 70
304 332 54
304 333 37
304 364 38
304 388 45
305 306 36
305 374 49
306 307 89
307 308 77
307 309 2
308 309 62
308 312 39
308 315 55
308 346 95
308 393 84
309 310 17
309 314 85
309 316 27
309 382 37
310 311 13
310 326 51
310 327 36
310 337 34
310 341 100
310 387 82
310 396 17
311 312 61
311 315 70
311 370 30
311 377 55
311 388 22
312 313 93
312 367 86
313 314 46
314 315 45
314 359 14
314 363 20
314 375 41
315 316 40
315 320 95
315 339 2
315 358 68
315 359 50
315 369 63
315 379 47
316 317 50
316 344 29
316 365 4
316 385 21
317 318 7
317 331 3
317 361 24
318 319 97
318 338 98
318 379 26
319 320 24
319 334 30
319 341 38
319 365 9
319 396 95
320 321 59
320 360 82
320 363 19
320 380 95
320 398 90
321 322 68
322 323 60
322 352 80
322 366 94
322 379 31
322 381 72
323 324 54
323 335 57
323 340 95
323 344 22
323 357 54
323 359 18
323 368 81
324 325 42
324 346 71
324 363 39
324 365 31
325 326 1
325 331 5
325 359 79
325 393 15
326 327 75
326 340 63
326 358 20
326 359 84
326 367 52
327 328 47
327 362 54
327 391 99
328 329 1
328 333 49
328 360 83
328 364 99
329 330 94
329 373 5
329 378 40
329 391 45
329 395 89
330 331 86
330 356 67
331 332 14
331 348 51
331 362 2
331 379 16
331 395 25
332 333 80
332 345 76
332 354 69
332 363 17
332 369 14
333 334 97
333 343 5
333 357 72
333 389 38
334 335 60
334 351 30
334 392 21
335 336 24
335 387 24
336 337 97
336 339 21
336 370 5
336 386 36
337 338 56
337 340 12
337 378 47
337 386 33
337 387 63
338 339 99
338 374 28
338 382 22
338 399 70
339 340 17
339 359 92
339 362 63
340 341 62
341 342 24
341 389 39
341 395 82
342 343 77
342 363 32
342 374 48
342 379 84
343 344 18
343 363 100
343 367 30
344 345 35
344 346 24
345 346 59
346 347 99
346 370 82
346 385 33
347 348 84
348 349 24
349 350 38
349 376 26
349 392 27
349 395 24
350 351 79
350 369 65
350 375 8
351 352 6
351 385 49
352 353 56
353 354 24
353 361 25
354 355 88
354 373 44
354 379 66
355 356 57
356 357 12
356 385 70
357 358 80
358 359 90
358 373 63
359 360 53
360 361 14
361 362 90
362 363 20
363 364 7
364 365 96
364 386 73
364 392 91
365 366 71
366 367 95
366 370 44
367 368 52
367 392 76
368 369 51
368 376 44
368 378 99
369 370 32
369 385 19
370 371 21
370 380 8
371 372 61
371 385 18
372 373 32
372 391 18
373 374 46
373 393 2
374 375 31
374 396 83
375 376 86
375 377 86
375 388 43
376 377 36
376 380 80
377 378 14
377 391 76
378 379 62
379 380 50
380 381 59
380 386 93
380 393 43
381 382 74
382 383 25
382 386 1
383 384 92
384 385 33
385 386 28
385 390 31
386 387 8
387 388 22
388 389 59
388 393 30
388 396 60
389 390 20
390 391 60
390 399 94
391 392 93
391 398 36
392 393 3
392 397 29
393 394 67
394 395 4
395 396 43
396 397 54
397 398 40
398 399 69
399 400 84
