300 1760 30 4374
2 6 13 17 27 30 39 41 49 55 63 76 84 93 106 108 124 132 143 147 151 161 189 207 208 218 232 249 252 271 
1 2 20
1 40 42
1 94 82
1 168 77
1 172 44
1 177 42
1 206 27
1 207 48
1 253 47
1 259 73
1 261 30
1 300 87
2 3 77
2 14 45
2 72 50
2 73 21
2 101 44
2 110 52
2 112 32
2 140 9
2 181 62
2 201 36
2 259 11
2 273 60
3 4 70
3 106 61
3 121 32
3 124 10
3 132 51
3 145 56
3 167 50
3 185 48
3 188 16
3 201 24
3 260 58
3 262 4
3 268 55
3 282 68
4 5 87
4 18 18
4 51 32
4 57 76
4 60 8
4 71 78
4 95 11
4 142 36
4 143 81
4 150 97
4 188 8
5 6 99
5 10 26
5 27 46
5 103 39
5 159 20
5 163 93
5 233 32
5 266 16
5 269 32
5 273 1
5 282 4
6 7 9
6 23 22
6 82 91
6 116 7
6 142 35
6 155 79
6 191 13
6 197 87
6 219 58
6 231 29
6 273 27
6 295 66
7 8 100
7 48 58
7 72 82
7 83 100
7 109 89
7 131 85
7 282 79
8 9 51
8 10 78
8 86 64
8 87 76
8 123 14
8 137 5
8 158 84
8 216 26
8 220 61
8 232 10
8 246 89
8 261 14
8 267 72
8 276 31
8 286 36
9 10 97
9 39 89
9 57 38
9 91 20
9 126 94
9 189 8
9 196 68
9 200 76
9 238 53
9 274 56
10 11 1
10 17 17
10 52 87
10 72 86
10 179 70
10 191 42
10 202 98
11 12 54
11 46 26
11 89 99
12 13 38
12 27 18
12 30 77
12 31 38
12 48 69
12 52 69
12 59 58
12 95 29
12 96 23
12 139 62
12 140 60
12 152 44
12 157 61
12 207 44
12 239 62
12 259 42
12 290 85
13 14 7
13 92 27
13 125 76
13 130 41
13 172 89
13 200 22
13 212 17
13 242 86
13 259 99
14 15 34
14 57 36
14 89 48
14 108 94
14 159 26
14 161 55
14 239 7
14 242 36
14 258 47
14 293 70
15 16 79
15 28 10
15 49 2
15 52 9
15 71 13
15 97 38
15 174 96
15 192 35
15 200 63
15 215 94
15 222 64
15 246 30
15 288 45
15 298 43
16 17 62
16 92 49
16 107 42
16 126 48
16 138 84
16 148 14
16 164 66
16 189 28
16 191 75
16 213 75
16 215 71
16 296 23
16 298 54
17 18 1
17 44 80
17 57 28
17 66 7
17 161 87
17 170 80
17 172 16
17 174 60
17 205 22
17 229 73
17 279 90
18 19 93
18 41 98
18 59 64
18 80 88
18 99 55
18 220 43
18 221 51
19 20 45
19 24 19
19 62 19
19 78 34
19 89 38
19 138 44
19 162 46
19 226 60
19 274 47
19 278 72
19 296 8
19 298 86
20 21 50
20 44 55
20 47 37
20 83 40
20 123 88
20 135 7
20 161 52
20 174 24
20 182 33
20 188 73
20 227 15
20 248 77
20 259 34
21 22 87
21 38 40
21 86 85
21 89 22
21 141 98
21 158 12
21 168 30
21 222 87
21 227 91
21 270 49
21 274 30
22 23 34
22 74 78
22 158 81
22 267 43
22 297 77
23 24 61
23 98 11
23 118 76
23 143 38
23 159 18
23 281 86
24 25 45
24 74 59
24 141 31
24 149 63
24 172 37
24 177 20
24 179 33
24 233 14
24 282 39
25 26 27
25 88 28
25 96 25
25 113 82
25 119 71
25 120 34
25 146 48
25 199 10
25 249 7
25 276 34
26 27 8
26 47 33
26 79 22
26 171 49
26 174 24
26 189 66
26 193 67
26 195 58
26 251 70
26 264 9
27 28 41
27 58 94
27 141 4
27 142 54
27 160 28
27 227 15
27 264 68
27 277 12
28 29 82
28 56 96
28 70 9
28 81 73
28 84 37
28 93 10
28 187 98
28 225 97
28 241 85
28 244 96
28 257 78
29 30 89
29 77 14
29 97 37
29 118 50
29 155 61
29 172 75
29 223 69
29 224 30
29 233 95
29 236 49
29 241 41
29 243 12
29 248 18
30 31 90
30 62 13
30 108 79
30 142 8
30 146 14
30 152 27
30 154 53
30 175 52
30 235 20
30 266 97
30 292 96
30 293 5
30 297 12
31 32 22
31 56 87
31 62 22
31 105 12
31 110 82
31 119 45
31 154 81
31 155 5
31 164 90
31 175 41
31 208 7
31 289 68
32 33 47
32 45 32
32 55 79
32 69 8
32 79 81
32 161 39
32 176 23
32 247 75
32 258 40
32 276 96
32 277 66
33 34 35
33 93 26
33 162 95
33 164 81
33 225 92
33 251 26
33 272 7
34 35 61
34 62 84
34 74 51
34 83 32
34 87 84
34 108 39
34 139 53
34 174 98
34 178 84
34 186 28
34 203 29
34 222 49
34 241 12
35 36 94
35 80 2
35 133 59
35 136 77
35 143 20
35 163 14
35 172 62
35 181 58
35 192 48
35 259 21
36 37 84
36 43 69
36 83 70
36 98 16
36 116 38
36 117 50
36 118 25
36 151 7
36 157 54
36 162 86
36 183 42
36 194 67
36 278 58
37 38 23
37 44 75
37 67 88
37 71 40
37 123 96
37 155 71
37 190 70
37 243 24
37 246 31
38 39 88
38 49 79
38 116 6
38 132 89
38 139 70
38 174 72
38 196 35
38 209 63
38 231 76
38 249 38
38 296 39
39 40 14
39 99 87
39 153 49
39 262 83
39 273 52
40 41 76
40 50 33
40 98 34
40 178 48
40 216 93
40 227 49
40 230 99
40 289 34
40 294 66
40 298 52
41 42 16
41 62 75
41 67 7
41 107 4
41 123 88
41 150 33
41 155 53
41 162 11
41 193 16
41 211 1
41 229 23
41 262 11
41 290 14
42 43 25
42 67 54
42 139 81
42 146 11
42 159 80
42 161 46
42 261 96
42 265 22
43 44 54
43 48 62
43 67 78
43 149 12
43 153 87
43 160 32
43 164 20
43 239 20
43 274 93
44 45 51
44 64 83
44 93 7
44 127 22
44 152 70
44 228 44
44 241 92
44 268 56
44 276 2
44 284 37
44 290 97
45 46 42
45 72 52
45 82 76
45 93 43
45 192 62
45 270 73
45 285 65
45 298 86
46 47 87
46 80 45
46 89 81
46 97 58
46 104 39
46 112 39
46 177 97
46 208 43
46 213 64
46 242 89
46 249 33
47 48 62
47 55 7
47 94 43
47 149 9
47 169 75
47 180 63
47 184 81
47 191 51
47 213 99
47 244 58
47 248 16
48 49 6
48 80 8
48 98 72
48 100 76
48 109 62
48 119 40
48 169 70
48 271 46
48 274 78
48 292 19
49 50 8
49 156 16
49 168 61
49 184 92
49 189 60
49 217 98
49 230 40
49 240 36
49 271 8
49 276 35
50 51 13
50 59 38
50 77 49
50 204 90
50 213 57
50 214 8
50 281 50
50 285 20
51 52 36
51 61 98
51 64 31
51 98 22
51 111 92
51 143 51
51 146 91
51 148 17
51 149 99
51 244 63
51 295 94
52 53 21
52 96 59
52 101 19
52 110 78
52 141 6
52 145 37
52 150 47
52 178 89
52 186 79
52 203 17
52 219 25
52 231 74
52 245 66
52 275 74
52 284 50
53 54 78
53 56 39
53 130 100
53 133 65
53 156 16
53 216 70
53 228 34
53 245 62
53 285 72
53 286 92
53 288 74
54 55 90
54 59 98
54 75 16
54 79 66
54 97 34
54 193 25
54 276 71
55 56 2
55 64 8
55 68 24
55 105 53
55 140 59
55 146 52
55 159 8
55 186 1
55 188 73
55 243 22
55 265 10
55 288 73
55 297 15
56 57 50
56 112 21
56 148 66
56 158 41
56 159 80
56 166 8
56 171 93
56 203 97
56 227 2
56 296 14
57 58 13
57 63 53
57 69 27
57 140 23
57 146 86
57 177 39
57 230 68
57 239 66
57 287 58
57 298 45
58 59 93
58 93 20
58 97 15
58 166 6
58 187 24
58 205 36
58 288 43
59 60 8
59 114 25
59 147 6
59 158 50
59 236 87
59 276 12
60 61 65
60 67 23
60 94 85
60 105 50
60 115 83
60 150 74
60 191 31
60 198 91
60 204 36
60 209 94
60 248 98
60 294 26
61 62 29
61 66 44
61 83 62
61 137 26
61 142 3
61 252 39
61 293 18
62 63 14
62 87 2
62 93 75
62 97 6
62 99 2
62 162 47
62 163 77
62 211 30
62 227 77
62 229 26
62 241 83
62 243 84
62 250 90
62 279 77
63 64 98
63 72 24
63 99 24
63 135 17
63 190 92
63 192 96
63 204 1
63 206 8
63 270 26
64 65 96
64 123 6
64 199 96
64 216 30
64 228 84
65 66 36
65 78 6
65 131 83
65 154 40
65 174 91
65 224 18
65 264 68
65 267 51
65 269 50
65 271 32
65 273 30
65 275 16
65 286 62
65 287 91
66 67 93
66 120 71
66 137 54
66 180 91
66 213 14
66 247 73
67 68 3
67 169 72
67 171 93
67 222 51
67 244 28
68 69 6
68 171 29
68 183 48
68 200 81
68 241 82
68 243 17
68 257 73
68 275 39
68 278 56
68 284 50
68 298 67
69 70 35
69 86 88
69 87 78
69 117 100
69 118 10
69 192 32
69 207 67
69 250 55
69 293 89
70 71 81
70 79 70
70 102 57
70 192 47
70 203 48
70 243 92
70 251 67
70 256 17
70 262 1
71 72 27
71 144 10
71 185 21
71 204 90
71 250 82
71 257 94
71 269 99
71 277 82
71 288 26
72 73 78
72 91 35
72 99 42
72 100 85
72 257 69
73 74 9
73 82 49
73 89 63
73 90 63
73 231 23
73 278 53
73 282 26
73 293 71
74 75 25
74 147 41
74 184 68
74 222 4
74 223 44
74 228 68
74 230 16
74 274 66
75 76 90
75 127 65
75 161 33
75 221 79
75 248 36
75 276 90
76 77 94
76 146 71
76 173 70
76 187 25
76 199 47
76 281 73
77 78 26
77 81 27
77 182 15
77 209 24
77 217 1
77 261 64
77 287 99
78 79 48
78 151 21
78 184 19
78 234 42
78 241 59
78 249 48
78 267 86
78 282 24
78 295 95
79 80 8
79 121 9
79 174 60
79 234 85
79 259 74
79 260 37
79 277 89
80 81 88
80 181 17
80 182 49
80 286 90
80 289 97
80 294 91
80 295 65
81 82 12
81 136 4
81 150 95
81 151 55
81 168 66
81 186 100
81 221 48
81 228 15
81 233 77
81 240 61
81 247 49
81 288 50
81 297 94
82 83 52
82 234 43
82 262 81
82 274 51
83 84 23
83 100 68
83 104 22
83 167 72
83 170 62
83 183 64
83 194 45
83 237 58
83 275 60
84 85 29
84 118 81
84 138 26
84 139 16
84 164 9
84 166 67
84 173 69
84 206 94
84 208 68
84 246 2
84 264 96
85 86 49
85 95 57
85 99 24
85 115 87
85 168 25
85 255 36
85 257 49
85 291 39
86 87 87
86 108 13
86 291 58
87 88 68
87 114 62
87 126 97
87 190 83
87 194 33
87 195 14
87 225 41
87 227 57
87 265 75
87 279 17
88 89 87
88 96 64
88 116 1
88 135 15
88 229 58
88 231 33
88 273 68
88 279 68
88 294 50
89 90 98
89 128 78
89 165 10
89 175 79
89 185 55
89 284 43
89 286 24
89 291 60
90 91 72
90 135 8
90 169 39
90 218 4
90 284 20
90 292 36
91 92 56
91 103 96
91 119 15
91 130 44
91 132 83
91 201 65
91 203 27
91 223 15
92 93 83
92 126 30
92 168 51
92 178 27
92 189 90
92 193 36
92 242 19
92 277 55
93 94 4
93 124 29
93 191 98
93 235 5
93 267 26
93 270 58
94 95 21
94 125 37
94 138 45
94 186 39
94 198 93
94 239 90
94 268 55
94 269 10
94 294 50
95 96 72
95 116 94
95 122 10
95 126 51
95 155 68
95 163 93
95 242 100
95 252 68
95 285 10
96 97 17
96 107 23
96 245 51
97 98 85
97 208 5
97 214 83
97 253 41
97 278 75
98 99 39
98 107 92
98 145 75
98 146 86
98 149 42
98 160 36
98 163 20
98 167 31
98 182 90
98 206 56
98 223 14
98 228 31
98 248 71
98 252 82
98 291 44
99 100 25
99 111 55
99 130 78
99 146 79
100 101 31
100 207 2
100 240 2
100 284 12
101 102 45
101 126 5
101 140 43
101 147 67
101 163 22
101 171 57
101 183 94
101 201 65
101 283 71
101 286 17
101 287 58
101 289 55
102 103 81
102 111 28
102 130 78
102 191 32
102 242 96
102 243 88
102 269 17
102 272 80
103 104 58
103 105 55
103 119 2
103 137 90
103 154 74
103 164 34
103 184 51
103 210 11
103 222 97
103 224 22
103 230 13
103 236 32
103 257 35
103 262 61
104 105 97
104 113 1
104 150 28
104 241 85
105 106 33
105 168 19
105 169 37
105 172 19
105 179 19
105 182 97
105 199 17
105 247 88
106 107 99
106 121 34
106 180 9
106 214 65
106 226 22
106 235 45
106 271 87
107 108 89
107 127 39
107 155 76
107 170 62
107 206 81
107 260 53
107 277 57
108 109 27
108 132 32
108 163 86
108 165 45
108 207 68
108 227 83
109 110 34
109 256 68
109 272 45
110 111 98
110 112 47
110 115 32
110 118 38
110 120 77
110 146 10
110 191 46
110 210 39
110 267 68
111 112 25
111 135 22
111 174 61
111 183 37
111 199 86
111 250 17
112 113 15
112 142 85
112 151 10
112 163 79
112 195 94
112 205 44
112 260 49
113 114 39
113 129 24
113 194 80
113 276 65
113 294 61
113 295 39
114 115 26
114 142 88
114 211 89
114 225 99
115 116 57
115 159 84
115 186 94
115 196 65
115 199 8
115 201 80
115 217 95
115 246 20
115 265 86
115 275 80
116 117 72
116 122 38
116 147 21
116 202 89
116 231 82
116 253 52
116 259 39
117 118 17
117 163 61
117 194 58
117 232 35
117 237 27
117 244 82
117 255 64
117 267 27
118 119 16
118 124 63
118 148 55
118 251 53
118 271 6
118 274 55
119 120 99
119 153 75
119 198 51
119 206 32
119 212 1
119 250 30
120 121 28
120 126 51
120 144 21
120 176 28
120 188 23
120 201 87
120 214 56
120 216 86
120 230 54
120 288 69
121 122 35
121 170 71
121 217 76
121 256 25
121 276 62
121 298 19
122 123 56
122 133 63
122 158 52
122 231 26
122 295 4
123 124 56
123 236 37
123 240 15
123 278 82
124 125 69
124 160 81
124 162 19
124 165 81
124 170 6
124 175 5
124 183 19
124 211 45
124 283 28
124 297 91
125 126 54
125 151 60
125 224 47
125 267 78
125 287 43
126 127 5
126 162 53
126 177 25
126 217 20
126 227 23
126 270 1
126 299 55
127 128 95
127 160 81
127 164 75
127 201 18
127 238 5
127 274 38
128 129 17
128 235 54
128 243 9
128 254 59
128 277 2
128 290 32
129 130 72
129 166 63
129 175 6
129 244 56
129 255 64
129 276 8
129 281 58
130 131 36
130 156 53
130 268 64
131 132 24
131 232 73
131 278 76
131 280 3
132 133 97
132 165 6
132 264 60
132 273 75
133 134 70
133 141 39
133 144 46
133 158 26
133 215 80
133 218 4
133 222 13
133 230 80
133 232 79
133 238 99
133 240 71
133 243 97
134 135 7
134 145 45
134 151 96
134 179 66
134 189 85
134 200 39
134 280 81
135 136 45
135 137 44
135 195 15
135 247 42
135 257 80
135 259 60
135 262 76
135 287 39
136 137 65
136 163 30
136 167 69
136 199 4
136 222 82
136 274 9
137 138 63
137 218 92
137 221 70
137 231 90
137 240 88
137 267 79
138 139 68
138 173 20
138 203 64
138 216 75
138 223 26
138 265 20
139 140 23
139 203 44
139 269 76
140 141 90
140 151 28
140 182 56
140 211 63
140 242 34
140 255 41
140 295 86
140 298 54
141 142 90
141 154 59
141 170 56
141 171 31
141 225 42
141 246 63
141 263 46
142 143 34
142 172 14
142 262 99
143 144 17
143 152 40
143 190 61
143 220 37
143 228 2
143 238 38
143 248 2
143 270 10
143 284 81
144 145 42
144 201 96
145 146 60
145 159 21
145 161 63
145 168 68
145 267 53
145 275 17
146 147 21
146 151 50
146 162 40
146 186 22
146 201 77
147 148 40
147 153 3
147 167 6
147 169 86
147 171 79
147 275 3
147 288 22
148 149 12
148 177 16
148 216 49
148 222 25
148 265 94
148 282 31
149 150 88
149 173 87
149 286 71
150 151 42
150 217 5
150 221 32
150 223 4
150 240 40
151 152 90
151 168 64
151 188 65
151 192 50
151 201 99
151 214 1
151 263 54
151 266 77
152 153 26
152 157 90
152 165 97
152 192 64
152 204 53
152 230 14
152 234 21
152 253 82
153 154 10
153 159 73
153 174 85
153 175 24
153 206 38
153 208 7
153 245 95
153 247 40
153 265 78
153 291 51
153 297 54
154 155 42
154 171 74
154 219 37
154 285 50
155 156 69
155 157 34
155 182 64
155 193 38
155 206 34
155 230 66
155 242 20
155 266 49
155 269 24
156 157 45
156 176 37
156 195 48
156 222 18
156 250 14
156 257 89
156 267 42
157 158 64
157 159 18
157 160 83
157 169 62
157 207 88
157 247 26
157 285 97
158 159 66
158 204 75
158 249 4
159 160 85
159 243 66
159 244 100
159 264 56
159 272 13
160 161 41
160 191 20
160 214 69
160 242 75
160 279 89
160 293 16
161 162 82
161 241 53
161 255 8
161 258 4
161 260 12
161 271 14
161 285 77
162 163 46
162 166 74
162 177 62
162 232 59
162 241 7
162 270 78
162 295 76
163 164 89
163 167 14
163 234 15
163 240 42
163 254 37
163 263 100
163 275 14
163 292 22
163 294 17
164 165 83
164 167 16
164 189 99
164 213 57
164 291 54
165 166 79
165 171 35
165 254 89
165 283 54
166 167 13
166 168 49
166 204 73
166 260 60
166 285 30
167 168 53
167 185 63
167 208 95
167 294 73
168 169 77
168 258 37
169 170 34
169 177 71
169 193 29
169 199 47
169 201 40
169 231 85
169 262 33
170 171 95
170 212 53
170 238 21
170 255 47
171 172 52
171 184 35
171 268 70
171 271 13
171 272 15
172 173 33
172 221 79
172 247 29
172 278 57
173 174 69
173 205 98
174 175 15
174 193 80
174 199 75
174 204 56
174 209 53
174 218 88
174 245 91
174 293 98
174 294 24
174 297 72
175 176 22
175 208 74
175 210 35
175 217 58
176 177 89
176 211 25
176 231 45
176 253 2
176 278 14
176 281 73
177 178 97
177 225 15
177 228 11
177 264 96
178 179 32
178 207 33
178 286 52
179 180 8
179 184 97
179 205 61
179 258 76
179 297 71
180 181 83
180 221 46
180 226 64
181 182 50
181 197 18
181 202 94
181 227 6
181 254 46
181 255 46
181 267 93
181 283 4
182 183 25
182 283 87
182 287 18
183 184 20
183 204 93
183 219 100
183 271 92
184 185 38
184 230 86
184 262 3
185 186 85
185 257 60
185 266 26
185 269 39
186 187 100
186 199 30
186 222 59
186 225 52
186 282 1
186 284 36
186 297 11
187 188 69
187 251 91
188 189 49
188 195 67
188 275 92
188 294 16
189 190 64
189 213 35
189 237 5
189 286 27
189 299 21
190 191 57
190 281 30
191 192 32
191 206 10
191 210 77
191 215 91
192 193 39
192 213 86
192 234 46
192 242 75
192 279 36
193 194 72
193 198 64
193 228 82
193 252 91
193 282 72
194 195 22
194 204 15
194 284 60
195 196 67
195 220 37
195 246 21
195 270 54
196 197 95
196 271 13
196 286 6
197 198 14
197 201 32
197 213 100
197 215 57
197 281 44
198 199 88
198 202 82
198 229 45
198 237 90
198 262 72
198 270 17
198 284 70
199 200 38
199 209 39
199 258 33
200 201 21
200 208 59
200 297 47
201 202 40
201 209 94
201 227 66
201 243 34
201 250 17
201 297 7
202 203 78
202 241 30
203 204 66
204 205 95
204 259 57
204 276 43
205 206 26
205 223 43
205 258 5
205 278 77
205 290 81
206 207 49
206 218 93
206 235 67
206 276 8
206 279 15
206 288 92
207 208 26
207 209 64
207 213 91
207 220 4
207 222 15
207 248 30
207 272 21
208 209 99
208 230 2
208 242 20
208 252 19
208 282 10
208 283 15
208 288 52
209 210 20
209 221 30
209 278 80
210 211 9
210 261 1
211 212 67
211 216 74
211 235 38
211 252 23
211 265 56
211 298 5
212 213 99
212 252 4
213 214 48
213 217 31
213 226 95
213 227 69
213 230 4
213 271 8
213 293 20
214 215 45
214 216 47
214 225 13
214 282 37
214 294 7
214 299 53
215 216 1
215 230 74
215 257 66
215 274 54
216 217 33
216 258 47
217 218 1
217 223 10
217 237 89
217 262 93
218 219 12
218 221 67
218 239 95
218 274 2
218 293 83
219 220 46
219 223 11
220 221 16
220 264 97
221 222 62
221 233 99
221 271 26
221 278 76
222 223 71
222 242 89
222 265 73
223 224 68
223 269 30
224 225 57
224 227 21
225 226 59
225 239 92
225 280 99
226 227 93
226 234 54
226 255 68
227 228 41
227 233 79
227 266 79
227 279 38
227 297 20
228 229 52
228 238 73
228 277 21
228 284 53
229 230 10
229 290 18
230 231 43
230 243 27
230 268 30
230 283 24
231 232 37
231 273 61
232 233 4
232 259 34
232 295 9
233 234 86
233 235 78
233 256 34
233 264 61
233 290 55
234 235 6
234 241 71
234 261 69
235 236 16
235 257 66
235 286 78
236 237 30
236 243 17
236 278 71
237 238 53
238 239 32
238 263 99
238 296 76
239 240 50
240 241 16
240 255 75
240 298 42
241 242 66
241 255 72
241 258 22
241 272 4
242 243 20
242 263 57
242 274 77
243 244 62
243 249 70
244 245 74
244 253 100
244 290 93
245 246 28
245 257 43
246 247 5
247 248 43
247 267 47
247 270 84
248 249 67
248 266 51
248 284 29
248 299 11
249 250 38
249 279 7
250 251 89
250 285 34
250 292 74
251 252 24
251 265 93
251 284 59
252 253 10
252 298 55
253 254 14
253 276 23
253 290 43
253 296 27
254 255 59
255 256 8
255 284 94
256 257 55
256 267 15
256 277 22
256 278 69
257 258 11
258 259 54
258 263 23
259 260 55
259 262 73
260 261 77
260 285 51
260 289 71
261 262 76
261 272 2
261 274 4
262 263 90
262 295 57
263 264 62
264 265 40
265 266 7
265 274 13
265 289 16
266 267 70
266 273 98
267 268 45
268 269 96
268 287 98
269 270 17
269 295 60
269 297 59
270 271 5
271 272 77
271 281 8
271 288 47
272 273 93
273 274 63
274 275 34
275 276 7
275 284 76
276 277 29
276 280 51
277 278 39
278 279 30
278 291 49
279 280 48
280 281 44
281 282 30
282 283 43
283 284 50
284 285 5
284 294 61
285 286 13
286 287 98
286 293 41
287 288 68
287 293 41
287 295 77
288 289 52
288 294 41
289 290 49
289 295 63
289 297 15
290 291 83
291 292 85
292 293 85
293 294 80
294 295 6
294 296 36
295 296 32
296 297 19
297 298 38
298 299 53
299 300 13
