100 198 10 4250
5 9 13 21 26 36 48 55 69 99 
1 2 77
1 35 71
1 51 49
1 66 62
1 100 66
2 3 62
2 37 75
2 45 61
2 73 67
3 4 90
3 43 55
3 69 64
4 5 22
4 31 53
4 37 32
4 54 80
5 6 17
5 74 12
6 7 19
6 61 96
7 8 11
7 78 7
8 9 4
8 74 71
9 10 3
9 77 10
10 11 16
10 80 11
11 12 67
12 13 35
12 44 1
13 14 21
13 30 38
13 57 53
13 85 79
14 15 14
14 66 49
14 96 89
15 16 43
15 81 44
16 17 11
17 18 91
17 61 72
17 90 76
18 19 55
18 39 87
18 90 84
19 20 33
20 21 80
20 54 5
20 69 67
21 22 90
21 33 30
21 45 14
21 84 33
22 23 81
22 27 9
23 24 91
23 45 73
23 52 74
23 56 26
24 25 23
24 28 37
24 36 6
25 26 49
25 44 42
25 45 58
25 59 38
26 27 62
26 32 15
26 42 51
26 52 82
26 59 67
26 80 82
26 81 57
26 94 30
27 28 96
28 29 25
29 30 92
30 31 77
30 46 85
31 32 41
31 33 57
32 33 40
33 34 97
33 41 21
33 47 31
34 35 1
35 36 14
35 92 54
36 37 18
36 85 11
37 38 69
37 91 89
38 39 72
39 40 17
39 68 34
39 83 95
40 41 56
40 48 45
40 66 49
40 82 76
41 42 94
41 47 26
41 49 88
42 43 78
42 83 53
42 88 97
43 44 25
43 95 37
44 45 99
44 82 18
44 96 46
45 46 51
45 85 82
46 47 24
47 48 33
48 49 47
48 72 30
48 96 12
49 50 87
49 56 79
50 51 71
50 70 98
51 52 88
52 53 60
52 67 54
52 99 43
53 54 96
53 68 34
54 55 10
55 56 34
55 60 87
55 95 27
56 57 56
56 84 42
57 58 3
58 59 99
58 74 11
58 79 99
58 99 93
59 60 35
59 66 44
59 81 36
60 61 86
60 95 90
61 62 85
62 63 18
62 76 1
62 80 32
63 64 29
63 73 45
64 65 48
65 66 39
65 96 59
66 67 43
67 68 59
68 69 8
69 70 10
69 77 28
70 71 58
70 96 87
71 72 62
72 73 49
73 74 94
73 85 31
73 89 32
74 75 84
75 76 69
76 77 5
76 80 45
77 78 36
78 79 17
79 80 47
79 94 79
80 81 88
80 84 33
81 82 39
82 83 84
83 84 56
84 85 82
85 86 98
86 87 93
87 88 91
88 89 73
88 99 95
89 90 65
90 91 26
91 92 73
91 99 49
92 93 19
93 94 30
94 95 76
95 96 31
96 97 37
97 98 46
98 99 9
99 100 39
