300 1758 10 6634
3 6 44 84 139 169 172 174 217 294 
1 2 7
1 14 2
1 36 91
1 65 94
1 98 38
1 106 20
1 118 47
1 137 88
1 140 24
1 144 77
1 149 55
1 182 8
1 188 38
1 300 77
2 3 56
2 28 73
2 76 83
2 80 38
2 142 84
2 145 89
2 259 56
2 269 58
2 278 40
2 292 87
3 4 75
3 15 93
3 104 95
3 165 74
3 175 14
3 178 22
3 207 3
3 239 51
3 261 97
3 292 75
3 296 96
4 5 92
4 18 65
4 113 83
4 172 1
4 175 48
4 222 48
4 251 75
4 273 7
4 287 95
5 6 5
5 8 94
5 18 39
5 29 35
5 33 98
5 53 31
5 73 74
5 87 55
5 152 74
5 156 41
5 250 3
5 263 59
5 290 44
5 296 8
6 7 52
6 99 77
6 117 27
6 118 4
6 121 9
6 134 97
6 152 99
6 163 81
6 223 56
6 230 84
6 235 2
6 240 11
6 243 63
6 250 62
6 263 92
6 277 94
7 8 76
7 25 26
7 42 73
7 83 22
7 90 35
7 101 56
7 121 97
7 127 13
7 133 19
7 207 29
7 219 25
7 241 21
7 245 22
8 9 64
8 16 11
8 19 100
8 91 4
8 118 82
8 124 16
8 137 100
8 207 61
8 227 68
8 265 24
8 270 54
9 10 7
9 14 6
9 41 26
9 61 91
9 122 94
9 124 60
9 155 26
9 171 17
9 202 70
9 217 1
9 243 45
9 249 76
9 256 88
9 268 13
9 294 83
10 11 77
10 57 30
10 88 81
10 118 30
10 125 68
10 160 48
10 216 24
10 226 21
10 250 65
10 262 15
10 271 34
10 299 17
11 12 95
11 67 47
11 90 82
11 118 41
11 123 49
11 156 55
11 185 47
11 204 22
11 233 75
11 299 46
12 13 35
12 50 92
12 97 10
12 130 26
12 135 6
12 139 34
12 140 85
12 158 6
12 166 97
12 203 32
12 207 95
12 252 87
12 279 71
12 282 57
12 293 47
13 14 14
13 34 73
13 71 86
13 161 7
13 162 9
13 171 17
13 176 63
13 183 97
14 15 15
14 84 76
14 88 38
14 108 34
14 150 88
14 173 26
14 174 79
14 177 96
14 224 20
14 250 83
15 16 54
15 19 48
15 26 10
15 47 41
15 112 5
15 146 39
15 163 67
15 174 81
15 177 60
15 185 89
15 189 92
15 221 20
15 232 52
15 246 4
15 295 12
16 17 46
16 40 49
16 50 77
16 68 68
16 132 61
16 247 87
16 256 27
17 18 82
17 43 88
17 110 52
17 114 74
17 130 90
17 196 59
17 212 10
17 230 36
17 236 83
17 254 48
17 297 15
18 19 53
18 187 70
19 20 49
19 45 5
19 56 89
19 69 91
19 89 79
19 105 61
19 125 9
19 128 44
19 288 32
20 21 15
20 23 79
20 117 65
20 133 57
20 151 94
20 209 2
20 260 15
20 277 29
21 22 12
21 57 75
21 148 28
21 247 21
22 23 94
22 36 20
22 41 10
22 71 76
22 92 55
22 142 79
22 145 11
22 158 9
22 163 23
22 176 98
22 179 48
22 261 31
22 279 75
23 24 71
23 35 70
23 42 57
23 53 61
23 88 43
23 123 78
23 175 17
23 228 4
23 237 86
23 276 24
23 286 84
24 25 65
24 140 85
24 146 74
24 150 77
24 163 16
24 164 73
24 248 65
24 259 51
24 277 87
24 283 98
24 287 78
25 26 35
25 71 13
25 73 27
25 74 17
25 110 39
25 123 1
25 142 55
25 144 78
25 172 16
25 199 40
25 203 77
25 209 76
25 234 67
25 237 43
25 272 24
26 27 56
26 44 6
26 84 94
26 105 4
26 133 64
26 196 86
26 243 5
26 274 29
26 293 6
27 28 79
27 37 99
27 77 91
27 80 52
27 109 3
27 238 20
28 29 27
28 37 29
28 49 88
28 61 44
28 64 43
28 65 22
28 69 96
28 71 4
28 104 92
28 142 15
28 195 52
28 226 34
28 280 55
29 30 28
29 43 22
29 73 51
29 119 20
29 171 63
29 192 82
29 194 15
29 196 98
29 203 74
29 217 100
29 259 35
29 265 96
30 31 41
30 63 88
30 74 75
30 87 83
30 152 24
30 227 36
30 249 72
30 257 68
30 265 81
30 273 16
30 293 66
31 32 91
31 59 9
31 180 92
31 231 94
31 272 85
31 277 74
32 33 27
32 85 35
32 153 14
32 158 28
32 162 9
32 224 68
32 243 54
33 34 19
33 59 78
33 90 25
33 98 95
33 119 24
33 120 93
33 140 4
33 245 79
33 285 36
33 290 5
34 35 25
34 39 94
34 41 49
34 57 44
34 83 88
34 85 3
34 89 89
34 124 72
34 172 28
34 185 48
34 212 10
34 213 75
34 220 36
34 269 99
34 285 60
34 294 6
35 36 37
35 102 53
35 159 42
35 252 5
35 270 57
35 277 75
36 37 32
36 89 41
36 95 13
36 119 49
36 130 66
36 135 19
36 172 60
36 269 15
36 277 74
37 38 23
37 65 77
37 69 94
37 70 52
37 98 77
37 114 32
37 159 10
37 284 78
38 39 36
38 75 25
38 79 87
38 125 18
38 169 45
38 182 99
38 189 4
38 193 81
38 247 75
39 40 85
39 63 82
39 81 72
39 100 27
39 102 81
39 108 81
39 134 84
39 137 46
39 147 91
39 210 21
39 257 16
39 258 47
39 294 20
40 41 43
40 56 48
40 98 14
40 130 78
40 138 99
40 186 87
40 192 96
40 202 56
40 248 39
40 281 74
41 42 47
41 53 77
41 136 54
41 180 69
41 184 48
41 205 13
41 218 35
41 243 76
41 292 66
41 293 68
42 43 93
42 65 22
42 121 93
42 161 1
42 163 77
42 181 98
43 44 52
43 67 36
43 159 80
43 178 86
43 194 50
43 267 86
44 45 63
44 71 48
44 76 45
44 79 98
44 89 16
44 135 8
44 145 20
44 166 1
44 187 23
44 199 80
44 205 16
44 242 86
44 268 95
45 46 83
45 54 66
45 84 95
45 104 82
45 135 76
45 154 72
45 219 54
45 226 97
45 244 94
46 47 41
46 118 66
46 147 88
46 181 44
46 212 85
46 221 30
46 224 99
46 229 81
46 270 40
47 48 85
47 63 85
47 74 72
47 92 48
47 98 67
47 115 99
47 152 37
47 160 25
47 189 93
47 193 11
47 242 45
47 263 17
47 296 100
47 299 22
48 49 56
48 101 25
48 110 77
48 150 100
48 184 51
48 197 87
48 215 4
48 229 65
48 255 25
49 50 1
49 142 3
49 167 51
49 180 95
49 195 36
49 199 28
49 270 35
49 275 72
49 277 83
49 292 31
50 51 48
50 67 65
50 82 36
50 90 93
50 112 92
50 150 44
50 156 12
50 217 10
50 233 21
51 52 75
51 109 54
51 112 94
51 117 96
51 162 67
51 166 15
51 169 5
51 191 4
51 208 1
51 216 5
51 217 99
51 222 43
51 251 48
51 266 51
51 267 15
52 53 30
52 61 56
52 87 91
52 105 32
52 131 91
52 143 83
52 268 6
53 54 13
53 66 1
53 101 11
53 127 100
53 188 46
53 192 10
53 211 78
53 242 87
53 257 67
53 263 8
54 55 95
54 108 93
54 127 58
54 136 9
54 225 29
55 56 28
55 69 65
55 101 84
55 148 54
55 153 75
55 202 99
55 250 6
55 263 97
55 291 57
56 57 39
56 89 58
56 120 40
56 137 66
56 205 44
56 287 81
57 58 58
57 72 58
57 83 33
57 137 33
57 154 52
57 175 98
57 192 43
57 263 78
57 280 34
58 59 41
58 92 64
58 144 93
58 170 33
58 207 47
58 214 65
58 259 36
59 60 92
59 66 57
59 70 10
59 81 95
59 112 67
59 140 85
59 187 96
59 206 96
59 245 67
59 260 29
59 268 58
60 61 63
60 119 83
60 131 70
60 133 48
60 152 28
60 176 99
60 186 93
60 194 35
60 202 78
60 203 36
60 220 5
60 240 13
60 245 34
60 255 76
60 276 71
60 280 66
60 283 56
60 291 35
61 62 100
61 146 45
61 149 21
61 154 78
61 155 43
61 164 38
61 242 2
62 63 44
62 64 30
62 136 10
62 149 1
62 264 23
62 299 40
63 64 28
63 140 81
63 206 57
63 212 50
63 213 24
63 219 53
63 225 26
63 256 99
64 65 91
64 87 5
64 132 67
64 146 31
64 194 63
64 215 72
64 220 58
64 236 76
64 279 65
65 66 65
65 84 30
65 98 54
65 151 9
65 212 29
65 250 70
66 67 62
66 85 14
66 92 93
66 100 7
66 137 93
66 140 81
66 150 80
66 165 59
66 217 9
66 230 29
67 68 50
67 77 64
67 178 10
68 69 97
68 92 84
68 102 38
68 115 40
68 126 80
68 162 49
68 165 96
68 167 69
68 196 83
69 70 54
69 71 69
69 77 85
69 114 16
69 130 85
69 133 65
69 175 43
69 294 27
70 71 42
70 118 10
70 181 52
70 189 73
70 214 16
70 219 32
70 234 64
70 286 22
71 72 15
71 79 10
71 80 27
71 88 75
71 95 74
71 137 95
71 259 96
71 263 86
71 288 66
72 73 72
72 149 19
72 255 27
72 270 16
72 273 6
72 283 76
73 74 56
73 138 7
73 148 54
73 153 98
73 156 22
73 186 4
73 194 70
73 200 60
73 221 61
73 222 83
73 286 51
74 75 86
74 86 64
74 105 73
74 109 40
74 121 100
74 138 5
74 225 98
74 258 80
74 281 37
74 288 15
74 295 32
75 76 9
75 90 48
75 94 100
75 107 11
75 109 46
75 136 52
75 232 61
75 258 9
75 261 15
76 77 62
76 96 43
76 158 74
76 210 21
76 230 14
77 78 84
77 149 87
77 239 32
77 284 38
78 79 72
78 85 82
78 106 40
78 157 2
78 165 54
78 194 5
78 226 19
78 233 84
78 261 54
78 264 51
79 80 23
79 196 27
79 264 83
80 81 23
80 98 18
80 126 82
80 127 65
80 151 33
80 186 70
80 204 46
80 216 48
81 82 81
81 176 62
81 198 72
81 253 81
82 83 1
82 97 69
82 129 19
82 134 40
82 209 22
82 212 91
82 252 26
82 263 26
82 287 66
82 298 91
83 84 73
83 122 12
83 150 81
83 165 47
83 179 24
83 181 18
83 201 67
83 207 44
83 247 4
83 283 44
84 85 77
84 95 17
84 148 30
84 180 2
84 197 53
84 219 15
84 226 50
84 239 76
84 245 50
84 252 24
84 295 72
84 297 11
85 86 26
85 92 84
86 87 57
86 130 34
86 138 50
86 151 97
86 183 56
86 184 13
86 221 22
86 294 16
87 88 20
87 127 6
87 135 98
87 158 70
87 182 57
87 210 48
87 282 76
88 89 32
88 120 66
88 147 89
88 173 61
88 250 12
88 284 16
88 295 12
89 90 74
89 98 7
89 117 14
89 136 31
89 139 15
89 188 55
89 209 41
89 228 85
89 298 6
90 91 65
90 111 34
90 129 80
90 137 87
90 267 20
91 92 47
91 134 91
91 142 46
91 143 50
91 145 14
91 179 94
91 190 56
91 207 64
91 251 54
91 255 63
91 271 53
92 93 4
92 107 69
92 140 15
92 142 12
92 189 81
92 246 97
92 255 97
92 297 59
93 94 96
93 131 59
93 134 42
93 150 46
93 174 21
93 195 65
93 240 8
93 249 97
94 95 54
94 129 57
94 193 79
94 216 23
94 232 71
94 265 89
94 267 94
94 299 37
95 96 60
95 102 5
95 160 79
95 161 73
95 191 38
95 211 94
95 214 57
95 218 86
96 97 64
96 144 79
96 217 77
96 223 14
96 250 70
96 276 92
96 278 93
96 293 42
96 298 24
97 98 17
97 140 90
97 166 73
97 192 77
97 210 82
97 272 90
98 99 20
98 111 51
98 243 60
98 294 87
99 100 58
99 108 74
99 112 79
99 132 53
99 136 27
99 201 50
99 222 69
99 223 52
99 244 37
99 246 43
100 101 56
100 133 91
100 152 53
100 198 36
100 241 9
100 277 85
100 290 3
100 292 13
100 297 79
101 102 79
101 177 65
101 183 86
101 213 90
101 261 62
101 262 40
102 103 17
102 167 51
102 169 90
102 209 24
102 222 1
102 254 89
102 257 99
102 265 72
102 266 13
102 267 81
102 273 90
103 104 45
103 112 54
103 156 41
103 159 75
103 214 27
103 272 64
103 288 100
104 105 79
104 134 21
104 292 27
105 106 6
105 124 9
105 127 93
105 150 32
105 164 40
105 207 36
105 213 91
105 225 35
105 231 79
105 241 53
106 107 34
106 118 30
106 119 18
106 143 45
106 187 87
106 219 13
106 235 70
106 247 20
106 251 26
107 108 49
107 128 68
107 172 30
107 180 77
107 263 63
107 280 44
108 109 94
108 125 59
108 130 43
108 165 80
108 170 4
108 179 57
108 194 10
108 212 91
109 110 15
109 183 100
109 202 43
109 214 71
109 224 76
109 225 71
109 246 43
109 254 63
109 267 91
109 291 61
109 299 90
110 111 37
110 113 44
110 162 59
110 176 8
110 204 59
110 233 98
110 260 38
110 291 93
111 112 77
111 153 38
111 160 30
111 181 53
111 257 66
112 113 86
113 114 27
113 153 100
113 171 100
113 181 4
113 227 65
113 239 18
113 278 25
114 115 50
114 154 23
114 167 35
114 205 31
114 210 91
114 239 90
114 285 73
114 286 59
115 116 84
115 132 100
115 185 76
115 215 8
115 246 76
116 117 11
116 139 51
116 162 14
116 200 47
116 244 44
116 289 66
117 118 12
117 129 1
117 140 24
117 187 14
117 237 89
117 253 78
117 260 46
117 288 30
117 290 56
117 296 27
117 299 17
118 119 58
118 167 25
118 218 49
118 267 72
118 271 40
119 120 19
119 161 64
119 218 41
119 226 53
119 231 3
119 269 15
119 294 59
120 121 62
120 130 20
120 132 38
120 167 43
120 179 90
120 287 7
121 122 65
121 221 73
121 238 13
121 248 22
121 261 78
121 284 1
122 123 74
122 156 13
122 174 3
122 232 81
122 235 97
122 241 70
122 257 22
123 124 88
123 132 82
123 172 86
124 125 34
124 134 40
124 151 54
124 235 97
124 245 77
124 258 50
124 259 36
124 271 59
124 290 18
125 126 44
125 162 37
125 182 25
125 183 18
125 188 8
125 220 9
125 238 99
125 253 1
125 254 81
126 127 61
126 184 60
126 193 9
126 253 83
127 128 90
127 140 22
127 142 62
127 184 14
127 209 20
127 240 24
127 257 28
127 269 48
127 277 67
127 285 84
128 129 76
128 168 100
128 171 35
128 214 20
128 235 11
128 241 48
129 130 42
129 152 86
129 173 17
129 196 14
129 259 63
129 278 79
129 296 12
129 297 74
130 131 17
130 208 23
130 227 88
131 132 4
131 207 72
131 293 12
131 294 8
131 297 98
132 133 65
132 166 77
132 194 7
132 200 80
132 233 50
133 134 57
133 140 67
133 177 23
133 238 7
133 240 52
133 250 49
133 299 24
134 135 71
134 179 19
134 233 30
134 249 26
134 253 24
135 136 15
135 172 81
135 173 96
135 200 23
135 205 20
135 223 11
136 137 84
136 207 23
136 228 28
137 138 10
137 148 36
137 151 44
137 188 77
137 218 31
137 227 38
137 268 11
137 269 29
138 139 3
138 171 99
138 201 70
138 205 26
138 214 69
138 281 50
139 140 6
139 141 55
139 203 82
139 205 13
139 244 10
140 141 7
140 152 12
140 165 50
140 191 32
140 225 28
140 283 18
140 295 81
141 142 72
141 188 40
141 260 91
142 143 27
142 231 30
142 295 77
143 144 89
143 149 28
143 173 9
143 179 9
143 192 43
143 197 26
143 232 68
143 256 95
143 276 5
143 281 23
144 145 86
144 187 64
144 229 92
144 232 28
144 233 69
144 258 43
144 287 53
144 297 49
145 146 9
145 163 10
145 168 23
145 206 15
145 239 42
145 268 39
146 147 91
146 149 24
146 196 28
146 214 82
146 219 19
146 249 9
146 284 20
147 148 64
147 211 72
147 269 31
147 274 13
147 292 100
148 149 82
148 199 46
148 251 85
148 292 86
149 150 69
149 190 9
149 193 75
149 198 96
149 216 23
149 222 27
149 226 35
149 280 7
150 151 83
150 161 79
150 210 39
150 257 88
150 294 20
151 152 86
151 157 39
151 169 88
151 170 98
151 174 6
151 293 19
151 299 59
152 153 17
152 163 80
152 193 70
152 206 98
152 224 59
152 266 93
153 154 49
153 274 56
153 275 92
154 155 83
154 208 46
154 216 3
154 247 38
155 156 64
155 167 14
155 173 95
155 214 94
155 226 47
155 279 89
155 293 100
156 157 25
156 170 13
156 176 6
156 249 5
156 277 14
156 281 88
157 158 45
157 199 79
157 209 37
157 249 23
158 159 60
158 203 19
158 216 10
158 243 43
159 160 1
159 178 71
159 198 66
159 208 45
159 218 99
159 234 14
159 283 22
160 161 27
160 181 77
160 197 81
160 221 65
160 234 21
160 281 99
160 288 6
160 294 73
161 162 48
161 166 89
161 263 66
161 270 2
162 163 6
162 206 79
162 247 71
162 252 24
162 255 35
162 265 2
162 276 95
162 279 91
162 296 31
163 164 27
163 183 78
163 224 82
163 226 44
163 288 31
164 165 67
164 167 5
164 208 76
164 217 73
164 243 73
164 263 24
164 269 11
164 281 27
165 166 11
165 183 72
165 195 79
165 211 6
165 216 36
165 220 59
165 238 43
165 241 20
165 248 52
165 283 99
166 167 86
166 232 24
166 258 17
167 168 24
167 185 51
167 214 16
167 223 67
167 233 77
167 236 38
167 248 17
167 251 17
167 283 12
167 291 40
168 169 1
168 188 20
168 198 94
168 213 69
168 262 48
168 265 2
168 270 80
168 278 68
169 170 16
169 172 75
169 206 13
169 208 73
169 267 61
169 284 42
169 298 95
170 171 99
170 177 10
170 182 65
170 198 100
170 228 57
170 266 8
171 172 25
171 187 92
171 207 29
171 225 98
171 241 11
171 281 62
172 173 7
172 180 51
172 189 21
172 192 82
172 218 25
172 238 5
172 276 47
173 174 80
173 224 59
173 271 29
173 277 87
173 279 75
173 288 22
174 175 86
174 177 11
174 193 13
174 205 21
174 230 16
174 237 80
174 288 5
174 289 25
175 176 40
175 180 32
175 225 8
175 230 80
175 244 97
175 287 76
175 294 25
176 177 93
176 186 37
176 193 31
176 217 17
176 240 99
176 254 89
176 276 38
177 178 92
177 195 40
177 235 9
177 250 78
177 267 67
178 179 44
178 196 95
178 289 98
179 180 55
179 265 82
179 278 65
180 181 46
180 187 79
180 230 31
180 231 2
180 236 80
180 246 20
180 276 69
181 182 50
181 194 29
181 206 45
181 213 58
181 229 31
181 281 98
182 183 59
182 237 84
182 245 14
182 265 21
183 184 22
183 203 63
183 230 17
183 266 5
184 185 31
184 187 85
184 201 76
184 251 23
185 186 62
185 236 51
185 244 31
185 299 11
186 187 90
186 230 66
186 242 9
186 252 41
186 274 52
186 275 63
187 188 46
187 194 85
187 195 79
187 205 31
187 266 53
188 189 18
188 208 94
188 216 8
189 190 49
189 216 9
189 217 18
189 263 69
189 275 84
190 191 14
190 205 21
190 217 15
190 233 4
190 242 66
190 275 61
190 291 8
191 192 97
191 211 23
191 221 65
191 260 19
192 193 65
192 213 96
192 237 84
193 194 56
193 198 17
193 202 78
193 211 14
193 275 77
194 195 85
194 252 67
194 282 80
195 196 74
195 201 43
195 255 78
195 258 25
195 274 98
196 197 26
196 234 7
196 262 77
196 271 1
197 198 20
197 200 81
197 217 23
197 218 21
197 224 91
197 272 17
198 199 40
198 234 69
198 293 67
199 200 71
199 219 22
199 247 17
199 265 80
199 293 73
200 201 50
200 203 23
200 235 12
200 248 14
200 272 98
200 287 58
201 202 82
201 258 20
201 262 49
202 203 7
202 209 49
202 215 100
202 244 1
202 255 8
203 204 95
203 236 33
203 264 37
203 270 59
203 274 35
203 299 87
204 205 8
204 232 47
204 297 40
205 206 79
205 231 26
205 241 83
205 248 97
205 280 49
206 207 41
207 208 21
207 215 4
207 223 43
208 209 80
208 226 14
208 264 24
208 284 80
208 287 97
208 298 35
209 210 9
209 237 71
210 211 68
210 213 98
210 223 29
210 262 23
211 212 9
211 235 50
211 265 76
211 291 48
211 293 91
212 213 3
212 230 49
212 255 17
213 214 61
213 243 61
213 294 14
214 215 11
214 251 72
215 216 51
215 267 52
216 217 76
216 218 76
216 260 24
216 267 70
216 270 59
216 294 81
216 296 95
217 218 33
217 267 62
217 279 100
218 219 89
218 273 20
218 289 98
219 220 77
219 224 71
219 275 87
219 276 6
219 291 91
219 297 12
220 221 97
220 248 4
220 279 10
221 222 98
221 233 15
221 237 84
221 248 41
221 250 59
221 285 34
221 287 7
221 292 100
222 223 76
222 291 61
223 224 47
223 248 40
223 269 52
223 286 85
224 225 13
224 273 40
224 290 50
224 294 96
225 226 10
225 266 27
226 227 54
226 261 48
227 228 40
227 281 71
228 229 34
228 249 56
228 272 53
228 273 86
229 230 13
229 233 40
229 238 88
229 240 59
229 242 36
229 244 98
229 264 42
229 271 43
229 272 53
229 276 28
230 231 38
230 261 69
230 281 93
230 290 75
231 232 43
231 272 100
232 233 63
233 234 42
233 263 90
234 235 21
234 274 90
234 297 38
235 236 43
235 244 53
235 286 14
236 237 58
237 238 65
238 239 87
238 247 9
238 272 73
238 278 22
238 283 98
239 240 97
240 241 55
240 254 14
241 242 57
242 243 47
242 258 62
242 298 27
243 244 40
243 261 55
244 245 59
244 298 95
245 246 38
246 247 29
246 251 33
246 261 94
247 248 54
247 269 81
248 249 38
249 250 36
249 254 75
249 256 9
249 293 44
249 295 29
250 251 70
251 252 27
251 260 18
251 268 18
251 280 16
252 253 19
252 292 81
253 254 22
253 261 79
254 255 83
255 256 23
255 267 31
255 274 28
255 279 40
255 291 21
256 257 47
256 276 62
257 258 23
258 259 97
258 291 93
259 260 81
260 261 54
260 269 42
261 262 80
261 296 43
262 263 64
262 266 49
262 286 90
263 264 42
263 287 45
263 295 82
264 265 97
265 266 44
265 275 27
266 267 63
266 288 77
266 294 49
267 268 55
267 275 92
268 269 46
268 290 47
269 270 96
269 278 96
269 279 84
269 296 59
270 271 31
271 272 45
272 273 38
272 297 30
273 274 31
273 288 8
274 275 19
274 296 78
275 276 70
275 292 97
276 277 23
277 278 30
277 289 42
277 292 94
278 279 91
278 285 58
278 298 62
279 280 53
280 281 13
281 282 78
282 283 4
283 284 83
284 285 37
285 286 99
286 287 9
287 288 35
288 289 31
289 290 42
289 293 29
290 291 17
290 299 83
291 292 98
292 293 7
293 294 86
294 295 45
294 299 52
295 296 65
296 297 46
297 298 80
298 299 90
299 300 72
