500 4896 10 8579
31 109 149 268 299 378 414 419 490 492 
1 2 95
1 48 55
1 49 60
1 82 93
1 123 2
1 209 30
1 277 4
1 318 29
1 363 92
1 368 63
1 377 96
1 434 74
1 500 32
2 3 59
2 70 32
2 75 76
2 77 40
2 88 32
2 98 65
2 104 37
2 106 16
2 115 90
2 117 40
2 151 56
2 199 53
2 210 53
2 235 94
2 299 28
2 300 31
2 302 68
2 320 25
2 354 72
2 385 93
2 389 85
3 4 31
3 25 91
3 58 46
3 71 66
3 83 2
3 169 37
3 172 15
3 180 26
3 182 39
3 200 32
3 222 31
3 224 75
3 255 31
3 257 77
3 289 61
3 291 53
3 296 51
3 311 75
3 330 76
3 341 44
3 348 72
3 363 22
3 366 68
3 393 89
3 483 56
4 5 20
4 7 98
4 10 20
4 49 34
4 96 62
4 135 44
4 163 11
4 167 22
4 204 49
4 207 75
4 208 38
4 218 99
4 267 54
4 331 47
4 446 62
4 447 5
5 6 72
5 24 6
5 45 22
5 73 4
5 94 19
5 128 13
5 171 49
5 193 66
5 196 54
5 197 41
5 200 67
5 253 65
5 282 60
5 283 40
5 350 84
5 394 71
5 410 99
5 425 100
5 432 36
5 436 59
5 452 59
5 468 58
6 7 77
6 29 100
6 44 70
6 50 29
6 95 100
6 132 87
6 143 22
6 173 54
6 181 47
6 192 33
6 246 88
6 274 23
6 275 6
6 287 27
6 297 69
6 300 49
6 310 16
6 353 69
6 388 33
6 411 37
6 458 41
6 471 56
6 477 93
6 494 2
7 8 70
7 38 29
7 56 19
7 97 23
7 112 56
7 123 7
7 129 99
7 158 88
7 236 71
7 251 25
7 283 7
7 290 22
7 296 29
7 347 36
7 351 63
7 352 22
7 355 87
7 373 13
7 438 16
7 440 91
7 453 13
7 464 60
8 9 38
8 23 35
8 62 7
8 73 21
8 103 66
8 133 36
8 140 64
8 195 2
8 202 30
8 204 15
8 246 88
8 254 82
8 264 63
8 266 73
8 275 20
8 280 45
8 302 53
8 414 13
8 415 70
8 433 11
8 434 59
8 490 1
8 493 50
9 10 4
9 53 73
9 58 86
9 89 20
9 145 63
9 154 3
9 157 83
9 188 36
9 257 27
9 289 34
9 317 76
9 352 98
9 379 13
9 424 86
9 444 60
9 451 53
10 11 50
10 85 33
10 152 40
10 192 57
10 214 58
10 275 16
10 285 90
10 286 41
10 326 20
10 337 83
10 338 84
10 341 45
10 352 99
10 374 11
10 386 22
10 392 43
10 393 1
10 397 59
10 417 2
10 424 50
10 486 56
11 12 90
11 31 58
11 39 51
11 66 30
11 103 61
11 113 74
11 132 51
11 135 78
11 178 28
11 208 72
11 223 40
11 234 73
11 244 46
11 257 51
11 340 12
11 345 73
11 362 88
11 376 39
11 392 33
11 429 45
11 467 14
12 13 56
12 33 93
12 58 44
12 88 10
12 105 30
12 147 7
12 200 37
12 240 75
12 243 97
12 314 45
12 368 89
12 399 45
12 424 92
12 429 79
12 435 78
12 469 88
12 476 99
12 493 96
12 496 77
12 499 90
13 14 4
13 63 61
13 89 87
13 93 93
13 154 11
13 179 87
13 199 69
13 214 19
13 223 34
13 262 87
13 366 75
13 398 65
13 399 13
13 478 67
13 479 100
13 494 81
14 15 34
14 98 22
14 99 72
14 242 45
14 257 43
14 263 66
14 274 42
14 298 29
14 301 18
14 341 64
14 348 81
14 369 16
14 372 98
14 377 28
14 397 73
14 415 93
14 441 19
14 487 54
15 16 11
15 51 86
15 60 100
15 71 72
15 74 69
15 124 50
15 144 44
15 146 96
15 157 76
15 206 55
15 211 27
15 248 99
15 263 90
15 273 79
15 366 90
15 386 48
15 414 55
15 450 59
15 465 76
15 487 29
16 17 67
16 68 67
16 111 44
16 140 6
16 207 27
16 225 65
16 267 59
16 268 6
16 297 23
16 357 93
16 362 3
16 390 64
16 395 79
16 409 71
16 487 23
16 496 18
17 18 7
17 61 36
17 65 54
17 89 87
17 95 24
17 104 69
17 132 51
17 191 63
17 202 47
17 274 98
17 316 77
17 331 43
17 394 82
17 429 19
17 436 54
17 446 14
17 471 8
17 475 48
18 19 9
18 98 30
18 123 99
18 138 42
18 150 57
18 160 26
18 222 55
18 223 29
18 246 8
18 250 86
18 295 24
18 303 6
18 314 87
18 381 31
18 425 6
18 452 4
18 485 26
18 488 1
19 20 72
19 60 63
19 99 14
19 150 69
19 154 82
19 165 74
19 184 36
19 200 33
19 225 73
19 231 98
19 253 60
19 275 16
19 279 5
19 292 62
19 348 7
19 444 14
19 497 78
20 21 44
20 24 48
20 113 38
20 160 9
20 195 80
20 202 50
20 219 60
20 245 56
20 257 37
20 260 83
20 268 96
20 287 12
20 334 52
20 355 24
20 428 24
20 430 63
20 468 41
20 484 78
20 487 80
21 22 39
21 35 11
21 58 78
21 86 56
21 131 89
21 167 52
21 169 87
21 172 11
21 177 96
21 196 45
21 206 89
21 227 98
21 229 12
21 255 58
21 300 69
21 344 79
21 362 20
21 386 17
21 417 3
21 434 80
21 476 64
21 482 20
21 484 22
21 490 74
22 23 15
22 50 82
22 131 54
22 144 91
22 145 54
22 163 77
22 249 26
22 304 50
22 311 36
22 381 52
22 384 89
22 386 77
22 422 77
23 24 55
23 66 81
23 104 14
23 127 79
23 169 40
23 294 95
23 297 95
23 341 82
23 414 68
23 416 13
23 430 80
23 454 69
24 25 47
24 34 31
24 64 9
24 67 75
24 71 18
24 91 54
24 104 56
24 125 51
24 185 85
24 216 23
24 251 15
24 284 89
24 369 58
24 394 98
24 421 1
24 442 74
24 443 91
24 447 55
25 26 50
25 34 53
25 54 8
25 142 78
25 181 91
25 191 89
25 195 20
25 272 15
25 309 95
25 334 30
25 346 98
25 360 58
25 415 11
25 424 40
25 447 31
25 464 7
25 472 41
25 486 78
25 488 32
26 27 59
26 28 89
26 37 6
26 87 31
26 105 93
26 118 23
26 122 68
26 157 67
26 196 1
26 285 24
26 329 61
26 371 32
26 377 66
26 393 99
26 403 82
26 412 78
26 487 68
27 28 7
27 37 62
27 144 5
27 147 71
27 149 84
27 153 70
27 158 55
27 185 97
27 218 94
27 221 9
27 238 58
27 244 77
27 255 63
27 277 35
27 305 37
27 335 45
27 371 64
27 406 75
27 471 13
28 29 37
28 92 5
28 128 27
28 191 38
28 199 33
28 209 87
28 237 77
28 257 32
28 279 24
28 298 26
28 323 99
28 325 43
28 452 80
28 462 4
29 30 70
29 121 10
29 126 46
29 212 33
29 232 76
29 252 49
29 259 80
29 333 36
29 341 70
29 365 89
29 371 99
29 390 89
29 408 19
29 413 55
29 426 11
29 468 65
29 479 72
29 492 52
30 31 70
30 48 37
30 99 38
30 104 55
30 185 38
30 195 57
30 201 97
30 242 44
30 245 4
30 255 40
30 267 87
30 271 71
30 285 97
30 289 87
30 300 94
30 346 41
30 357 57
30 366 9
30 403 85
30 413 30
30 453 49
30 492 80
31 32 4
31 34 92
31 80 34
31 85 5
31 146 14
31 170 56
31 194 82
31 201 9
31 214 48
31 216 58
31 232 83
31 266 26
31 277 87
31 287 11
31 298 40
31 336 84
31 344 22
31 399 94
31 402 7
31 416 87
31 459 48
31 474 1
32 33 42
32 35 85
32 40 14
32 75 17
32 81 6
32 112 24
32 114 24
32 120 51
32 144 43
32 161 86
32 178 59
32 209 30
32 227 18
32 261 18
32 270 12
32 282 66
32 398 33
32 401 55
32 404 32
32 437 82
32 449 10
32 490 51
33 34 61
33 60 64
33 68 11
33 102 85
33 133 69
33 164 24
33 171 39
33 176 18
33 183 47
33 186 5
33 271 45
33 287 62
33 333 84
33 340 14
33 344 39
33 365 52
33 412 63
33 416 57
33 421 49
33 429 52
33 438 63
33 455 79
33 482 62
33 489 67
33 491 26
34 35 44
34 84 59
34 92 72
34 119 92
34 178 77
34 181 51
34 201 37
34 245 94
34 264 3
34 302 59
34 304 15
34 357 26
34 368 14
34 392 98
34 409 32
34 420 77
34 451 39
34 463 70
34 468 56
34 477 71
35 36 86
35 37 94
35 41 72
35 63 88
35 77 43
35 93 67
35 112 41
35 120 97
35 125 16
35 159 31
35 160 92
35 218 40
35 227 95
35 244 3
35 255 89
35 256 94
35 264 71
35 285 32
35 294 17
35 310 70
35 340 94
35 358 68
35 378 24
35 379 84
35 458 62
36 37 65
36 71 55
36 78 39
36 152 18
36 175 40
36 183 29
36 292 85
36 317 63
36 353 17
36 365 45
36 371 51
36 484 19
36 495 3
37 38 54
37 71 41
37 172 5
37 181 71
37 265 35
37 279 27
37 297 97
37 313 29
37 362 91
37 363 92
37 366 40
37 369 51
37 392 11
37 403 9
37 419 22
37 445 50
37 479 2
38 39 67
38 98 31
38 159 92
38 251 40
38 253 87
38 317 31
38 345 89
38 346 47
38 408 85
38 436 95
38 443 20
38 444 17
38 457 8
38 462 11
39 40 35
39 59 30
39 68 27
39 69 6
39 95 67
39 111 43
39 216 94
39 243 67
39 293 98
39 296 57
39 298 82
39 356 12
39 412 33
39 445 84
39 463 56
40 41 39
40 53 33
40 102 9
40 115 91
40 125 40
40 131 86
40 171 38
40 185 2
40 212 27
40 214 75
40 219 74
40 242 71
40 253 54
40 280 90
40 304 60
40 328 47
40 352 24
40 365 40
40 392 99
40 402 20
40 404 67
41 42 80
41 118 98
41 147 30
41 181 20
41 182 33
41 188 39
41 230 66
41 235 84
41 277 99
41 418 87
41 422 13
41 481 94
42 43 96
42 106 57
42 109 85
42 157 41
42 190 19
42 210 49
42 213 79
42 261 69
42 306 22
42 326 79
42 329 23
42 340 100
42 371 93
42 377 18
42 474 38
42 494 65
43 44 95
43 50 53
43 138 82
43 165 98
43 206 57
43 246 35
43 305 80
43 325 8
43 354 99
43 367 91
43 387 85
43 490 85
43 491 82
44 45 97
44 55 70
44 81 56
44 92 79
44 94 41
44 122 65
44 198 44
44 263 34
44 323 1
44 333 45
44 370 79
44 410 13
44 418 92
44 438 71
44 450 88
44 496 46
45 46 98
45 60 44
45 72 72
45 120 58
45 164 52
45 235 40
45 243 38
45 250 25
45 254 3
45 260 41
45 293 31
45 297 7
45 321 70
45 353 51
45 364 92
45 368 26
45 375 59
45 448 87
45 453 4
46 47 44
46 59 96
46 63 2
46 64 53
46 71 3
46 106 30
46 150 6
46 184 70
46 220 89
46 256 54
46 264 77
46 284 100
46 294 29
46 300 5
46 323 43
46 333 86
46 416 88
46 492 56
47 48 69
47 50 61
47 54 36
47 66 70
47 122 22
47 144 31
47 163 50
47 179 57
47 220 68
47 314 41
47 331 87
47 385 63
47 441 56
47 452 7
47 487 4
48 49 54
48 71 65
48 96 82
48 103 28
48 143 13
48 163 52
48 206 74
48 232 86
48 253 64
48 256 45
48 266 56
48 272 62
48 319 13
48 334 100
48 356 94
48 408 73
48 481 75
48 485 73
48 487 34
49 50 24
49 112 7
49 127 79
49 131 32
49 134 31
49 183 81
49 192 21
49 199 55
49 206 60
49 220 85
49 235 77
49 236 44
49 250 34
49 303 46
49 307 27
49 311 33
49 332 86
49 376 81
49 406 61
49 454 11
49 456 72
49 466 60
50 51 73
50 54 39
50 55 92
50 115 86
50 125 50
50 153 35
50 157 12
50 176 30
50 178 46
50 196 13
50 204 35
50 210 41
50 231 62
50 236 99
50 280 21
50 322 7
50 328 60
50 334 81
50 390 13
50 399 60
50 405 88
50 429 9
50 430 7
50 440 40
50 449 40
51 52 68
51 92 70
51 105 14
51 153 76
51 196 62
51 209 33
51 217 79
51 219 10
51 235 99
51 247 58
51 284 94
51 336 50
51 414 39
51 426 26
51 427 92
51 440 50
51 442 100
51 474 20
52 53 47
52 60 89
52 70 94
52 133 19
52 150 57
52 151 10
52 152 40
52 258 61
52 315 80
52 316 77
52 334 63
52 339 16
52 341 100
52 390 38
52 416 66
52 423 18
52 441 29
52 449 46
52 472 51
52 484 38
53 54 58
53 55 54
53 58 79
53 59 33
53 79 75
53 93 1
53 128 44
53 134 71
53 150 23
53 186 99
53 192 88
53 262 27
53 266 74
53 271 60
53 355 74
53 397 63
53 398 31
53 431 57
53 456 80
53 468 8
53 496 41
54 55 40
54 58 75
54 61 9
54 129 56
54 191 93
54 202 40
54 218 68
54 223 74
54 244 66
54 301 71
54 359 33
54 360 27
54 447 67
54 459 14
54 477 12
55 56 16
55 75 55
55 90 17
55 91 98
55 104 85
55 105 25
55 115 61
55 119 87
55 130 61
55 137 48
55 163 41
55 176 46
55 187 94
55 240 4
55 244 98
55 261 48
55 305 50
55 392 41
55 417 41
55 423 23
55 428 33
55 438 17
55 442 81
55 489 41
56 57 44
56 108 12
56 125 51
56 129 26
56 160 61
56 254 3
56 275 48
56 292 52
56 294 87
56 317 36
56 340 31
56 371 39
56 381 77
56 399 76
56 418 30
56 434 24
56 449 25
56 451 67
56 479 39
57 58 10
57 80 9
57 170 25
57 174 50
57 201 20
57 206 86
57 293 15
57 321 46
57 339 77
57 392 34
57 393 95
58 59 97
58 62 82
58 126 54
58 133 41
58 140 26
58 198 54
58 341 61
58 364 11
58 376 20
58 417 91
58 430 15
58 482 30
59 60 74
59 144 70
59 186 72
59 213 12
59 250 21
59 274 66
59 281 63
59 283 30
59 306 9
59 346 49
59 353 78
59 403 87
59 414 8
59 467 90
60 61 87
60 80 25
60 99 49
60 130 41
60 142 16
60 143 17
60 215 14
60 247 72
60 305 43
60 317 91
60 355 12
60 379 15
60 386 80
60 393 18
60 402 80
60 421 70
60 434 67
60 452 89
60 472 59
61 62 83
61 75 76
61 78 65
61 80 25
61 86 92
61 112 82
61 118 54
61 121 26
61 135 64
61 136 93
61 155 54
61 178 30
61 199 88
61 202 76
61 215 95
61 249 3
61 267 4
61 278 45
61 289 98
61 291 5
61 316 51
61 357 16
61 367 8
61 368 83
61 405 8
61 457 89
62 63 46
62 65 47
62 89 85
62 143 39
62 202 83
62 234 85
62 322 74
62 335 11
62 368 88
62 371 10
62 420 84
62 432 68
62 461 38
62 476 9
62 483 2
63 64 72
63 66 50
63 84 61
63 151 41
63 201 36
63 208 1
63 217 56
63 304 37
63 344 14
63 361 87
63 387 25
63 393 18
63 429 91
63 490 11
64 65 18
64 69 46
64 189 20
64 203 92
64 233 75
64 241 82
64 311 50
64 364 61
64 399 86
64 425 80
64 498 59
64 499 88
65 66 33
65 74 88
65 116 15
65 137 92
65 164 42
65 185 87
65 229 57
65 234 28
65 240 57
65 245 75
65 285 95
65 328 32
65 335 30
65 357 29
65 367 81
65 386 58
65 401 91
65 411 95
65 465 15
65 495 6
65 497 22
66 67 82
66 108 78
66 126 91
66 187 83
66 275 21
66 291 22
66 335 59
66 348 61
66 363 48
66 371 75
66 414 13
66 423 85
66 434 94
66 446 47
66 449 20
67 68 38
67 79 19
67 90 7
67 96 15
67 121 34
67 144 78
67 164 25
67 177 4
67 190 88
67 218 3
67 231 90
67 232 76
67 249 43
67 340 80
67 388 54
67 389 22
68 69 59
68 118 77
68 198 61
68 264 24
68 281 73
68 329 2
68 364 96
68 418 70
68 477 45
69 70 2
69 118 51
69 121 26
69 189 90
69 221 61
69 226 24
69 299 24
69 459 77
69 470 45
69 476 42
69 497 65
69 499 47
70 71 58
70 125 75
70 180 5
70 204 16
70 211 19
70 234 45
70 236 30
70 257 37
70 269 44
70 272 70
70 312 53
70 360 18
70 387 11
70 427 80
70 454 11
70 458 52
70 473 73
70 475 27
71 72 22
71 99 38
71 166 100
71 176 85
71 198 41
71 230 77
71 248 92
71 263 76
71 300 49
71 311 44
71 314 11
71 352 56
71 371 21
71 377 8
71 415 34
71 447 24
71 471 65
72 73 83
72 131 97
72 136 13
72 139 63
72 140 15
72 142 36
72 159 72
72 234 19
72 276 18
72 424 85
72 491 67
73 74 13
73 180 97
73 229 53
73 277 63
73 305 71
73 330 84
73 375 42
73 425 87
73 426 8
73 485 74
74 75 71
74 76 42
74 79 60
74 92 66
74 96 29
74 116 97
74 123 70
74 136 40
74 153 97
74 156 78
74 159 75
74 166 3
74 292 24
74 293 12
74 295 48
74 296 12
74 310 84
74 347 8
74 355 75
74 400 7
74 406 1
75 76 54
75 123 33
75 159 87
75 278 60
75 280 80
75 313 70
75 319 75
75 378 50
75 381 89
75 397 7
75 431 36
75 437 85
75 438 62
75 460 72
76 77 82
76 98 23
76 100 23
76 105 56
76 137 67
76 163 81
76 201 29
76 219 61
76 259 54
76 262 17
76 299 58
76 370 24
76 381 57
76 413 71
76 441 70
76 464 16
76 466 62
76 498 19
77 78 65
77 153 69
77 160 64
77 167 89
77 213 34
77 236 32
77 239 100
77 250 93
77 260 14
77 329 99
77 347 54
77 403 29
77 417 4
77 496 35
78 79 100
78 92 8
78 117 93
78 136 56
78 154 53
78 163 67
78 169 27
78 203 16
78 210 52
78 218 95
78 265 14
78 280 6
78 362 83
78 455 36
78 471 82
78 475 98
78 486 73
79 80 70
79 95 70
79 163 16
79 178 47
79 179 96
79 193 46
79 199 86
79 224 46
79 267 59
79 285 38
79 287 38
79 315 30
79 317 70
79 335 38
79 409 45
79 416 35
79 454 19
80 81 39
80 119 76
80 130 49
80 159 40
80 185 4
80 326 42
80 438 94
80 445 53
81 82 22
81 84 81
81 135 31
81 146 22
81 179 88
81 184 12
81 197 90
81 206 71
81 220 14
81 225 35
81 233 99
81 240 67
81 243 14
81 358 9
81 374 33
81 402 43
81 433 92
81 435 16
81 451 7
81 477 83
81 496 59
82 83 38
82 84 31
82 112 95
82 130 32
82 178 46
82 215 63
82 227 30
82 251 19
82 289 78
82 310 51
82 312 45
82 325 84
82 327 52
82 329 35
82 330 53
82 336 54
82 403 5
82 424 14
82 442 5
82 457 66
82 492 76
83 84 7
83 120 23
83 143 5
83 190 80
83 195 76
83 198 50
83 212 18
83 245 79
83 266 63
83 293 86
83 310 32
83 312 54
83 335 90
83 341 64
83 364 10
83 398 54
83 448 34
83 463 63
83 470 38
83 488 74
84 85 70
84 102 74
84 133 89
84 174 2
84 183 17
84 187 40
84 252 26
84 255 27
84 284 39
84 288 82
84 289 17
84 290 82
84 308 24
84 320 44
84 392 72
84 411 58
84 430 50
84 438 30
84 483 82
85 86 80
85 89 77
85 93 36
85 113 89
85 174 54
85 267 46
85 287 64
85 313 90
85 332 77
85 359 96
85 377 16
85 398 17
85 422 68
85 444 72
85 460 79
85 495 18
86 87 18
86 92 23
86 189 99
86 235 55
86 238 15
86 239 2
86 383 71
86 408 97
86 427 1
86 440 43
86 454 42
86 498 17
87 88 32
87 248 67
87 260 30
87 327 45
87 345 21
87 350 91
87 354 45
87 434 68
87 471 18
87 484 53
88 89 51
88 94 34
88 136 37
88 143 43
88 167 80
88 266 65
88 277 1
88 284 85
88 331 47
88 334 90
88 392 98
88 449 65
88 465 24
89 90 58
89 121 23
89 175 71
89 196 47
89 224 36
89 226 74
89 236 62
89 258 61
89 324 7
89 416 87
89 495 57
90 91 68
90 114 81
90 120 94
90 164 85
90 181 9
90 252 3
90 265 66
90 270 44
90 287 94
90 297 75
90 298 29
90 311 47
90 314 60
90 318 48
90 364 10
90 403 67
90 425 78
90 449 69
91 92 56
91 106 91
91 119 61
91 148 2
91 159 21
91 206 3
91 250 82
91 252 42
91 266 55
91 319 80
91 380 55
91 479 55
91 484 19
92 93 23
92 133 18
92 146 50
92 218 16
92 229 73
92 278 43
92 283 75
92 284 82
92 341 86
92 347 5
92 355 18
92 370 95
92 414 52
92 424 36
92 496 17
93 94 58
93 117 6
93 162 83
93 172 14
93 200 97
93 219 91
93 231 90
93 234 55
93 261 65
93 290 18
93 334 18
93 352 63
93 374 93
93 397 77
93 418 64
93 435 95
94 95 76
94 120 71
94 183 51
94 188 98
94 190 63
94 202 19
94 227 91
94 234 48
94 249 84
94 337 54
94 341 72
94 407 79
94 410 77
94 444 91
94 453 78
94 485 8
95 96 64
95 136 37
95 184 27
95 238 50
95 260 16
95 299 74
95 315 60
95 319 87
95 327 54
95 347 51
95 367 64
95 373 46
95 394 28
95 407 64
95 414 66
95 493 12
96 97 85
96 119 80
96 123 12
96 143 91
96 152 60
96 186 96
96 206 86
96 276 43
96 295 93
96 315 4
96 317 47
96 335 9
96 345 9
96 354 23
96 402 43
96 411 40
96 419 5
96 455 11
96 472 96
97 98 94
97 103 83
97 138 15
97 148 58
97 159 59
97 168 100
97 207 68
97 251 37
97 254 19
97 270 58
97 285 1
97 289 87
97 316 75
97 321 58
97 331 13
97 364 70
97 393 35
97 398 27
97 428 65
97 435 68
98 99 45
98 123 63
98 201 64
98 303 11
98 304 93
98 336 53
98 338 56
98 366 25
98 406 69
98 442 69
98 468 26
98 478 6
99 100 3
99 131 96
99 143 48
99 195 61
99 291 61
99 316 38
99 325 37
99 394 39
99 467 15
99 493 22
100 101 68
100 102 42
100 111 80
100 112 43
100 160 61
100 186 88
100 188 44
100 193 74
100 279 45
100 322 94
100 403 13
100 421 67
100 453 31
100 476 65
101 102 9
101 108 62
101 149 68
101 162 30
101 192 18
101 215 85
101 278 93
101 285 4
101 302 93
101 352 27
101 354 30
101 362 12
101 387 23
101 401 7
101 475 37
102 103 90
102 104 22
102 160 45
102 251 22
102 270 1
102 277 35
102 312 77
102 352 57
102 404 11
102 435 46
102 442 28
102 452 75
103 104 27
103 168 13
103 274 62
103 324 46
103 369 27
103 423 98
103 428 12
104 105 79
104 111 11
104 137 54
104 145 33
104 175 62
104 195 50
104 199 22
104 216 7
104 237 92
104 266 18
104 275 94
104 276 65
104 303 64
104 362 4
104 404 74
104 437 39
104 469 72
104 473 29
104 476 95
104 480 50
105 106 95
105 114 91
105 137 63
105 160 62
105 164 97
105 218 9
105 278 16
105 321 7
105 326 66
105 361 19
105 402 94
105 480 45
106 107 23
106 130 45
106 139 73
106 198 9
106 212 45
106 225 61
106 226 3
106 231 41
106 239 81
106 258 59
106 264 3
106 274 26
106 291 59
106 320 13
106 336 78
106 372 19
106 401 61
106 434 47
106 490 68
107 108 63
107 113 62
107 133 6
107 163 74
107 177 97
107 193 12
107 225 40
107 260 60
107 268 56
107 315 77
107 317 66
107 330 74
107 331 7
107 334 92
107 335 77
107 362 83
107 366 21
107 382 43
107 428 4
107 444 30
107 465 33
107 478 30
108 109 10
108 140 35
108 184 93
108 308 13
108 316 9
108 327 45
108 362 83
108 396 83
108 398 95
108 399 38
108 438 30
108 453 20
108 483 27
108 485 75
109 110 39
109 122 61
109 133 86
109 134 2
109 156 2
109 173 60
109 182 90
109 187 46
109 207 4
109 222 84
109 232 95
109 242 94
109 254 2
109 259 12
109 262 84
109 266 92
109 269 53
109 282 79
109 299 60
109 348 86
109 387 16
109 425 7
109 458 72
109 462 66
109 486 15
109 491 25
109 492 27
110 111 94
110 132 28
110 154 97
110 201 100
110 258 39
110 293 20
110 311 33
110 320 77
110 327 43
110 330 100
110 337 85
110 368 60
110 379 24
110 393 70
110 466 5
111 112 60
111 154 14
111 165 86
111 224 32
111 236 33
111 239 72
111 241 20
111 297 36
111 299 80
111 349 84
111 371 20
111 407 47
111 428 7
111 447 52
111 473 40
112 113 53
112 147 12
112 198 10
112 202 27
112 211 12
112 226 33
112 245 53
112 281 69
112 300 52
112 322 35
112 331 34
112 337 91
112 350 9
112 386 20
112 414 2
113 114 29
113 138 15
113 225 56
113 284 79
113 294 61
113 315 31
113 324 13
113 344 60
113 352 62
113 483 16
114 115 87
114 128 34
114 129 90
114 151 26
114 203 64
114 281 85
114 322 92
114 369 72
114 396 32
114 412 37
114 449 72
115 116 73
115 145 27
115 187 79
115 201 88
115 207 5
115 258 64
115 263 25
115 268 37
115 270 7
115 300 8
115 345 64
115 349 45
115 472 16
115 481 90
116 117 57
116 123 74
116 136 57
116 138 80
116 212 71
116 377 15
116 393 58
116 397 100
116 425 67
116 473 79
116 482 59
116 491 99
117 118 94
117 152 31
117 169 87
117 225 62
117 234 26
117 268 8
117 296 44
117 330 85
117 343 80
117 352 70
117 364 65
117 416 58
118 119 43
118 132 47
118 180 91
118 225 67
118 271 31
118 311 82
118 344 77
118 376 1
118 389 90
118 451 6
118 454 78
118 494 32
119 120 58
119 150 69
119 168 21
119 181 33
119 205 45
119 217 99
119 225 3
119 245 39
119 261 49
119 263 45
119 265 64
119 343 10
119 386 57
119 408 21
119 432 12
120 121 26
120 142 48
120 213 49
120 246 69
120 302 39
120 325 99
120 374 63
120 398 53
120 426 95
120 456 33
121 122 94
121 137 89
121 170 8
121 211 35
121 287 12
121 299 10
121 345 74
121 388 1
121 394 29
121 428 54
121 469 85
121 475 23
122 123 13
122 193 24
122 214 43
122 274 36
122 325 17
122 358 78
122 368 50
122 383 86
122 386 34
122 396 40
122 470 27
122 481 60
123 124 75
123 137 36
123 254 100
123 275 52
123 418 34
123 433 9
124 125 26
124 149 18
124 188 41
124 191 88
124 211 67
124 227 68
124 238 56
124 239 79
124 251 67
124 268 100
124 315 57
124 366 92
124 371 21
124 375 14
124 381 28
124 413 12
124 438 47
124 439 86
124 476 57
125 126 39
125 138 94
125 168 66
125 186 8
125 244 87
125 251 77
125 262 42
125 280 40
125 293 64
125 340 97
125 353 56
125 365 93
125 383 86
125 457 100
125 460 72
125 466 11
125 481 57
125 482 99
125 490 57
126 127 27
126 138 56
126 198 86
126 215 30
126 256 16
126 260 35
126 277 35
126 282 3
126 360 22
126 415 96
126 418 80
126 464 9
126 466 10
126 484 45
126 485 64
127 128 3
127 136 46
127 148 33
127 151 40
127 264 85
127 278 21
127 296 69
127 336 43
127 416 15
127 441 68
127 451 18
127 474 12
127 475 29
127 490 97
128 129 19
128 153 75
128 179 84
128 325 24
128 332 59
128 348 54
129 130 37
129 134 67
129 142 60
129 153 94
129 171 96
129 208 70
129 364 54
129 365 21
129 391 22
129 392 84
129 400 94
129 406 89
129 415 33
129 438 94
129 463 38
129 485 85
129 497 48
130 131 32
130 136 60
130 148 98
130 149 29
130 160 22
130 182 81
130 197 18
130 200 39
130 263 59
130 299 15
130 326 20
130 379 91
130 383 55
130 469 56
131 132 50
131 138 25
131 157 25
131 194 63
131 222 93
131 253 9
131 296 5
131 342 38
131 343 18
131 345 46
131 354 52
131 367 48
131 495 27
131 497 8
132 133 100
132 180 34
132 244 99
132 386 50
132 430 49
132 454 9
132 479 86
133 134 33
133 178 80
133 180 66
133 203 86
133 263 88
133 287 98
133 310 12
133 315 68
133 317 28
133 322 21
133 364 83
133 373 45
133 434 71
133 475 51
134 135 79
134 147 16
134 197 15
134 250 83
134 314 1
134 331 32
134 347 6
134 360 76
134 363 60
134 380 92
134 400 68
134 486 53
135 136 66
135 188 96
135 224 26
135 238 59
135 263 75
135 290 94
135 325 27
135 343 34
135 378 6
135 379 95
135 381 80
135 386 53
135 443 3
135 445 11
135 450 3
135 465 53
135 471 46
135 484 90
136 137 40
136 155 69
136 176 17
136 225 73
136 235 73
136 237 71
136 243 3
136 276 89
136 303 36
136 314 26
136 338 100
136 391 36
136 403 43
136 416 71
136 423 3
136 440 65
136 441 55
136 497 3
137 138 9
137 144 87
137 176 69
137 191 98
137 200 44
137 213 49
137 252 6
137 300 77
137 373 53
137 401 31
137 408 76
137 423 47
137 428 5
137 439 12
137 453 9
137 483 58
137 498 24
138 139 18
138 164 8
138 169 67
138 224 27
138 236 95
138 265 41
138 296 24
138 298 41
138 493 17
138 497 23
139 140 81
139 160 87
139 163 6
139 218 66
139 247 34
139 279 56
139 328 79
139 363 83
139 397 42
139 399 42
139 406 11
139 451 52
139 452 76
139 458 69
139 473 100
139 479 98
140 141 61
140 173 90
140 176 52
140 177 95
140 198 42
140 214 15
140 251 81
140 259 22
140 269 87
140 310 39
140 333 50
140 363 20
140 387 18
140 403 91
140 408 100
141 142 6
141 146 81
141 395 19
141 417 95
141 483 34
142 143 37
142 147 4
142 206 49
142 234 11
142 285 40
142 357 1
142 358 29
142 367 67
142 397 6
142 430 19
142 454 80
142 479 40
142 496 62
143 144 64
143 145 79
143 176 73
143 199 41
143 200 61
143 223 40
143 282 26
143 423 12
143 424 33
143 451 22
143 474 2
143 485 87
143 491 53
143 494 88
144 145 68
144 183 15
144 221 53
144 243 4
144 248 28
144 255 22
144 269 81
144 331 15
144 346 69
144 353 11
144 360 99
144 377 22
144 380 58
144 447 55
144 448 46
144 465 40
144 490 43
144 491 67
144 495 72
145 146 100
145 222 89
145 237 100
145 265 90
145 297 49
145 379 99
145 404 65
145 426 5
145 463 4
145 476 74
145 491 96
146 147 43
146 252 64
146 319 45
146 373 91
146 391 37
146 458 25
146 481 70
147 148 33
147 201 4
147 209 4
147 221 22
147 228 19
147 253 9
147 259 75
147 278 16
147 284 99
147 322 20
147 345 86
147 361 85
147 376 92
147 409 28
147 419 18
147 442 54
148 149 21
148 171 43
148 210 30
148 225 79
148 277 53
148 289 10
148 297 55
148 306 81
148 329 86
148 341 42
148 382 87
148 441 10
149 150 52
149 199 70
149 205 3
149 217 40
149 242 66
149 244 4
149 310 86
149 313 50
149 330 59
149 400 4
149 421 15
150 151 64
150 153 71
150 169 68
150 190 49
150 196 57
150 226 31
150 308 82
150 311 95
150 314 7
150 327 26
150 330 67
150 373 2
150 410 93
150 499 17
151 152 75
151 171 12
151 185 71
151 194 10
151 222 11
151 242 87
151 319 91
151 383 34
151 396 41
151 436 80
151 466 57
151 476 18
152 153 22
152 213 9
152 433 31
152 440 63
152 461 38
153 154 68
153 204 92
153 210 12
153 231 64
153 250 49
153 257 11
153 336 46
153 378 59
153 391 19
153 395 96
153 413 99
153 417 87
153 455 10
153 467 24
153 468 18
153 482 53
154 155 4
154 174 85
154 237 99
154 254 11
154 275 45
154 276 94
154 301 69
154 302 63
154 309 32
154 340 76
154 419 6
154 453 36
154 472 99
155 156 23
155 176 6
155 208 78
155 275 43
155 337 54
155 338 54
155 368 87
155 388 46
155 484 24
156 157 87
156 188 43
156 233 12
156 376 87
156 383 95
156 422 31
156 466 68
156 497 82
157 158 99
157 175 27
157 186 29
157 238 89
157 289 86
157 328 80
157 335 84
157 352 13
157 359 84
157 367 82
157 391 42
157 428 8
157 440 36
157 445 52
157 452 64
157 469 87
157 475 10
158 159 77
158 226 49
158 270 26
158 369 39
158 410 50
158 470 15
158 474 37
158 495 49
158 496 43
159 160 50
159 165 62
159 192 9
159 193 87
159 218 53
159 229 31
159 286 74
159 287 88
159 358 26
159 365 36
159 376 56
160 161 89
160 191 88
160 216 1
160 293 26
160 299 38
160 300 95
160 315 63
160 334 74
160 421 53
160 425 39
160 448 70
160 477 80
160 492 17
160 497 14
161 162 32
161 171 84
161 203 52
161 228 23
161 264 94
161 276 40
161 278 60
161 308 89
161 341 32
161 356 83
161 388 81
161 391 63
161 406 19
161 482 57
161 496 42
161 499 20
162 163 50
162 189 93
162 227 9
162 247 85
162 316 48
162 350 61
162 351 35
162 448 10
162 450 17
162 486 100
163 164 90
163 185 96
163 189 86
163 194 78
163 209 94
163 229 73
163 371 100
163 398 68
163 469 53
163 474 32
163 485 27
164 165 49
164 168 70
164 180 43
164 205 92
164 216 34
164 245 4
164 317 18
164 363 2
164 403 90
164 455 86
164 469 69
164 485 86
165 166 94
165 258 41
165 286 92
165 296 44
165 299 10
165 306 25
165 327 95
165 371 36
165 372 53
165 400 23
165 459 35
165 462 70
165 489 72
166 167 8
166 239 99
166 251 34
166 255 84
166 266 36
166 279 60
166 289 86
166 351 58
166 353 20
166 357 100
166 384 3
166 392 51
166 408 90
166 413 82
166 416 88
166 493 39
167 168 85
167 211 60
167 280 53
167 292 54
167 338 46
167 353 49
167 363 70
167 385 41
167 386 72
167 405 30
167 437 16
167 442 76
167 499 26
168 169 57
168 174 7
168 185 4
168 265 22
168 275 14
168 281 36
168 305 68
168 311 68
168 318 51
168 334 20
168 339 44
168 347 33
168 353 39
168 363 98
168 434 54
168 435 51
168 442 22
168 461 47
168 464 26
168 474 28
168 475 94
169 170 61
169 185 19
169 188 67
169 204 40
169 220 86
169 254 43
169 265 96
169 277 92
169 282 83
169 283 9
169 308 57
169 352 69
169 363 5
169 364 16
169 365 24
169 374 43
169 474 59
169 488 50
170 171 1
170 210 97
170 229 38
170 257 83
170 261 98
170 329 13
170 346 20
170 397 29
170 403 37
170 441 81
170 446 68
170 472 39
171 172 93
171 176 68
171 238 77
171 275 66
171 277 67
171 286 2
171 307 52
171 328 61
171 407 94
171 414 100
171 425 39
171 443 93
171 451 69
171 468 35
171 482 48
172 173 90
172 192 98
172 204 74
172 238 86
172 255 40
172 264 13
172 310 93
172 323 24
172 338 71
172 384 32
172 389 52
173 174 66
173 182 93
173 222 48
173 245 12
173 247 37
173 251 56
173 270 65
173 275 87
173 287 44
173 305 58
173 314 71
173 322 14
173 400 60
173 486 80
174 175 92
174 188 74
174 190 29
174 213 52
174 230 20
174 292 87
174 304 82
174 375 86
174 489 50
175 176 3
175 178 29
175 200 29
175 214 33
175 221 46
175 225 100
175 249 45
175 260 54
175 280 41
175 283 30
175 307 56
175 373 30
175 427 36
175 433 14
175 444 41
175 445 19
175 461 91
175 495 35
176 177 36
176 182 40
176 195 41
176 243 9
176 247 42
176 255 76
176 257 53
176 258 8
176 262 82
176 271 46
176 273 69
176 278 22
176 308 85
176 334 95
176 369 30
176 433 30
176 453 5
176 474 4
176 496 48
177 178 15
177 194 29
177 213 98
177 267 41
177 268 7
177 276 23
177 299 65
177 307 1
177 369 30
177 381 54
177 411 31
177 437 17
177 450 73
177 464 11
177 491 81
177 492 63
178 179 41
178 219 81
178 261 71
178 327 67
178 409 43
178 425 4
178 445 43
179 180 50
179 190 50
179 199 30
179 216 70
179 244 24
179 253 43
179 257 3
179 272 68
179 277 1
179 284 34
179 348 65
179 392 94
179 393 45
179 395 61
179 427 14
179 446 14
179 482 38
180 181 10
180 287 40
180 325 95
180 344 88
180 359 23
180 375 6
180 434 78
180 445 100
180 450 49
180 488 39
181 182 64
181 193 69
181 202 30
181 227 17
181 248 6
181 258 34
181 311 84
181 313 65
181 325 85
181 341 52
181 370 47
181 408 56
181 419 72
181 423 26
182 183 8
182 209 79
182 273 13
182 330 51
182 355 84
182 380 24
182 418 11
182 435 21
182 459 20
182 473 83
182 496 51
183 184 83
183 185 35
183 212 60
183 216 56
183 221 14
183 250 3
183 304 11
183 308 24
183 332 53
183 358 38
183 379 17
184 185 22
184 233 66
184 272 72
184 289 79
184 324 72
184 325 52
184 376 4
184 479 38
184 487 75
184 489 73
184 499 100
185 186 23
185 221 50
185 231 51
185 254 40
185 290 42
185 308 97
185 313 84
185 330 14
185 390 5
185 406 86
185 423 72
185 467 6
185 470 58
185 471 74
185 489 15
186 187 31
186 192 19
186 194 92
186 222 72
186 233 4
186 251 10
186 334 14
186 354 95
186 412 84
186 434 79
186 443 76
186 456 15
186 457 100
187 188 2
187 212 82
187 295 59
187 344 93
187 374 4
187 376 19
187 406 88
187 472 28
188 189 29
188 201 14
188 240 74
188 252 43
188 377 19
188 418 23
188 422 18
188 467 96
188 469 95
188 474 68
188 488 93
188 493 82
189 190 88
189 195 34
189 224 50
189 234 41
189 235 78
189 276 54
189 282 75
189 285 22
189 296 53
189 354 11
189 376 18
189 493 28
189 497 98
190 191 36
190 210 2
190 241 66
190 351 67
190 354 32
190 381 18
190 383 40
190 387 89
190 400 14
190 492 78
190 496 93
191 192 81
191 212 96
191 214 3
191 228 1
191 287 37
191 293 90
191 304 3
191 308 79
191 372 60
191 383 47
191 386 84
191 389 90
191 405 89
191 466 43
192 193 36
192 200 49
192 253 81
192 274 90
192 277 78
192 290 53
192 300 67
192 311 98
192 323 23
192 326 79
192 338 46
192 353 38
192 377 40
192 389 93
192 391 37
192 402 78
192 414 3
193 194 28
193 197 13
193 262 58
193 268 94
193 269 79
193 323 90
193 380 56
193 434 90
193 451 71
193 460 47
193 472 10
193 487 75
194 195 24
194 217 4
194 218 49
194 229 32
194 279 72
194 307 42
194 349 17
194 351 27
194 392 68
194 402 79
194 467 97
195 196 93
195 225 7
195 254 47
195 259 79
195 269 69
195 297 13
195 298 58
195 305 84
195 308 70
195 351 82
195 372 55
195 378 21
195 385 34
195 393 21
195 491 41
195 497 82
196 197 90
196 364 18
196 402 57
196 431 32
196 442 57
196 483 40
196 496 52
197 198 44
197 222 27
197 231 88
197 235 96
197 253 68
197 316 98
197 320 74
197 336 9
197 337 85
197 342 66
197 368 15
197 388 61
197 400 95
197 403 73
197 419 23
197 497 82
198 199 10
198 216 17
198 232 60
198 246 7
198 259 93
198 332 16
198 340 91
198 361 93
198 383 43
198 400 71
198 431 12
198 448 79
198 453 95
199 200 99
199 212 29
199 220 44
199 245 71
199 247 36
199 273 75
199 277 72
199 307 95
199 318 25
199 352 76
199 355 74
199 367 53
199 495 18
200 201 49
200 215 11
200 233 83
200 239 45
200 240 64
200 269 97
200 277 90
200 306 5
200 307 68
200 326 36
200 328 24
200 391 54
200 404 87
200 420 8
200 465 26
201 202 83
201 273 53
201 306 19
201 381 2
201 390 48
201 392 97
201 393 54
201 428 97
201 486 70
202 203 20
202 238 75
202 248 11
202 288 70
202 300 42
202 310 19
202 318 28
202 322 72
202 343 27
202 405 7
202 426 82
202 472 72
203 204 79
203 215 88
203 260 29
203 272 75
203 275 9
203 324 79
203 344 94
203 354 18
203 379 90
203 467 43
203 494 51
204 205 56
204 222 61
204 238 29
204 239 24
204 271 6
204 333 81
204 347 11
204 360 84
204 399 87
204 403 6
204 432 85
204 444 53
204 456 98
204 460 52
204 462 53
205 206 18
205 219 6
205 233 54
205 245 83
205 275 12
205 388 95
205 417 36
205 457 60
205 471 6
205 488 5
206 207 51
206 230 97
206 271 13
206 347 55
206 357 38
206 399 33
206 457 66
206 480 36
207 208 72
207 242 24
207 249 66
207 251 74
207 336 18
207 457 41
207 477 50
208 209 50
208 232 19
208 252 73
208 270 46
208 362 66
208 408 10
208 412 61
208 421 67
209 210 81
209 220 3
209 315 87
209 375 72
209 379 28
209 381 14
209 391 27
209 400 7
209 426 36
209 443 59
209 487 13
210 211 13
210 224 74
210 269 62
210 270 67
210 300 83
210 304 41
210 319 54
210 321 72
210 368 22
210 384 82
210 397 13
210 414 91
210 418 83
210 438 50
211 212 29
211 220 58
211 223 43
211 269 82
211 272 53
211 397 21
211 402 3
211 495 66
211 499 79
212 213 77
212 236 58
212 259 66
212 298 53
212 323 56
212 342 21
212 368 76
212 384 33
212 399 61
212 422 63
212 435 60
212 470 63
212 489 91
212 491 94
213 214 89
213 234 83
213 305 99
213 331 32
213 356 61
213 358 45
213 397 62
213 430 33
214 215 76
214 277 42
214 278 79
214 279 3
214 300 86
214 309 98
214 336 99
214 339 18
214 341 44
214 347 53
214 370 69
214 407 12
214 419 58
215 216 27
215 248 83
215 269 69
215 309 54
215 350 29
215 390 21
215 416 40
215 466 82
215 473 66
215 485 90
216 217 52
216 219 94
216 253 32
216 353 1
216 376 68
216 446 24
216 463 32
216 479 61
217 218 92
217 219 48
217 259 60
217 279 39
217 368 21
217 378 11
217 412 11
217 430 73
217 440 60
217 441 91
217 449 26
217 451 25
217 455 48
217 478 98
218 219 100
218 226 58
218 300 24
218 332 25
218 363 25
218 445 6
218 494 61
219 220 55
219 251 50
219 295 66
219 324 10
219 355 11
219 371 25
219 373 73
219 390 72
219 396 17
219 400 22
219 402 9
219 466 67
219 469 30
220 221 89
220 231 6
220 241 2
220 293 76
220 335 47
220 344 25
220 425 26
220 427 2
220 470 40
220 490 6
221 222 12
221 259 87
221 267 31
221 321 73
221 335 67
221 346 39
221 368 78
221 381 66
221 395 57
221 448 12
221 484 41
222 223 22
222 243 73
222 274 46
222 398 82
222 459 14
223 224 31
223 245 29
223 268 79
223 276 50
223 349 23
223 389 78
223 395 28
223 412 45
223 427 23
223 446 83
223 447 86
224 225 67
224 249 49
224 251 84
224 421 53
224 440 84
224 469 82
224 494 28
225 226 93
225 291 20
225 322 47
225 338 41
225 358 39
225 368 47
225 410 96
225 434 74
225 452 30
225 485 38
226 227 6
226 234 71
226 236 72
226 246 49
226 254 39
226 269 34
226 314 25
226 329 43
226 336 71
226 348 44
226 353 35
226 397 31
226 417 18
226 457 12
226 463 45
227 228 58
227 234 84
227 268 2
227 299 67
227 361 75
227 401 40
227 412 19
227 475 59
227 484 44
228 229 14
228 235 7
228 239 93
228 283 12
228 320 4
228 350 56
228 368 6
228 378 58
228 382 24
228 398 97
228 416 14
228 423 96
228 424 26
228 455 86
228 456 9
228 475 41
228 477 38
229 230 21
229 252 18
229 264 85
229 274 93
229 287 84
229 366 76
229 387 53
229 435 33
229 493 41
230 231 43
230 251 8
230 306 92
230 326 20
230 338 45
230 345 45
230 406 48
230 429 19
230 456 6
230 470 94
231 232 44
231 242 20
231 304 42
231 332 28
231 347 65
231 351 74
231 357 67
231 397 56
231 417 11
231 429 48
231 430 85
231 498 70
232 233 87
232 269 7
232 337 51
232 347 21
232 358 90
232 402 15
232 450 84
232 485 75
233 234 78
233 283 82
233 416 29
233 419 1
233 428 21
233 431 14
233 458 57
233 471 25
234 235 12
234 268 32
234 305 37
234 360 91
234 363 26
234 375 74
234 397 51
234 399 19
234 406 60
234 427 7
235 236 59
235 261 87
235 262 26
235 289 81
235 295 39
235 301 67
235 326 95
235 389 19
235 419 2
235 421 86
235 424 81
236 237 19
236 270 29
236 278 47
236 296 71
236 365 24
236 482 91
236 494 91
237 238 81
237 261 73
237 322 6
237 337 40
237 342 1
237 349 100
237 370 71
237 414 4
237 419 29
237 421 63
238 239 50
238 258 23
238 260 17
238 302 100
238 313 37
238 316 19
238 327 77
238 333 23
238 408 28
239 240 1
239 244 90
239 253 64
239 262 13
239 288 30
239 419 42
239 478 100
240 241 31
240 256 72
240 320 3
240 358 46
240 389 70
240 390 22
240 391 100
240 396 35
240 435 55
240 498 72
241 242 48
241 322 40
241 375 71
241 383 84
241 414 24
241 429 91
242 243 83
242 292 14
242 299 42
242 326 91
242 334 100
242 478 20
243 244 60
243 261 24
243 281 25
243 340 34
243 362 69
243 363 16
243 388 50
243 399 19
244 245 56
244 259 77
244 260 58
244 270 84
244 271 80
244 281 54
244 286 2
244 289 51
244 294 44
244 303 100
244 390 22
244 411 78
244 427 90
244 430 9
244 492 29
245 246 11
245 281 53
245 288 33
245 291 5
245 310 59
245 337 24
245 339 69
245 420 80
245 449 12
246 247 39
246 255 9
246 260 48
246 291 9
246 296 54
246 301 4
246 303 54
246 315 66
246 321 21
246 329 4
246 383 31
246 497 46
247 248 33
247 272 54
247 280 58
247 298 20
247 324 82
247 327 58
247 359 4
247 386 10
247 424 100
247 469 13
247 486 73
248 249 70
248 251 60
248 341 3
248 377 4
248 410 71
248 462 94
248 472 41
249 250 57
249 274 57
249 325 39
249 386 62
249 400 52
249 419 63
249 421 45
249 446 7
249 484 57
249 486 28
249 490 2
250 251 10
250 253 68
250 303 14
250 310 24
250 364 4
250 365 96
250 414 45
250 426 70
250 444 97
250 450 38
250 457 72
250 470 61
251 252 99
251 263 41
251 265 35
251 313 98
251 325 36
251 390 45
251 393 88
251 406 68
251 410 12
251 425 67
251 458 99
251 464 65
251 490 89
252 253 66
252 255 9
252 257 36
252 275 66
252 286 68
252 308 50
252 330 58
252 369 1
252 374 34
252 406 90
252 431 21
252 441 91
252 480 56
252 483 69
253 254 46
253 277 27
253 282 37
253 309 99
253 310 94
253 372 33
253 410 12
253 448 71
253 449 66
253 487 16
253 490 61
253 492 58
254 255 65
254 258 62
254 280 43
254 285 45
254 291 48
254 319 88
254 329 28
254 345 7
254 349 69
254 367 51
254 392 43
254 472 32
255 256 54
255 294 67
255 325 4
255 347 5
255 369 61
255 391 54
255 498 25
256 257 87
256 377 16
256 424 28
256 437 51
256 472 51
256 477 94
257 258 85
257 367 69
257 425 47
257 491 68
258 259 10
258 279 63
258 308 11
258 390 60
258 412 71
258 477 72
259 260 53
259 322 48
259 368 64
259 444 26
260 261 78
260 343 29
260 353 34
260 383 68
260 402 73
260 426 97
260 493 56
260 494 62
261 262 94
261 293 95
261 353 65
261 395 19
261 408 12
261 430 35
261 454 54
261 462 40
261 474 7
261 482 97
261 491 88
261 499 38
262 263 51
262 306 52
262 310 88
262 347 20
262 367 72
262 376 46
262 427 75
262 432 85
262 477 75
263 264 53
263 280 84
263 323 91
263 360 38
263 395 10
264 265 1
264 292 38
264 297 23
264 309 50
264 321 15
264 368 31
264 387 60
264 401 90
264 410 43
264 428 95
264 464 97
264 487 8
265 266 38
265 286 34
265 428 9
265 457 21
265 459 26
265 461 84
265 477 76
266 267 60
266 309 3
266 326 12
266 331 55
266 346 12
266 377 52
266 418 61
266 474 89
266 496 6
267 268 54
267 352 73
267 374 50
267 385 10
267 388 98
267 457 98
267 469 39
267 472 86
267 479 91
268 269 79
268 272 17
268 281 25
268 320 37
268 437 79
268 445 53
268 449 15
268 453 5
268 486 87
268 491 19
269 270 49
269 360 41
269 381 75
269 411 36
269 451 26
269 458 19
269 481 63
269 487 96
270 271 15
270 279 70
270 292 12
270 329 89
270 351 82
270 363 93
270 374 15
270 382 75
270 383 44
270 408 87
270 439 31
271 272 74
271 337 95
271 386 81
271 389 13
271 431 3
271 444 91
271 468 100
271 476 65
271 492 40
272 273 46
272 284 54
272 388 28
272 416 14
272 449 89
272 498 41
273 274 19
273 310 67
273 343 63
273 344 34
273 413 56
273 418 14
273 420 59
273 433 57
273 468 51
273 470 5
273 488 36
273 497 41
274 275 79
274 394 34
274 404 12
274 425 53
274 432 54
275 276 74
275 304 66
275 317 35
275 347 87
275 377 57
275 393 80
276 277 29
276 338 13
276 387 85
276 404 51
276 444 22
276 451 50
276 474 64
276 483 48
277 278 92
277 288 54
277 317 96
277 342 18
277 366 41
277 373 26
277 380 50
277 409 70
277 418 40
277 420 97
277 432 43
277 435 20
277 496 54
278 279 15
278 284 48
278 289 92
278 304 78
278 321 68
278 359 71
278 369 50
278 387 36
278 391 36
278 413 46
278 433 9
278 463 50
279 280 69
279 391 32
279 416 65
279 452 5
279 478 86
279 484 99
279 492 1
280 281 36
280 340 95
280 353 75
280 400 51
280 420 7
280 432 18
281 282 62
281 326 45
281 346 61
281 361 57
281 393 17
281 399 100
281 430 66
281 459 37
282 283 68
282 303 23
282 314 12
282 405 59
282 414 57
282 418 96
282 439 43
283 284 47
283 311 36
283 333 42
283 334 36
283 359 13
283 364 51
283 379 4
283 419 72
283 430 31
284 285 31
284 295 8
284 304 2
284 315 12
284 317 7
284 331 64
284 350 96
284 368 16
284 369 69
284 383 64
284 413 65
284 444 89
284 451 48
284 461 96
284 472 78
285 286 79
285 308 84
285 313 49
285 360 98
285 384 80
285 403 21
285 417 83
285 443 15
285 470 24
285 474 49
286 287 54
286 307 9
286 309 54
286 373 61
286 391 25
286 495 23
287 288 71
287 306 51
287 386 96
287 389 82
287 412 13
287 452 87
287 458 20
287 463 11
287 472 60
287 478 38
287 482 37
288 289 51
288 308 77
288 342 56
288 370 3
288 408 94
288 414 89
288 419 3
288 431 57
288 463 62
288 475 6
289 290 38
289 328 61
289 340 78
289 343 95
289 344 34
289 354 62
289 357 50
289 365 80
289 374 42
289 383 45
289 413 85
289 419 36
289 462 42
289 488 24
290 291 52
290 298 12
290 332 45
290 343 1
290 349 18
290 428 82
290 448 83
290 474 12
291 292 17
291 355 18
291 412 24
291 438 69
291 444 44
291 450 37
291 459 15
291 480 39
291 484 100
291 491 90
291 494 84
292 293 53
292 298 59
292 359 14
292 391 71
292 443 96
292 459 77
292 496 54
293 294 82
293 351 12
293 362 70
293 433 34
293 453 72
294 295 12
294 303 77
294 310 50
294 324 38
294 386 9
294 416 7
294 478 6
295 296 56
295 335 99
295 339 6
295 344 31
295 438 26
295 462 3
295 479 13
296 297 52
296 311 100
296 336 66
296 339 36
296 361 96
296 367 99
296 402 46
296 466 37
297 298 5
297 304 55
297 331 6
297 374 64
297 471 84
298 299 5
298 301 93
298 317 1
298 336 54
298 350 50
298 401 30
298 428 72
298 451 6
298 474 64
298 483 24
298 496 83
299 300 27
299 305 97
299 323 92
299 326 9
299 358 77
299 359 2
299 369 73
299 377 23
299 381 30
299 402 15
299 431 56
299 447 18
299 465 36
299 498 96
300 301 73
300 307 3
300 341 11
300 352 52
300 365 90
300 400 17
300 405 28
300 419 22
300 429 68
300 472 65
300 476 85
300 481 100
301 302 78
301 313 92
301 314 36
301 342 38
301 374 28
301 432 83
301 440 40
301 468 32
301 471 69
302 303 18
302 355 45
302 361 53
302 373 21
302 387 75
302 409 89
302 429 25
302 449 94
302 490 38
302 495 9
303 304 25
303 306 57
303 317 67
303 375 95
303 414 3
303 443 80
303 457 62
303 494 59
304 305 50
304 362 70
304 379 74
304 439 77
305 306 86
305 340 84
305 349 22
305 353 62
305 384 39
305 399 54
305 402 23
305 439 32
305 451 88
305 470 90
306 307 61
306 312 60
306 324 58
306 352 78
306 353 70
306 379 3
306 380 65
306 383 42
306 388 36
306 391 38
307 308 99
307 358 32
307 417 95
307 425 21
307 458 71
307 485 68
308 309 7
308 336 74
308 350 77
308 353 52
308 363 49
308 470 9
309 310 11
309 383 28
309 402 6
309 434 28
309 436 58
309 448 40
309 457 72
309 486 13
310 311 44
310 332 68
310 378 57
310 403 72
310 434 31
310 447 6
310 454 41
310 479 70
310 483 83
311 312 29
311 336 48
311 454 3
311 459 72
311 472 44
311 477 32
312 313 46
312 335 4
312 349 95
312 394 72
312 424 83
312 429 17
312 469 3
313 314 85
313 334 71
313 377 65
313 384 50
313 387 43
313 391 38
313 449 28
313 452 94
313 497 5
314 315 61
314 319 10
314 327 51
314 357 24
314 410 59
314 413 47
314 418 44
314 499 49
315 316 58
315 329 56
315 394 35
315 398 58
315 447 7
315 471 79
315 489 28
316 317 34
316 335 67
316 344 34
316 350 99
316 361 38
316 382 85
316 387 53
316 394 97
316 457 10
316 478 71
316 482 98
316 498 58
317 318 90
317 358 58
317 365 62
317 441 76
317 458 32
317 459 29
317 476 8
317 494 7
318 319 27
318 368 73
318 372 95
318 409 92
318 461 30
318 485 32
318 495 18
319 320 99
319 338 98
319 339 81
319 374 98
319 376 59
319 397 68
319 400 59
319 419 37
319 423 57
319 436 9
319 454 37
319 495 60
319 497 94
320 321 47
320 350 71
320 356 35
320 410 57
320 411 66
320 433 89
320 448 97
320 458 86
321 322 79
321 339 25
321 356 22
321 384 32
321 422 62
321 457 83
321 471 47
322 323 13
322 342 65
322 396 60
322 487 43
322 488 46
323 324 87
323 347 32
323 387 39
323 393 24
323 416 84
323 436 22
323 468 44
324 325 74
324 334 92
324 349 27
324 376 29
324 377 1
324 403 61
324 419 47
324 457 83
324 472 60
325 326 60
325 370 89
325 382 71
325 383 23
325 405 55
325 430 31
325 440 51
325 450 20
325 454 87
325 474 56
325 486 60
326 327 80
326 338 65
326 359 25
326 375 79
326 416 7
326 476 42
326 496 43
327 328 88
327 364 97
327 382 7
327 405 22
327 427 96
327 491 100
328 329 96
328 377 31
328 395 60
328 420 19
328 424 50
328 426 57
328 442 57
328 463 79
328 471 3
328 491 30
329 330 5
329 366 67
329 397 99
329 424 59
329 434 86
329 435 4
329 439 53
329 445 83
329 472 40
329 473 45
329 498 95
330 331 26
330 335 57
330 337 44
330 338 18
330 358 80
330 373 78
330 391 35
331 332 27
331 345 31
331 368 79
331 395 34
331 426 35
331 429 50
331 449 38
332 333 13
332 375 23
332 453 50
332 468 55
332 481 55
333 334 4
333 341 18
333 369 15
333 410 82
333 433 39
333 441 95
333 460 77
333 481 48
333 484 8
334 335 20
334 345 50
334 378 1
334 429 43
334 452 75
334 484 66
335 336 3
335 344 80
335 373 48
336 337 53
336 347 80
336 362 21
336 385 17
336 445 22
336 453 31
336 498 72
337 338 59
337 350 75
337 353 91
337 385 69
337 420 21
337 439 97
338 339 62
338 342 56
338 356 64
338 365 40
338 375 69
338 383 85
338 384 92
338 394 88
338 397 55
338 423 38
338 445 4
338 469 68
339 340 31
339 405 61
339 454 64
339 469 77
339 494 9
340 341 4
340 384 20
340 421 87
340 466 10
340 477 47
341 342 88
341 373 46
341 480 73
341 491 77
342 343 41
342 452 58
342 494 63
343 344 31
343 364 19
343 405 75
343 410 44
343 431 14
343 484 22
343 487 22
344 345 59
344 360 98
344 366 14
344 425 99
344 440 78
344 451 14
345 346 71
345 358 31
345 391 58
345 399 48
345 444 91
346 347 90
346 370 57
346 438 29
346 454 92
346 468 88
347 348 96
347 370 96
347 374 83
347 379 34
347 384 68
347 394 55
347 411 21
347 417 32
347 494 68
348 349 68
348 390 82
348 441 22
349 350 63
349 371 17
349 381 12
349 410 1
349 444 14
349 475 95
350 351 89
350 367 96
350 379 90
350 429 2
351 352 3
351 354 12
351 357 82
351 368 63
351 391 94
351 418 57
351 466 76
351 473 61
352 353 97
352 365 51
352 379 5
352 391 36
352 402 77
352 406 11
352 460 69
352 490 45
353 354 63
353 388 20
353 392 40
353 398 54
353 409 49
353 428 25
353 471 26
354 355 5
354 361 17
354 380 69
354 388 48
354 410 81
354 421 73
354 445 5
354 486 84
355 356 87
355 425 23
355 478 12
355 485 9
356 357 92
356 379 27
356 424 47
357 358 46
357 394 50
357 403 14
357 440 81
357 477 95
357 480 98
358 359 13
358 377 8
358 379 31
358 387 90
358 389 33
358 463 55
358 477 7
358 498 70
359 360 34
359 393 100
359 399 88
359 420 71
359 439 89
359 463 45
359 469 41
359 477 78
360 361 9
360 385 77
360 391 67
360 435 73
360 475 43
361 362 25
361 373 27
361 392 13
361 396 27
361 440 47
362 363 88
362 384 75
362 425 56
362 483 67
363 364 28
363 453 76
364 365 90
364 374 55
364 429 95
364 437 69
364 472 57
364 488 70
365 366 96
365 387 29
365 414 68
366 367 5
366 393 63
366 403 47
366 423 16
366 448 8
366 470 26
367 368 10
367 375 85
367 391 35
367 472 76
368 369 16
368 405 36
368 408 47
368 445 64
368 477 48
369 370 8
369 380 65
369 413 74
369 437 81
369 438 73
369 454 90
370 371 39
370 407 28
370 455 17
370 459 57
371 372 96
371 416 10
371 446 18
371 450 76
371 483 95
372 373 13
372 426 34
372 465 59
373 374 87
373 405 57
373 449 48
373 488 28
374 375 53
374 396 34
374 447 67
374 449 12
374 475 39
375 376 42
375 440 84
375 485 38
376 377 90
376 444 85
376 465 25
377 378 17
377 409 44
377 413 39
377 450 93
377 479 40
378 379 76
378 400 55
378 439 88
378 469 6
378 498 91
379 380 54
379 383 61
379 398 14
379 408 41
379 428 22
379 439 6
379 468 21
379 492 8
379 493 12
379 498 32
380 381 49
380 415 54
380 469 89
380 489 91
381 382 29
381 408 41
381 423 91
381 437 43
381 442 21
382 383 84
382 384 11
382 388 1
382 468 49
382 491 52
383 384 25
383 440 62
383 441 55
383 463 6
383 484 40
384 385 96
384 450 58
385 386 48
385 389 39
385 471 27
385 499 51
386 387 62
386 392 85
386 395 27
386 413 91
386 436 61
387 388 52
387 405 75
387 422 34
387 461 38
388 389 30
388 403 86
388 409 36
388 451 77
388 471 55
388 491 13
389 390 73
389 394 70
389 400 90
389 405 1
389 423 37
389 424 53
389 478 9
389 486 22
390 391 91
390 433 100
390 440 73
390 469 12
390 497 71
391 392 79
391 436 90
391 491 20
392 393 1
392 420 22
392 449 14
392 461 86
393 394 63
393 405 31
393 449 50
393 458 77
394 395 51
394 419 55
394 426 51
394 447 68
394 462 63
394 474 47
394 477 61
394 479 86
394 481 87
395 396 57
395 401 8
395 409 89
395 446 53
395 449 22
395 456 90
395 481 21
395 483 59
396 397 17
396 484 5
396 495 31
397 398 43
397 411 65
397 418 31
397 462 29
397 472 10
398 399 28
398 418 9
398 441 77
398 461 35
398 474 26
398 488 89
399 400 2
399 416 48
399 456 9
400 401 73
400 454 19
400 472 26
400 478 43
400 499 83
401 402 18
402 403 44
402 415 64
402 432 49
402 474 31
403 404 35
403 419 34
403 428 37
403 457 68
403 476 72
403 492 27
403 495 78
404 405 91
404 425 95
404 446 54
404 448 18
404 460 81
404 464 90
404 470 60
405 406 100
405 438 10
405 439 66
405 446 94
405 457 31
405 462 16
405 463 49
405 479 92
406 407 85
406 428 26
406 487 27
406 488 22
406 489 39
406 497 24
407 408 14
407 412 98
407 414 36
407 448 84
407 449 79
407 458 46
407 459 52
407 461 75
408 409 79
408 427 90
408 448 20
408 460 79
408 489 99
409 410 20
409 414 98
409 474 16
409 482 56
410 411 23
410 462 84
411 412 44
411 433 78
411 467 5
411 473 40
411 489 45
411 490 72
411 499 23
412 413 3
412 446 67
412 451 11
412 463 45
412 495 39
413 414 40
413 423 94
413 451 59
414 415 94
414 435 25
414 443 70
414 445 16
414 447 5
414 468 78
414 474 16
415 416 29
415 431 76
415 448 30
416 417 70
417 418 47
417 430 73
417 477 88
417 482 40
417 487 38
418 419 42
418 481 95
418 492 12
419 420 5
419 421 39
419 431 30
419 441 69
419 445 11
419 466 74
420 421 38
420 423 21
420 455 82
420 461 71
420 482 36
421 422 41
421 484 63
422 423 22
422 462 46
422 483 32
422 484 93
422 498 70
423 424 90
423 444 30
424 425 98
424 490 21
425 426 19
425 443 22
425 459 38
425 476 57
426 427 36
426 439 95
426 455 93
426 468 64
426 486 95
427 428 28
427 437 7
427 452 83
427 454 32
427 468 48
427 477 74
427 494 66
428 429 31
428 467 63
428 468 48
429 430 68
429 439 44
429 473 30
430 431 43
430 432 35
430 433 24
430 451 39
431 432 75
431 488 42
432 433 79
432 434 46
432 489 95
432 494 92
432 495 40
432 498 42
433 434 41
433 483 65
433 499 46
434 435 5
435 436 79
435 447 45
435 451 60
435 472 96
436 437 37
436 443 83
436 480 73
436 490 27
437 438 23
437 452 79
437 469 8
437 472 73
437 475 13
438 439 37
438 443 2
438 462 65
439 440 54
439 481 49
440 441 45
440 446 61
440 471 73
440 487 39
440 496 75
441 442 79
441 449 100
442 443 47
443 444 57
443 494 81
444 445 29
445 446 82
445 463 98
446 447 81
447 448 26
448 449 62
448 475 54
448 498 79
449 450 99
449 476 50
450 451 32
451 452 69
451 483 74
451 488 93
451 497 76
452 453 50
452 462 3
452 487 24
452 495 53
452 496 17
453 454 54
453 478 76
454 455 38
454 456 41
454 459 9
454 489 42
454 498 37
455 456 9
455 481 35
456 457 6
456 462 36
457 458 58
457 463 96
458 459 69
459 460 60
459 490 76
460 461 44
461 462 83
461 481 19
461 497 93
462 463 32
462 469 53
462 475 8
463 464 69
464 465 84
464 493 92
465 466 68
465 485 20
465 489 18
465 499 19
466 467 23
466 482 20
466 492 2
467 468 70
467 499 60
468 469 73
469 470 2
469 471 86
469 485 43
470 471 11
471 472 100
472 473 6
473 474 57
474 475 74
474 480 11
475 476 26
475 483 93
476 477 70
476 482 28
477 478 16
477 495 89
478 479 69
478 483 51
478 488 39
479 480 94
479 483 30
480 481 47
480 486 17
481 482 14
482 483 89
483 484 37
484 485 40
485 486 40
485 492 30
486 487 81
486 495 60
487 488 75
488 489 48
489 490 26
490 491 78
491 492 100
491 493 80
492 493 45
493 494 70
494 495 33
494 497 29
495 496 73
496 497 37
497 498 96
498 499 81
499 500 5
