100 196 33 1355
1 4 7 9 14 19 25 26 28 30 33 36 37 38 41 49 51 53 55 58 65 69 70 73 75 81 82 84 85 88 94 95 97 
1 2 38
1 60 56
1 69 84
1 100 17
2 3 71
2 94 5
3 4 66
3 36 68
3 94 46
3 99 50
4 5 73
5 6 51
5 44 3
5 96 86
6 7 66
6 68 37
7 8 28
7 15 24
7 36 81
8 9 90
8 29 86
8 59 73
9 10 82
10 11 48
10 43 40
10 51 12
10 55 33
10 57 53
11 12 97
11 19 49
11 36 59
12 13 75
12 14 50
13 14 44
14 15 90
14 44 15
14 48 58
14 77 2
15 16 44
15 23 53
15 59 84
15 60 93
15 69 11
15 96 42
16 17 70
16 48 94
16 69 19
16 79 72
16 97 38
17 18 65
17 41 10
18 19 24
19 20 40
19 87 14
20 21 79
21 22 37
22 23 70
22 92 48
22 97 14
23 24 8
23 86 33
24 25 54
24 88 5
25 26 100
25 68 84
26 27 50
26 36 83
26 93 82
27 28 43
27 29 99
27 36 32
27 60 27
27 67 47
27 81 6
28 29 23
28 76 78
29 30 83
30 31 5
31 32 35
32 33 16
32 45 62
32 60 19
33 34 20
33 43 62
34 35 79
34 51 48
34 87 93
35 36 74
35 68 32
35 75 19
36 37 87
36 54 5
36 82 63
37 38 69
38 39 21
38 63 40
39 40 51
40 41 15
40 57 60
40 66 8
41 42 24
41 61 19
41 98 68
42 43 80
42 45 80
43 44 75
44 45 38
44 75 67
45 46 81
46 47 87
46 87 37
46 97 3
47 48 34
47 73 70
47 75 7
48 49 39
48 81 2
48 99 8
49 50 9
49 79 7
49 80 52
50 51 39
51 52 9
51 90 1
52 53 67
52 57 23
52 66 77
52 79 59
52 96 10
52 97 56
53 54 65
54 55 30
54 99 67
55 56 5
56 57 35
56 69 94
57 58 77
58 59 63
59 60 29
59 78 45
59 90 51
60 61 43
61 62 48
61 72 51
62 63 59
62 94 6
63 64 69
63 72 36
64 65 11
64 81 72
65 66 2
66 67 95
66 69 65
67 68 22
68 69 1
69 70 85
69 72 11
70 71 95
71 72 10
72 73 45
73 74 96
74 75 63
74 76 20
74 78 42
74 79 84
74 88 3
75 76 99
76 77 95
77 78 22
77 83 46
78 79 65
78 97 3
79 80 52
80 81 81
81 82 89
82 83 37
83 84 75
83 87 16
84 85 70
84 91 6
85 86 59
86 87 84
87 88 81
88 89 4
89 90 99
90 91 93
91 92 75
92 93 29
93 94 6
93 99 24
94 95 73
95 96 91
96 97 15
97 98 53
98 99 85
99 100 71
