200 792 20 4445
42 66 70 76 83 96 104 114 117 119 127 130 133 139 146 154 167 179 194 199 
1 2 37
1 20 60
1 23 46
1 31 40
1 200 44
2 3 33
2 20 34
2 39 62
2 79 54
2 83 38
2 101 65
2 113 40
2 140 84
2 157 71
2 170 36
2 181 59
2 187 58
3 4 21
3 77 33
3 101 25
3 110 23
3 118 29
3 119 69
3 141 22
3 188 56
4 5 28
4 61 40
4 78 2
4 102 82
4 116 34
4 141 98
4 180 53
4 194 56
5 6 63
5 71 28
5 145 88
5 171 79
5 199 90
6 7 29
6 30 69
6 58 44
6 105 66
6 109 79
6 120 18
6 154 48
6 195 29
7 8 29
7 81 47
7 90 65
7 126 77
7 163 71
7 190 48
8 9 79
8 78 80
8 115 12
8 142 24
8 194 80
8 199 78
9 10 32
9 23 78
9 92 12
9 137 79
9 167 3
9 190 64
10 11 79
10 22 8
10 29 18
10 50 51
10 100 15
10 119 95
10 124 95
10 133 30
10 177 74
11 12 42
11 37 5
11 60 84
11 63 67
11 74 97
11 80 33
11 114 24
11 129 99
12 13 14
12 49 10
12 146 89
12 185 4
12 196 80
13 14 85
13 80 9
13 93 83
13 104 2
13 108 12
13 146 52
13 165 63
14 15 94
14 41 85
14 48 92
14 50 16
14 109 45
14 133 84
14 143 26
14 147 14
15 16 23
15 125 29
15 141 17
15 146 71
15 178 50
16 17 4
16 118 57
16 122 60
16 138 89
16 141 24
16 157 99
16 174 95
17 18 38
17 44 85
17 76 19
17 122 22
17 197 65
18 19 61
18 128 70
18 133 45
18 167 92
18 180 88
19 20 20
19 24 96
19 114 100
19 166 88
20 21 93
20 28 65
20 39 82
20 83 60
20 94 77
20 106 56
20 109 62
20 129 7
20 159 60
20 162 61
21 22 89
21 24 79
21 42 14
21 61 40
21 169 18
22 23 69
22 30 55
22 97 98
22 179 67
23 24 78
23 32 9
23 128 46
23 135 77
23 152 77
23 191 39
24 25 55
24 30 100
24 99 72
24 138 49
24 141 78
24 146 8
24 187 90
25 26 12
25 48 26
25 86 95
25 148 10
26 27 66
26 76 20
26 98 75
26 124 50
26 160 91
26 169 85
26 170 80
26 186 15
27 28 48
27 93 76
27 155 22
27 167 70
28 29 82
28 71 85
28 90 24
28 108 44
28 112 73
28 189 73
28 190 42
29 30 28
29 40 38
29 92 77
29 94 19
29 141 59
29 179 24
30 31 48
30 38 29
30 117 12
31 32 6
31 67 89
31 81 29
31 167 4
31 176 70
31 186 62
32 33 77
32 71 47
32 88 14
32 126 30
32 127 70
32 174 16
33 34 94
33 83 71
33 91 30
33 132 35
33 134 90
33 179 34
33 198 59
34 35 86
34 116 82
34 133 77
34 144 96
34 159 17
34 163 97
34 164 58
35 36 48
35 57 43
35 96 2
35 131 45
35 138 21
36 37 62
36 72 53
36 79 47
36 115 94
36 129 7
37 38 51
37 64 21
37 65 83
37 92 73
37 104 65
37 174 95
38 39 99
38 73 51
38 131 54
38 135 54
38 136 72
38 138 9
38 139 51
38 164 77
39 40 28
39 55 15
39 74 96
39 118 93
39 121 11
39 141 23
39 171 65
39 188 96
40 41 44
40 52 96
40 78 61
40 86 85
40 135 56
40 157 39
41 42 66
41 60 68
41 114 4
41 155 26
42 43 66
42 58 33
42 64 62
42 107 18
42 111 16
42 189 29
43 44 32
43 90 3
43 92 41
43 128 13
43 175 30
43 186 33
44 45 80
44 53 86
44 96 20
44 124 33
44 131 43
45 46 79
45 81 27
45 126 31
45 132 34
45 163 47
46 47 58
47 48 25
47 90 67
47 137 80
47 138 77
48 49 9
48 60 69
48 104 49
48 158 29
49 50 74
49 119 10
49 138 74
49 171 54
50 51 79
50 75 41
50 76 60
50 84 67
50 95 56
50 101 77
50 102 16
50 167 80
50 186 11
51 52 38
51 61 75
51 186 72
51 189 12
51 196 97
52 53 71
52 57 60
52 187 56
53 54 95
53 89 93
53 124 12
53 127 28
53 136 38
53 138 46
54 55 99
54 95 71
54 130 27
54 152 95
54 160 68
55 56 29
55 85 49
55 156 36
55 161 43
56 57 67
56 59 81
56 133 50
56 159 42
56 161 91
56 183 69
56 189 100
57 58 19
58 59 46
58 99 28
58 108 81
58 152 58
58 189 56
59 60 58
59 84 30
59 91 19
59 114 99
59 116 10
59 128 45
59 132 86
59 149 91
59 150 92
59 153 87
60 61 80
60 82 3
60 125 24
61 62 43
61 97 87
61 158 96
61 165 99
61 186 57
62 63 21
62 110 43
62 181 36
62 198 82
63 64 69
63 141 13
63 143 84
63 150 87
64 65 33
64 119 38
64 150 56
64 170 39
65 66 32
65 76 93
65 159 68
66 67 70
66 114 92
66 116 86
66 131 95
66 145 2
67 68 55
67 112 53
67 127 51
67 134 20
67 143 100
67 163 90
67 175 16
67 189 28
67 190 94
67 199 26
68 69 66
68 84 97
68 88 86
68 106 61
68 123 52
68 138 20
68 146 24
69 70 17
69 100 56
69 126 71
70 71 19
70 86 33
70 88 46
70 105 82
70 117 87
70 149 30
70 181 5
70 195 50
70 198 35
71 72 36
71 73 40
71 78 29
71 103 53
71 109 69
71 180 73
72 73 73
72 103 3
72 158 61
73 74 34
73 81 30
73 88 14
73 109 13
73 142 84
73 152 24
74 75 5
74 130 52
74 133 14
74 188 58
74 191 38
75 76 75
75 85 82
75 197 82
76 77 33
76 84 2
76 91 1
76 122 3
76 198 93
77 78 36
77 85 96
77 105 58
77 107 79
77 120 67
77 154 84
77 194 75
78 79 65
78 87 49
78 92 32
78 140 82
78 149 55
78 154 34
79 80 87
79 92 88
79 133 16
79 172 12
80 81 89
80 88 44
80 96 45
80 122 19
80 127 25
80 157 54
81 82 74
81 86 88
81 138 94
81 162 7
81 170 82
81 187 43
82 83 27
82 139 55
82 182 98
82 183 66
83 84 48
83 160 7
83 163 10
84 85 17
84 88 3
84 89 43
84 147 50
84 150 72
84 152 14
84 159 13
84 167 29
85 86 51
85 169 63
86 87 26
86 88 94
86 108 96
86 111 42
86 141 1
86 150 68
86 185 32
86 191 61
87 88 28
87 90 58
87 178 6
88 89 53
88 104 87
88 128 73
88 196 6
89 90 41
90 91 16
90 100 84
90 159 31
90 173 74
90 187 82
91 92 39
91 132 43
91 166 14
91 190 59
92 93 46
92 101 8
92 122 42
93 94 13
93 142 67
93 180 84
93 194 75
94 95 96
94 104 87
94 105 26
94 111 47
94 118 39
94 146 24
94 159 19
94 171 7
95 96 9
95 103 23
95 108 29
95 137 1
96 97 46
96 153 84
96 156 22
96 174 55
97 98 84
97 130 34
97 136 34
97 155 50
97 159 19
97 164 78
98 99 18
99 100 56
99 112 43
99 130 39
99 131 58
99 136 3
99 154 10
100 101 20
100 146 4
100 170 67
101 102 43
101 103 84
101 125 98
101 195 16
102 103 76
102 127 88
102 130 4
102 156 54
102 189 32
103 104 17
103 150 16
103 196 68
104 105 16
104 153 68
104 181 54
104 185 11
104 193 97
104 197 62
105 106 22
105 112 84
105 191 75
106 107 68
106 124 50
106 128 15
106 147 31
106 190 89
107 108 85
107 112 25
108 109 63
108 144 41
108 145 93
108 175 31
109 110 94
109 165 56
109 173 57
110 111 3
111 112 78
111 155 36
112 113 5
112 130 45
113 114 17
113 124 36
113 133 42
113 147 16
113 151 4
114 115 66
114 121 2
114 123 9
114 125 49
115 116 51
115 167 3
115 189 60
116 117 36
116 142 62
116 146 80
116 153 45
117 118 10
117 183 77
117 191 6
118 119 32
118 129 38
118 175 26
119 120 12
119 140 50
119 143 2
119 150 23
119 198 83
120 121 21
120 122 97
120 150 28
120 162 28
120 187 32
121 122 39
121 149 21
121 150 95
121 171 25
122 123 50
122 152 65
122 180 88
122 188 90
123 124 15
123 134 74
123 167 95
123 188 9
124 125 67
124 151 47
125 126 84
125 134 4
126 127 7
126 157 97
126 199 58
127 128 17
127 160 59
127 164 92
127 197 7
128 129 59
128 142 35
128 153 32
128 169 57
128 183 83
129 130 17
129 134 92
129 189 60
130 131 95
130 150 77
130 182 87
131 132 38
131 196 30
132 133 60
132 134 57
133 134 19
133 147 15
133 181 50
134 135 74
134 138 80
134 171 43
134 178 22
135 136 19
135 140 75
135 141 91
135 154 69
135 169 38
135 175 97
136 137 64
137 138 70
137 197 63
138 139 51
138 148 57
138 187 88
139 140 29
139 148 17
139 152 34
139 156 82
139 176 22
140 141 22
140 151 90
140 152 12
141 142 78
141 178 5
141 188 26
141 194 84
141 196 45
142 143 52
142 170 47
143 144 60
143 161 14
144 145 29
145 146 84
146 147 95
146 149 55
146 169 16
146 188 26
147 148 81
147 178 64
148 149 66
149 150 55
149 186 59
149 190 39
150 151 10
151 152 48
151 165 39
151 191 40
151 199 91
152 153 99
152 163 41
152 175 43
152 195 91
153 154 11
153 196 52
154 155 11
154 188 27
155 156 77
156 157 66
156 173 100
157 158 88
157 183 77
157 184 86
158 159 4
158 191 61
158 198 31
159 160 53
159 167 9
160 161 18
161 162 30
161 182 68
161 196 27
161 198 78
162 163 69
162 178 94
163 164 86
163 170 90
164 165 99
164 180 11
165 166 44
165 169 94
165 178 16
165 185 45
166 167 39
167 168 39
167 172 30
167 176 69
167 178 11
167 186 74
167 192 95
168 169 96
168 182 82
169 170 84
169 196 21
170 171 88
170 181 83
171 172 40
172 173 81
173 174 71
173 197 92
173 199 46
174 175 46
174 192 73
175 176 70
176 177 44
177 178 60
178 179 64
178 185 98
179 180 1
180 181 99
180 190 50
180 199 76
181 182 83
182 183 72
183 184 28
184 185 22
184 187 53
185 186 35
186 187 99
186 197 92
187 188 39
188 189 41
189 190 4
190 191 49
191 192 56
192 193 75
192 194 17
193 194 14
194 195 75
195 196 85
196 197 93
197 198 46
198 199 67
199 200 68
