400 3153 5 8162
20 229 267 374 379 
1 2 95
1 55 17
1 78 65
1 130 65
1 144 27
1 254 53
1 318 73
1 400 45
2 3 29
2 78 78
2 87 81
2 121 56
2 154 22
2 172 59
2 197 78
2 206 37
2 224 90
2 231 61
2 239 28
2 240 31
2 241 68
2 253 99
2 279 72
2 312 12
2 335 100
3 4 59
3 115 54
3 127 90
3 150 98
3 190 14
3 197 31
3 206 77
3 208 20
3 242 93
3 267 48
3 316 63
3 324 53
3 355 15
4 5 91
4 16 79
4 43 94
4 69 72
4 72 69
4 142 52
4 157 54
4 188 21
4 226 26
4 246 72
4 262 15
4 267 37
4 284 35
4 295 57
4 300 42
4 330 70
4 340 36
4 345 36
4 378 91
4 394 26
5 6 89
5 22 31
5 67 18
5 106 87
5 113 88
5 123 50
5 127 88
5 189 71
5 197 88
5 248 16
5 334 35
5 347 56
5 368 41
6 7 50
6 23 43
6 41 100
6 44 19
6 52 95
6 70 45
6 195 96
6 201 25
6 223 85
6 224 45
6 232 60
6 300 61
6 331 13
6 338 64
6 360 88
7 8 40
7 22 39
7 112 64
7 126 83
7 183 58
7 197 88
7 214 96
7 253 4
7 301 32
7 303 13
7 327 13
7 333 16
7 364 7
7 394 50
8 9 88
8 39 1
8 46 86
8 68 33
8 120 24
8 206 27
8 220 16
8 256 3
8 270 83
8 392 23
9 10 94
9 29 100
9 31 51
9 73 37
9 91 74
9 106 51
9 108 78
9 143 15
9 167 72
9 178 40
9 187 73
9 195 97
9 206 51
9 217 73
9 294 96
9 300 36
9 313 88
9 326 53
9 398 52
10 11 60
10 39 20
10 66 90
10 158 94
10 171 19
10 192 80
10 254 8
10 319 45
10 365 16
10 375 78
10 376 28
10 381 5
10 395 81
11 12 21
11 51 61
11 76 53
11 78 22
11 87 97
11 165 67
11 211 98
11 219 42
11 237 61
11 238 29
11 244 60
11 268 17
11 272 64
11 278 81
11 310 56
11 363 74
11 387 53
11 390 54
12 13 89
12 48 100
12 88 30
12 114 98
12 126 6
12 165 55
12 169 27
12 179 84
12 181 76
12 185 69
12 223 30
12 259 32
12 275 41
12 309 48
12 358 83
12 389 10
13 14 47
13 54 67
13 74 13
13 103 82
13 104 51
13 197 65
13 246 46
13 268 69
13 308 68
13 316 79
13 326 41
13 348 53
13 350 41
13 356 44
13 378 51
13 379 23
14 15 63
14 76 24
14 86 97
14 91 92
14 108 3
14 160 15
14 168 15
14 236 24
14 243 6
14 263 1
14 340 6
14 357 14
14 388 26
14 389 81
15 16 45
15 92 56
15 141 41
15 150 4
15 155 96
15 222 48
15 278 7
15 355 14
16 17 46
16 23 36
16 31 41
16 42 68
16 88 45
16 123 92
16 124 82
16 134 11
16 141 28
16 151 61
16 156 80
16 166 61
16 175 60
16 208 83
16 250 17
16 342 24
16 393 38
17 18 24
17 28 58
17 46 65
17 66 66
17 70 34
17 77 9
17 101 94
17 106 73
17 110 7
17 135 75
17 204 58
17 311 51
17 330 85
17 382 26
18 19 77
18 40 82
18 104 73
18 109 47
18 116 54
18 134 1
18 205 80
18 249 36
18 273 82
18 291 51
18 298 48
18 344 57
19 20 60
19 44 85
19 51 9
19 100 51
19 125 74
19 141 82
19 157 6
19 163 81
19 164 38
19 167 57
19 208 49
19 212 34
19 240 44
19 282 25
19 293 71
19 323 17
19 331 68
19 361 88
19 363 15
19 387 40
20 21 45
20 30 1
20 108 98
20 121 26
20 137 14
20 156 96
20 230 6
20 273 62
20 277 98
20 279 1
20 344 1
20 357 80
21 22 50
21 30 6
21 176 29
21 197 64
21 200 43
21 228 24
21 244 37
21 310 1
21 314 99
21 326 18
21 393 81
22 23 93
22 106 5
22 136 39
22 141 55
22 177 65
22 191 58
22 194 66
22 212 92
22 222 35
22 228 14
22 254 15
22 268 45
22 292 71
22 296 75
22 297 64
22 315 30
22 328 55
22 360 7
22 377 13
23 24 22
23 77 24
23 112 4
23 135 68
23 163 29
23 167 52
23 176 46
23 194 2
23 195 42
23 202 49
23 227 74
23 267 36
23 282 16
23 307 25
23 362 80
23 374 5
23 377 66
23 389 82
24 25 84
24 26 46
24 109 24
24 148 38
24 161 97
24 183 81
24 187 20
24 192 78
24 220 70
24 282 2
24 331 55
24 345 69
24 350 7
25 26 16
25 35 9
25 155 82
25 159 23
25 163 94
25 177 47
25 209 18
25 266 9
25 284 53
25 313 7
25 321 55
25 333 87
25 340 52
25 344 36
25 379 1
26 27 85
26 33 74
26 37 57
26 70 17
26 99 37
26 152 70
26 167 33
26 172 66
26 209 34
26 226 54
26 230 62
26 293 90
26 318 33
26 328 20
26 339 81
26 342 20
26 349 82
26 389 55
27 28 68
27 73 72
27 127 24
27 211 3
27 220 47
27 269 55
27 275 24
27 282 21
27 327 77
27 332 51
27 372 64
27 385 83
27 386 62
27 394 11
28 29 93
28 62 43
28 95 39
28 140 45
28 167 11
28 178 90
28 204 89
28 272 36
28 293 26
28 367 62
28 375 2
29 30 37
29 138 5
29 153 71
29 220 46
29 238 97
30 31 26
30 112 82
30 201 40
30 232 6
30 233 7
30 255 83
30 290 92
30 302 87
30 315 88
30 330 63
30 338 57
30 342 25
30 354 20
31 32 29
31 55 27
31 56 6
31 214 96
31 254 31
31 278 47
31 303 77
31 316 41
31 349 62
31 355 17
31 371 56
31 375 60
32 33 38
32 49 74
32 53 25
32 77 54
32 85 90
32 145 20
32 148 22
32 157 18
32 193 71
32 230 65
32 231 77
32 245 72
32 352 94
32 361 81
32 383 79
33 34 10
33 94 98
33 107 43
33 132 19
33 203 95
33 253 79
33 263 51
33 265 7
33 271 90
33 334 87
34 35 32
34 83 6
34 85 57
34 132 98
34 187 14
34 236 88
34 261 79
34 263 23
34 272 100
34 297 93
34 349 64
34 362 53
34 365 11
34 389 35
35 36 67
35 40 53
35 44 70
35 65 56
35 69 48
35 75 41
35 97 65
35 113 3
35 118 60
35 147 28
35 150 6
35 158 44
35 171 84
35 193 89
35 235 62
35 379 23
35 381 46
35 397 46
36 37 66
36 48 44
36 57 3
36 74 6
36 104 2
36 188 1
36 234 31
36 246 11
36 257 70
36 362 4
37 38 52
37 51 2
37 73 70
37 120 6
37 176 89
37 211 77
37 235 29
37 266 12
37 338 74
37 344 87
37 393 56
38 39 19
38 53 70
38 55 96
38 82 28
38 97 22
38 136 42
38 191 36
38 197 42
38 208 99
38 251 41
38 272 86
38 273 98
38 308 63
38 339 5
38 385 75
39 40 39
39 61 8
39 83 62
39 105 32
39 119 54
39 122 30
39 131 54
39 154 45
39 161 53
39 170 1
39 189 44
39 239 55
39 243 23
39 265 86
39 274 20
39 287 58
39 318 15
39 375 97
39 388 73
40 41 47
40 50 49
40 141 30
40 155 9
40 157 13
40 168 41
40 197 35
40 292 61
40 312 13
40 326 19
40 363 89
40 365 72
41 42 86
41 92 1
41 112 65
41 132 75
41 173 79
41 237 2
41 267 5
41 269 50
41 272 100
41 302 62
41 331 39
41 342 92
41 353 100
42 43 72
42 64 75
42 69 12
42 83 21
42 130 82
42 153 88
42 155 4
42 181 52
42 239 30
42 279 89
42 284 74
42 293 39
42 302 82
42 306 66
42 312 38
42 353 29
42 365 42
42 372 12
42 387 38
43 44 73
43 124 56
43 144 12
43 157 12
43 201 38
43 210 27
43 222 39
43 223 31
43 260 23
43 288 27
43 333 87
43 356 21
44 45 65
44 91 90
44 103 26
44 116 7
44 124 27
44 130 41
44 157 36
44 192 4
44 213 69
44 244 50
44 338 15
44 343 33
44 346 73
44 391 17
45 46 2
45 48 90
45 80 6
45 123 6
45 128 61
45 143 96
45 161 20
45 191 72
45 201 94
45 220 35
45 251 77
45 252 79
45 280 77
45 359 25
45 361 2
46 47 8
46 153 68
46 165 86
46 185 73
46 230 95
46 260 50
46 278 89
46 313 34
46 315 95
46 323 32
46 353 84
46 375 41
47 48 96
47 112 26
47 126 21
47 158 54
47 170 86
47 188 9
47 200 21
47 263 48
47 286 15
47 288 13
47 301 20
47 334 52
47 354 22
48 49 43
48 172 14
48 253 23
48 254 91
48 261 19
48 266 66
48 289 50
48 344 74
48 366 63
48 378 65
49 50 39
49 60 76
49 64 25
49 80 66
49 86 94
49 115 39
49 190 41
49 214 4
49 231 98
49 233 4
49 273 25
49 284 54
49 296 19
49 335 25
49 336 84
49 358 40
49 393 62
49 394 74
49 397 51
50 51 61
50 135 9
50 154 100
50 228 63
50 245 22
50 260 91
50 288 33
50 289 87
50 375 75
50 394 41
51 52 90
51 55 46
51 121 41
51 150 28
51 227 37
51 253 27
51 297 23
51 305 38
51 351 58
51 398 59
52 53 8
52 55 86
52 108 4
52 115 48
52 190 100
52 329 90
52 360 3
52 361 15
52 366 63
52 369 48
52 383 44
52 398 22
53 54 58
53 56 47
53 91 62
53 97 48
53 214 76
53 220 64
53 222 21
53 241 78
53 298 85
53 347 94
53 367 40
53 381 68
54 55 91
54 66 46
54 67 38
54 94 77
54 152 88
54 174 3
54 177 42
54 185 90
54 245 9
54 263 2
54 285 91
54 310 54
54 317 61
54 353 37
54 397 91
55 56 58
55 105 69
55 125 57
55 177 100
55 180 65
55 181 24
55 207 16
55 386 96
55 398 65
55 399 47
56 57 13
56 144 5
56 145 8
56 169 19
56 177 61
56 189 30
56 215 43
56 239 100
56 249 63
56 303 76
56 309 53
56 338 79
56 341 95
56 374 2
57 58 79
57 78 64
57 82 50
57 127 72
57 173 11
57 196 42
57 221 31
57 251 11
57 281 56
57 282 59
57 302 32
57 333 66
57 370 20
57 381 47
58 59 59
58 111 63
58 137 33
58 183 53
58 216 47
58 217 36
58 286 60
58 324 34
58 385 84
59 60 28
59 93 97
59 105 49
59 125 78
59 198 1
59 236 48
59 253 14
59 265 3
59 267 3
59 277 8
59 299 25
59 319 47
59 364 69
60 61 46
60 63 89
60 73 59
60 141 87
60 210 83
60 223 60
60 224 80
60 259 18
60 296 8
60 303 70
60 345 36
60 349 85
61 62 24
61 68 44
61 75 52
61 134 57
61 174 33
61 175 61
61 193 59
61 198 41
61 208 22
61 209 91
61 264 49
61 276 25
61 310 3
61 352 70
61 359 96
62 63 63
62 68 22
62 81 44
62 83 96
62 109 56
62 119 63
62 128 64
62 134 89
62 159 96
62 179 94
62 264 22
62 268 39
62 292 6
62 309 49
62 322 29
62 353 31
63 64 81
63 76 70
63 141 46
63 160 86
63 173 10
63 224 6
63 228 38
63 230 38
63 257 48
63 322 63
63 337 84
63 350 21
63 363 36
63 376 82
63 379 34
64 65 14
64 74 65
64 91 30
64 104 49
64 109 15
64 127 40
64 131 16
64 155 12
64 352 41
65 66 52
65 67 81
65 94 100
65 117 22
65 144 14
65 147 12
65 180 35
65 187 99
65 228 88
65 237 42
65 242 81
65 267 60
65 274 42
65 314 44
65 349 75
65 366 66
66 67 64
66 87 88
66 134 66
66 138 53
66 143 46
66 156 76
66 159 50
66 201 19
66 212 68
66 218 3
66 262 52
66 267 10
66 269 54
66 354 5
67 68 75
67 82 74
67 87 58
67 96 23
67 196 79
67 235 17
67 248 32
67 251 49
67 312 5
67 327 20
67 347 75
68 69 71
68 77 67
68 91 89
68 115 95
68 139 54
68 162 7
68 172 63
68 209 47
68 355 72
68 357 76
68 384 98
68 399 17
69 70 51
69 95 44
69 96 86
69 118 69
69 130 82
69 171 65
69 209 80
69 232 14
69 274 48
69 283 45
69 289 44
69 307 38
69 333 56
69 352 43
70 71 75
70 94 26
70 140 29
70 213 10
70 242 54
70 325 83
70 341 66
70 359 65
71 72 57
71 203 72
71 208 1
71 246 68
71 305 40
71 338 15
71 344 85
71 356 56
72 73 68
72 83 12
72 91 81
72 126 60
72 132 85
72 144 9
72 190 78
72 214 71
72 239 39
72 318 32
72 359 69
72 383 60
73 74 49
73 85 91
73 90 42
73 95 61
73 103 32
73 125 50
73 149 80
73 154 2
73 222 9
73 233 16
73 234 81
73 245 89
73 314 25
73 318 76
73 390 36
74 75 88
74 110 53
74 122 47
74 136 7
74 140 72
74 141 73
74 144 14
74 196 46
74 199 94
74 222 43
74 232 18
74 262 79
74 282 63
74 331 52
74 377 4
74 379 82
74 394 6
74 398 44
75 76 81
75 87 50
75 113 80
75 127 24
75 135 44
75 150 98
75 163 76
75 169 7
75 207 20
75 281 41
75 298 85
75 325 33
75 333 68
75 334 37
75 362 78
75 366 86
75 369 76
75 395 64
75 399 58
76 77 5
76 152 32
76 162 50
76 183 74
76 190 83
76 193 8
76 194 97
76 293 19
76 308 43
76 315 28
76 323 70
76 376 69
76 394 12
77 78 90
77 114 71
77 170 76
77 216 59
77 239 91
77 252 4
77 257 58
77 265 13
77 313 56
77 317 100
77 324 69
77 335 5
77 362 44
77 364 11
77 375 15
78 79 86
78 119 58
78 134 100
78 216 58
78 227 76
78 237 88
78 269 53
78 287 28
78 360 12
78 374 26
79 80 86
79 89 44
79 124 79
79 129 89
79 223 23
79 274 100
79 290 58
79 305 40
79 308 73
79 370 89
79 382 6
79 396 16
80 81 69
80 89 80
80 121 96
80 149 88
80 160 48
80 223 24
80 258 94
80 259 81
80 284 77
80 337 67
80 375 36
80 378 79
80 385 35
80 392 32
80 394 22
81 82 51
81 87 62
81 89 55
81 120 78
81 171 44
81 317 30
81 322 59
81 360 9
82 83 21
82 105 51
82 106 85
82 108 65
82 160 65
82 216 1
82 219 62
82 251 21
82 277 70
82 289 63
82 296 81
83 84 5
83 116 33
83 135 13
83 140 62
83 169 69
83 207 64
83 209 22
83 323 72
83 330 22
83 333 28
83 349 39
83 398 98
84 85 30
84 87 79
84 91 91
84 115 78
84 131 97
84 170 11
84 230 83
84 257 7
84 322 94
84 339 62
84 340 81
84 349 33
84 360 11
85 86 86
85 113 91
85 142 97
85 151 10
85 161 90
85 170 28
85 207 59
85 210 74
85 219 26
85 257 71
85 267 92
85 289 83
85 312 41
85 335 9
85 346 40
85 361 47
85 392 93
86 87 13
86 106 64
86 128 7
86 153 43
86 154 12
86 180 40
86 198 89
86 223 70
86 244 77
86 265 7
86 293 32
86 308 17
86 312 72
86 360 36
87 88 22
87 91 31
87 110 97
87 138 99
87 146 90
87 186 95
87 227 19
87 233 23
87 235 32
87 275 20
87 332 95
87 340 9
87 376 62
88 89 82
88 105 28
88 176 4
88 222 66
88 243 44
88 264 100
88 278 73
88 297 68
88 307 43
88 314 70
88 318 42
89 90 96
89 122 61
89 123 14
89 129 79
89 145 37
89 169 98
89 179 32
89 239 80
89 285 9
89 342 7
90 91 54
90 118 12
90 161 86
90 203 64
90 208 96
90 211 65
90 218 67
90 219 95
90 247 43
90 275 60
90 308 68
90 386 16
90 396 76
91 92 58
91 97 72
91 146 2
91 209 26
91 221 57
91 228 79
91 252 10
91 257 92
91 263 85
91 286 57
91 335 87
91 339 55
91 358 71
92 93 74
92 181 80
92 210 25
92 215 37
92 221 58
92 258 13
92 273 97
92 279 45
92 319 48
92 347 25
92 377 16
92 383 1
93 94 37
93 101 5
93 145 84
93 200 74
93 213 100
93 216 88
93 240 81
93 241 86
93 259 45
93 291 65
93 317 100
93 393 99
93 394 7
93 398 93
94 95 65
94 113 30
94 138 88
94 182 84
94 234 41
94 240 100
94 249 82
94 264 85
94 376 1
94 395 32
94 398 81
95 96 51
95 183 24
95 210 45
95 211 68
95 240 44
95 299 53
95 321 79
95 341 6
95 385 96
96 97 89
96 98 47
96 114 48
96 131 49
96 136 8
96 170 49
96 185 40
96 217 80
96 229 9
96 241 39
96 260 99
96 345 12
97 98 39
97 101 83
97 124 60
97 310 1
97 380 4
98 99 77
98 172 41
98 174 56
98 271 90
98 309 34
98 318 17
98 334 34
98 347 9
98 357 75
98 376 27
98 393 11
99 100 89
99 130 29
99 199 84
99 252 57
99 300 70
99 305 28
99 307 43
99 312 39
99 334 38
99 340 91
99 351 86
99 359 84
100 101 13
100 111 94
100 119 18
100 257 31
100 266 7
100 274 27
100 308 60
100 334 96
100 348 26
100 351 28
100 398 43
101 102 8
101 119 33
101 151 76
101 153 27
101 155 60
101 159 86
101 172 30
101 204 56
101 227 94
101 234 73
101 298 60
101 334 80
101 393 66
102 103 77
102 116 27
102 250 50
102 282 68
102 387 28
103 104 92
103 110 88
103 137 96
103 139 98
103 176 55
103 198 53
103 210 48
103 261 76
103 277 16
103 325 89
103 334 88
103 346 29
103 388 85
103 397 48
104 105 77
104 119 29
104 138 51
104 201 28
104 216 82
104 243 39
104 286 77
104 341 36
104 358 62
104 367 24
105 106 51
105 108 76
105 126 25
105 130 5
105 189 17
105 203 9
105 207 45
105 244 20
105 265 60
105 328 55
105 379 8
106 107 53
106 115 22
106 202 15
106 223 49
106 267 38
106 309 50
106 313 95
106 334 14
106 353 90
106 391 12
107 108 96
107 115 28
107 116 64
107 141 37
107 157 15
107 168 84
107 200 83
107 221 87
107 246 81
107 265 32
107 280 64
107 291 83
107 301 38
107 303 52
107 325 62
108 109 96
108 210 75
108 215 90
108 278 48
108 290 60
108 309 53
108 354 3
108 373 64
108 377 14
109 110 92
109 124 68
109 140 17
109 147 50
109 171 81
109 202 90
109 218 63
109 221 89
109 251 29
109 289 79
109 346 43
109 353 55
109 390 19
110 111 76
110 153 98
110 165 77
110 171 2
110 179 27
110 201 6
110 317 8
110 339 47
110 386 58
111 112 33
111 128 87
111 149 25
111 164 64
111 246 100
111 290 83
111 326 48
111 360 52
111 361 76
111 370 38
111 374 12
111 393 6
112 113 81
112 225 15
112 239 95
112 255 49
112 312 70
112 326 100
112 364 67
112 366 28
112 368 63
113 114 92
113 121 94
113 164 49
113 172 46
113 297 70
113 316 19
113 386 34
113 397 62
114 115 84
114 128 41
114 161 47
114 189 59
114 286 1
114 293 67
114 355 17
115 116 36
115 147 15
115 164 49
115 166 32
115 184 15
115 199 28
115 204 26
115 257 3
115 265 19
115 274 13
115 288 5
115 293 8
115 300 73
115 307 89
115 346 52
115 375 26
116 117 81
116 128 4
116 143 26
116 165 92
116 208 87
116 212 90
116 314 32
116 339 58
116 341 5
116 358 46
116 381 74
117 118 46
117 143 38
117 149 32
117 182 19
117 229 4
117 276 29
117 313 37
117 319 52
117 327 28
117 328 9
117 335 18
117 378 49
117 392 12
118 119 55
118 203 64
118 228 89
118 245 81
118 255 83
118 257 92
118 263 86
118 276 86
118 306 87
118 316 54
118 330 54
118 371 53
118 381 58
119 120 87
119 159 45
119 166 45
119 195 4
119 248 6
119 264 59
119 275 24
119 290 91
119 329 70
119 337 15
120 121 35
120 136 68
120 148 71
120 152 49
120 247 53
120 249 95
120 267 8
120 282 21
121 122 30
121 137 12
121 147 23
121 203 2
121 265 93
121 266 8
121 269 15
121 352 63
122 123 71
122 133 83
122 139 15
122 166 80
122 185 79
122 206 11
122 232 2
122 283 1
122 307 11
122 353 51
123 124 5
123 234 71
123 245 84
123 313 19
123 346 26
124 125 19
124 176 52
124 197 100
124 251 35
124 258 10
124 269 71
124 270 36
124 387 24
125 126 7
125 128 61
125 166 83
125 173 40
125 182 5
125 187 12
125 250 78
125 257 71
125 296 16
125 306 95
125 316 79
125 341 92
125 352 36
126 127 9
126 135 64
126 162 61
126 181 49
126 191 89
126 219 22
126 244 80
126 268 84
126 295 39
126 315 92
126 329 32
126 376 15
127 128 74
127 152 62
127 260 76
127 297 7
128 129 53
128 142 60
128 145 21
128 173 23
128 174 84
128 197 85
128 259 60
128 279 57
128 281 7
128 282 53
128 311 60
128 349 97
128 356 50
128 381 80
129 130 50
129 211 94
129 222 60
129 253 48
129 268 29
129 325 12
130 131 11
130 160 22
130 197 98
130 207 29
130 216 77
130 241 86
130 249 66
130 259 59
130 278 73
130 281 35
130 295 38
130 300 95
130 335 38
130 358 10
131 132 38
131 151 86
131 165 30
131 167 94
131 212 41
131 230 73
131 248 21
131 264 37
131 315 66
131 330 60
131 354 56
131 365 46
131 382 9
132 133 4
132 142 65
132 160 37
132 163 1
132 174 4
132 176 21
132 184 58
132 286 33
132 331 90
132 367 35
132 370 70
133 134 19
133 160 47
133 188 66
133 223 95
133 229 63
133 237 38
133 257 58
133 277 55
133 280 58
133 297 100
133 317 39
133 331 82
133 334 5
133 395 39
133 396 68
134 135 92
134 213 97
134 215 14
134 232 88
134 269 63
134 282 39
134 348 51
134 353 22
134 358 27
134 367 59
135 136 70
135 150 67
135 157 7
135 179 95
135 206 36
135 212 96
135 223 74
135 225 36
135 230 47
135 249 68
135 281 69
135 286 84
135 300 79
135 351 44
135 356 33
135 369 47
135 390 8
136 137 63
136 156 12
136 183 38
136 196 29
136 216 77
136 285 81
136 378 21
137 138 95
137 139 17
137 150 56
137 222 67
137 271 62
137 306 77
137 331 100
137 346 36
137 354 93
137 363 100
137 390 51
138 139 96
138 315 96
139 140 60
139 184 20
139 185 61
139 196 12
139 215 71
139 372 48
140 141 53
140 160 29
140 171 33
140 180 100
140 182 75
140 208 54
140 226 56
140 245 68
140 247 37
140 252 5
140 272 100
140 346 14
141 142 34
141 156 41
141 158 57
141 201 10
141 241 94
141 262 53
141 300 36
141 307 15
141 344 64
141 359 62
141 396 48
142 143 24
142 149 43
142 162 66
142 171 50
142 215 28
142 304 39
142 309 99
142 381 51
143 144 59
143 146 5
143 171 38
143 202 43
143 266 91
143 279 24
143 282 80
143 299 96
143 321 36
143 344 84
144 145 63
144 147 34
144 171 18
144 217 19
144 219 49
144 343 9
144 347 78
144 360 49
145 146 42
145 158 50
145 186 20
145 201 24
145 210 74
145 233 88
145 250 65
145 255 68
145 277 55
145 334 31
145 338 26
145 354 41
145 369 51
145 381 81
146 147 45
146 148 35
146 173 56
146 195 99
146 206 26
146 335 40
146 363 83
147 148 68
147 157 42
147 231 79
147 290 99
147 379 70
148 149 20
148 173 78
148 175 60
148 230 6
148 279 70
148 292 79
148 316 36
148 343 65
148 365 12
148 376 74
148 387 37
148 391 15
148 393 34
148 396 95
149 150 61
149 157 89
149 239 54
149 289 7
149 321 13
149 347 79
149 369 94
149 397 20
150 151 53
150 161 14
150 189 85
150 209 53
150 299 4
150 330 11
150 338 69
150 374 96
151 152 61
151 187 86
151 198 66
151 221 54
151 228 22
151 287 32
151 296 84
151 306 99
151 313 73
151 348 95
152 153 27
152 174 89
152 192 66
152 196 12
152 220 34
152 267 100
152 275 43
152 277 4
152 312 90
152 347 36
152 376 60
152 382 89
152 386 5
153 154 86
153 155 15
153 208 25
153 230 37
153 274 83
153 277 22
153 288 83
153 317 96
153 322 78
153 329 77
153 373 43
153 374 60
153 376 61
153 390 76
154 155 15
154 184 13
154 215 37
154 249 98
154 335 19
154 347 18
154 358 62
154 365 54
154 384 11
155 156 51
155 213 16
155 247 27
155 292 58
155 319 10
155 323 30
155 347 90
155 368 47
155 380 13
155 387 90
155 395 69
156 157 31
156 160 4
156 175 81
156 183 39
156 186 46
156 190 52
156 199 15
156 226 78
156 235 44
156 244 84
156 246 70
156 268 78
156 281 82
156 288 53
156 315 32
156 344 94
156 397 82
157 158 38
157 163 13
157 180 24
157 237 5
157 268 31
157 346 83
157 353 57
157 372 11
158 159 19
158 160 81
158 178 27
158 179 16
158 207 93
158 247 87
158 261 55
158 269 9
158 276 18
158 288 76
158 293 11
158 326 43
158 390 17
158 397 82
159 160 27
159 174 86
159 190 25
159 262 13
159 281 71
159 292 48
159 310 2
159 366 2
159 385 48
160 161 82
160 226 67
160 230 8
160 244 5
160 261 36
160 264 1
160 284 37
160 289 61
160 292 37
160 298 26
160 300 94
160 311 64
160 342 97
160 357 6
160 366 47
160 386 98
161 162 31
161 204 82
161 212 16
161 313 97
161 329 23
161 351 52
162 163 99
162 198 43
162 208 25
162 215 75
162 243 72
162 261 86
162 274 27
163 164 1
163 192 24
163 197 10
163 206 48
163 208 29
163 288 84
163 337 100
163 397 91
164 165 30
164 201 97
164 310 95
164 333 36
164 390 5
164 394 38
165 166 6
165 239 88
165 269 18
165 296 70
165 319 33
165 344 89
165 368 70
166 167 22
166 194 24
166 257 13
166 267 86
166 306 93
166 315 25
166 323 32
166 366 41
166 383 1
167 168 53
167 223 52
167 226 77
167 231 3
167 252 87
167 304 28
167 312 14
167 354 59
167 371 19
167 390 82
168 169 11
168 193 44
168 201 64
168 212 77
168 215 62
168 217 53
168 230 26
168 283 74
168 285 85
168 331 30
168 397 33
169 170 54
169 241 75
169 243 7
169 260 52
169 261 79
169 302 69
169 318 28
169 322 3
169 370 38
170 171 60
170 206 57
170 238 30
170 239 37
170 244 99
170 287 45
170 326 67
170 344 33
170 379 85
171 172 75
171 244 13
171 264 7
171 269 10
171 285 56
171 296 69
171 361 83
171 397 37
172 173 5
172 202 76
172 215 69
172 230 13
172 267 34
172 272 44
173 174 7
173 225 12
173 229 62
173 272 54
173 315 22
173 317 93
173 332 76
173 356 10
173 370 41
173 382 98
174 175 48
174 343 65
174 361 25
174 389 2
174 395 61
175 176 41
175 201 50
175 202 46
175 203 52
175 211 69
175 213 44
175 259 10
175 260 66
175 269 52
175 279 60
175 283 41
175 284 39
175 301 3
175 320 22
175 331 32
176 177 45
176 221 99
176 234 76
176 237 87
177 178 80
177 193 65
177 243 97
177 267 27
177 274 26
177 277 39
177 309 58
177 337 41
177 356 37
177 371 100
178 179 41
178 196 29
178 202 1
178 216 79
178 282 44
178 312 56
178 319 82
178 322 100
178 329 67
178 336 43
179 180 76
179 200 51
179 219 90
179 221 50
179 240 39
179 251 8
179 279 23
179 282 8
179 336 63
179 372 3
179 396 35
180 181 42
180 346 78
180 348 87
180 357 24
180 377 2
181 182 44
181 197 49
181 204 39
181 215 2
181 232 80
181 263 43
181 276 60
181 282 35
181 287 61
181 293 19
182 183 12
182 251 21
182 303 58
182 322 99
182 338 96
182 364 86
182 369 67
182 387 47
183 184 56
183 270 51
183 273 5
183 293 76
183 310 91
183 318 97
183 343 13
184 185 62
184 203 55
184 218 83
184 245 92
184 258 6
184 261 20
184 286 22
184 318 33
184 325 48
184 331 19
184 352 85
184 365 6
184 375 75
185 186 66
185 233 86
185 234 54
185 236 72
185 264 22
185 270 51
185 286 90
185 316 61
185 333 11
185 394 79
186 187 73
186 243 49
186 277 21
186 296 2
186 299 73
186 312 47
186 321 15
186 342 33
186 343 99
187 188 21
187 214 32
187 226 15
187 228 29
187 240 40
187 326 37
187 329 49
187 342 21
187 399 64
188 189 94
188 230 84
188 237 18
188 260 6
188 329 24
188 355 60
189 190 35
189 209 73
189 237 71
189 238 71
189 246 91
189 269 14
189 334 48
189 336 56
189 360 94
189 377 54
189 393 16
189 395 64
190 191 10
190 242 100
190 258 6
190 266 23
190 297 26
190 311 87
190 331 4
190 395 75
191 192 100
191 193 6
191 230 30
191 233 49
191 248 52
191 313 13
191 333 43
191 341 62
191 385 22
192 193 28
192 217 79
192 256 3
192 285 10
192 288 93
192 315 74
193 194 45
193 214 29
193 228 90
193 258 40
193 268 31
193 283 24
193 393 83
194 195 60
194 232 93
194 239 42
194 278 12
194 290 80
194 296 78
194 336 92
194 357 94
195 196 19
195 201 12
195 217 80
195 229 2
195 235 44
195 261 33
195 290 19
195 297 57
195 316 15
195 331 3
195 341 8
195 342 90
195 343 3
196 197 16
196 223 75
196 225 53
196 234 9
196 326 13
196 343 61
197 198 80
197 228 21
197 323 13
197 327 41
197 377 88
197 380 59
198 199 96
198 201 5
198 213 75
198 224 58
198 276 54
198 295 78
198 307 65
198 352 46
198 357 56
198 389 73
198 399 3
199 200 13
199 275 20
199 309 62
199 351 76
199 387 84
200 201 43
200 267 49
200 271 60
200 297 40
200 340 37
200 341 70
200 360 38
200 366 72
200 372 25
201 202 3
201 212 1
201 220 66
201 226 17
201 232 5
201 246 50
201 267 35
201 303 28
201 315 88
201 325 90
201 335 58
201 359 47
201 393 57
202 203 68
202 229 47
202 231 98
202 290 4
202 298 33
203 204 4
203 255 42
203 293 51
203 313 43
203 328 12
203 341 27
203 393 28
204 205 28
204 227 44
204 233 48
204 278 5
204 295 61
204 309 88
204 330 37
204 381 97
205 206 59
205 212 34
205 233 97
205 245 33
205 293 69
205 300 88
205 329 76
205 339 28
205 340 47
205 381 94
205 383 59
205 385 36
206 207 17
206 209 99
206 246 11
206 273 83
206 290 17
206 323 1
206 351 51
207 208 60
207 220 59
207 237 29
207 273 63
207 355 26
208 209 21
208 222 5
208 292 52
208 377 66
209 210 81
209 222 25
209 235 93
209 245 52
209 275 5
209 339 89
209 345 42
209 356 68
209 365 41
209 374 6
209 385 74
209 393 88
209 395 67
210 211 34
210 216 96
210 248 88
210 267 3
210 277 17
210 290 39
210 299 57
210 362 4
210 392 66
211 212 35
211 234 38
211 257 15
211 305 74
211 312 94
211 328 43
212 213 7
212 271 25
212 277 12
212 310 96
212 326 12
212 365 21
212 369 84
213 214 7
213 222 40
213 247 43
213 275 65
213 319 25
213 365 98
214 215 21
214 218 17
214 227 74
214 308 10
214 313 23
214 316 78
214 362 5
214 383 37
214 391 76
215 216 14
215 227 25
215 267 35
215 278 4
215 281 51
215 306 99
215 325 57
215 344 2
215 361 97
216 217 82
216 223 70
216 264 77
216 268 17
216 274 15
216 314 3
216 335 37
216 398 11
217 218 26
217 240 65
217 265 78
217 278 41
217 283 10
217 305 6
217 307 98
217 311 28
217 355 91
218 219 32
218 223 87
218 248 67
218 275 34
218 285 14
219 220 26
219 230 18
219 277 95
219 334 14
219 358 94
219 370 83
220 221 6
220 260 10
220 261 17
220 326 14
220 375 79
221 222 7
221 250 51
221 299 30
221 323 47
221 329 17
221 334 26
222 223 64
222 224 21
222 227 61
222 243 78
222 254 96
222 257 98
222 273 18
222 290 64
222 310 6
223 224 83
223 243 50
223 259 84
223 271 97
223 277 34
223 282 67
223 295 89
223 347 9
223 370 50
223 380 53
223 381 81
223 386 79
223 393 1
224 225 31
224 230 50
224 246 32
224 259 63
224 304 43
224 334 71
224 357 75
224 379 53
224 380 68
225 226 70
225 261 45
225 277 61
225 301 56
225 319 100
225 344 92
225 351 68
225 364 59
226 227 53
226 236 22
226 288 94
226 290 33
226 292 86
226 297 97
226 302 62
226 332 26
227 228 92
227 330 65
227 339 78
227 368 96
227 387 87
227 389 10
227 398 47
228 229 78
228 256 7
228 267 29
228 307 80
228 324 89
228 360 98
228 390 42
229 230 32
229 298 61
229 309 50
229 314 2
229 318 2
229 383 38
230 231 46
230 246 77
230 273 56
230 326 94
230 361 87
230 362 31
230 370 62
230 385 37
230 390 50
231 232 59
231 253 16
231 272 78
231 275 34
231 276 8
231 284 62
231 367 2
231 378 28
232 233 33
232 298 68
232 336 41
232 367 15
232 371 14
233 234 42
233 246 31
233 366 35
233 386 39
234 235 57
234 281 12
234 346 70
234 354 96
234 377 31
235 236 5
235 238 12
235 242 77
235 244 81
235 261 8
235 292 61
236 237 9
236 249 100
236 251 72
237 238 53
237 244 72
237 254 67
237 269 66
237 293 99
237 348 5
237 372 37
237 374 99
238 239 66
238 316 88
238 348 33
239 240 66
239 248 91
239 258 92
239 282 12
239 287 77
239 305 30
239 322 15
239 336 72
239 380 11
240 241 95
240 245 77
240 246 3
240 273 11
240 307 11
240 320 63
240 376 74
240 378 65
240 381 85
241 242 61
241 266 21
241 291 18
241 315 91
241 319 99
241 328 63
241 341 29
242 243 95
242 322 14
242 324 64
242 332 99
242 338 26
242 349 75
242 399 82
243 244 57
243 272 49
243 294 7
243 303 74
243 311 45
243 320 6
243 337 20
243 348 67
243 392 80
244 245 63
244 249 91
244 259 58
244 272 84
244 279 22
244 355 33
244 387 58
245 246 73
245 249 60
245 310 25
245 312 89
246 247 34
246 310 84
246 340 21
246 378 99
247 248 88
247 393 32
248 249 40
248 292 6
248 319 7
248 322 72
248 335 97
248 342 90
249 250 21
249 288 43
249 322 33
249 327 57
249 379 96
249 385 5
250 251 59
250 320 88
251 252 43
251 255 10
251 360 76
252 253 86
252 263 56
252 353 3
253 254 34
253 315 97
253 322 68
253 367 29
254 255 30
254 294 73
254 300 85
254 379 18
255 256 57
255 279 51
255 351 30
256 257 37
256 270 22
256 280 71
256 284 4
256 329 66
256 397 72
257 258 34
257 329 31
258 259 94
258 267 31
258 277 12
258 286 15
258 309 39
258 374 44
259 260 52
259 327 100
259 376 24
260 261 63
260 274 37
260 280 18
260 300 79
260 327 18
260 344 31
260 347 71
260 352 51
260 369 20
261 262 38
261 312 7
261 372 49
262 263 56
262 316 68
262 318 68
262 333 60
262 336 19
262 341 6
262 342 96
262 359 36
262 370 79
262 384 8
262 389 22
262 391 63
263 264 26
263 317 99
263 329 54
263 344 18
263 347 86
264 265 29
264 271 18
264 274 2
264 333 7
264 341 35
264 344 68
264 356 83
264 357 92
264 358 75
264 377 20
265 266 20
265 268 49
265 276 31
265 295 79
265 297 81
265 316 34
265 318 84
266 267 48
266 276 27
266 297 40
266 300 47
266 325 21
266 336 99
266 368 77
266 377 5
267 268 99
267 272 18
267 295 18
267 323 11
267 339 74
267 353 95
267 364 74
267 372 65
267 389 9
268 269 53
268 307 81
268 314 35
268 393 98
269 270 4
269 284 98
269 287 17
269 394 53
270 271 33
270 273 56
270 315 88
270 336 63
270 379 71
271 272 45
271 322 71
271 324 93
271 375 77
271 395 9
272 273 31
272 322 91
272 344 24
272 346 99
272 357 86
272 381 47
273 274 64
273 303 38
273 366 50
273 384 73
274 275 82
274 343 39
274 345 14
274 348 98
274 356 91
274 375 47
274 387 22
275 276 8
275 277 82
275 292 14
275 307 35
275 310 55
275 326 98
275 334 68
275 390 78
276 277 52
276 284 20
276 290 22
276 355 91
276 368 35
276 372 95
276 379 8
277 278 31
277 307 63
277 331 35
277 337 37
277 351 29
277 358 64
277 374 88
278 279 68
278 292 10
278 293 40
279 280 81
279 305 88
280 281 14
280 294 96
280 315 56
280 320 46
280 329 11
280 360 32
280 385 25
281 282 51
281 283 12
281 294 63
281 302 83
281 313 36
281 321 77
281 327 55
281 370 6
282 283 27
282 303 5
282 327 49
282 366 61
282 379 26
282 391 73
283 284 16
283 317 27
283 339 85
283 376 99
283 394 77
284 285 27
284 327 83
285 286 14
285 303 27
285 352 81
286 287 48
286 311 7
286 325 7
286 366 96
286 368 15
286 370 55
286 395 9
287 288 89
287 314 100
287 328 28
287 335 77
287 354 81
288 289 79
288 300 86
288 304 71
288 382 39
288 388 44
288 391 72
289 290 8
289 298 22
290 291 57
290 313 34
290 330 53
290 344 55
291 292 48
291 321 82
291 350 69
291 354 98
291 362 76
291 378 28
291 381 98
292 293 76
292 331 68
292 343 95
292 362 9
293 294 88
293 312 29
293 314 63
293 387 87
294 295 92
294 323 86
295 296 17
295 303 1
295 356 64
295 392 3
296 297 33
296 313 38
296 360 76
296 367 57
297 298 50
297 300 44
297 388 33
298 299 77
298 324 57
298 345 59
298 388 28
299 300 71
299 304 29
299 359 73
299 398 70
300 301 30
300 308 95
300 339 83
300 348 100
300 349 89
300 392 15
301 302 74
301 333 30
301 335 38
301 343 60
301 351 57
301 394 96
302 303 25
302 321 9
302 371 1
303 304 100
303 320 55
303 328 59
303 335 29
303 342 22
303 359 34
303 393 8
304 305 19
304 327 27
305 306 96
305 371 78
305 392 50
306 307 30
306 318 3
306 325 49
306 353 55
307 308 96
307 328 68
307 372 14
308 309 14
308 399 51
309 310 86
309 333 32
309 346 100
309 349 61
309 374 26
310 311 90
310 353 94
310 398 45
311 312 49
311 347 12
311 348 71
311 361 77
311 398 8
312 313 8
312 320 90
312 373 29
312 397 71
312 398 4
313 314 96
313 372 75
313 377 40
313 393 39
313 399 31
314 315 97
314 336 22
314 366 41
315 316 5
315 335 55
315 383 86
315 385 87
316 317 87
316 322 56
316 354 61
316 359 22
316 380 34
317 318 73
317 369 29
317 375 65
318 319 4
318 334 31
318 353 80
318 393 77
319 320 41
319 349 6
319 373 16
320 321 100
320 322 33
320 326 26
320 360 64
321 322 33
321 345 49
321 393 62
322 323 35
322 340 1
322 349 1
322 363 54
323 324 96
323 335 34
323 365 68
323 371 90
323 379 74
324 325 1
324 341 91
324 342 18
324 351 66
324 367 6
325 326 31
325 331 36
325 343 26
325 348 87
325 390 27
326 327 100
326 356 8
326 358 81
326 366 46
326 371 93
326 373 3
326 397 2
327 328 3
327 341 90
327 355 75
327 369 64
327 379 16
327 399 87
328 329 49
328 393 43
328 399 27
329 330 19
329 386 51
330 331 76
330 348 46
330 383 81
331 332 100
331 348 25
331 357 5
331 386 85
332 333 58
333 334 48
333 350 40
333 366 10
333 376 81
333 389 71
334 335 68
334 344 73
334 369 79
335 336 36
335 339 14
335 345 94
335 389 54
335 391 41
336 337 61
336 385 42
337 338 5
337 387 32
338 339 39
338 345 10
339 340 16
340 341 70
340 393 44
341 342 54
341 355 85
341 395 66
342 343 40
343 344 52
343 378 30
344 345 96
344 365 46
345 346 55
345 352 76
346 347 46
346 355 74
346 380 46
346 396 40
347 348 55
347 374 41
348 349 17
348 354 83
348 370 48
349 350 45
349 376 98
350 351 9
351 352 84
351 356 71
351 362 100
352 353 75
352 379 22
352 390 39
352 397 75
353 354 98
353 356 77
353 359 100
354 355 39
355 356 81
356 357 9
356 376 68
357 358 49
357 372 15
357 380 5
357 382 15
358 359 92
358 382 44
358 397 41
359 360 91
359 383 5
359 389 86
360 361 96
360 374 3
360 380 47
360 385 99
360 386 74
361 362 96
361 379 11
361 390 93
361 398 76
362 363 4
362 370 3
362 378 43
363 364 27
363 365 96
364 365 27
364 385 35
365 366 76
365 367 63
365 369 36
365 389 4
366 367 23
366 396 55
367 368 48
368 369 63
368 388 94
369 370 7
370 371 90
371 372 80
371 380 99
372 373 3
372 392 26
373 374 57
373 399 60
374 375 15
375 376 70
375 378 37
375 381 21
376 377 46
377 378 74
378 379 51
378 387 98
379 380 5
379 384 11
380 381 27
381 382 25
382 383 2
382 387 51
383 384 20
384 385 27
384 391 76
385 386 63
386 387 50
386 392 71
387 388 94
388 389 51
389 390 39
390 391 98
391 392 32
392 393 76
392 395 85
393 394 38
394 395 30
395 396 54
395 398 29
396 397 62
397 398 85
398 399 35
399 400 30
