500 4909 5 9138
71 138 161 285 494 
1 2 90
1 42 60
1 95 96
1 97 70
1 113 21
1 121 85
1 138 39
1 152 44
1 187 21
1 258 94
1 301 80
1 314 89
1 336 6
1 348 21
1 351 22
1 365 60
1 399 25
1 409 11
1 411 50
1 429 93
1 430 52
1 435 61
1 454 12
1 457 72
1 458 29
1 500 28
2 3 52
2 12 86
2 62 64
2 87 35
2 121 26
2 123 97
2 130 35
2 162 24
2 190 12
2 206 73
2 244 97
2 282 17
2 283 26
2 299 6
2 315 9
2 319 45
2 343 28
2 360 78
2 371 4
2 386 46
2 388 41
2 394 49
2 418 32
2 423 5
2 445 11
2 463 5
2 467 40
2 470 18
3 4 76
3 52 55
3 56 96
3 125 32
3 147 47
3 158 55
3 166 72
3 204 4
3 229 82
3 250 50
3 286 71
3 310 16
3 323 58
3 357 38
3 372 77
3 442 16
3 461 100
3 490 11
4 5 27
4 64 86
4 81 40
4 180 64
4 216 21
4 229 78
4 290 11
4 329 71
4 338 55
4 340 3
4 345 52
4 346 59
4 396 86
4 405 52
4 413 2
4 464 69
4 483 55
4 493 8
5 6 19
5 9 16
5 11 29
5 24 55
5 70 1
5 202 72
5 221 77
5 297 39
5 342 49
5 356 58
5 368 59
5 373 23
5 413 12
5 449 63
5 473 95
6 7 90
6 14 45
6 171 79
6 180 79
6 186 50
6 223 68
6 240 4
6 250 17
6 277 19
6 285 20
6 288 83
6 325 46
6 343 66
6 366 72
6 387 50
6 402 93
6 413 23
6 434 40
6 451 62
6 453 93
6 473 29
6 495 4
7 8 40
7 44 90
7 84 3
7 100 77
7 132 41
7 160 27
7 180 83
7 230 73
7 280 27
7 281 65
7 301 23
7 308 74
7 373 64
7 380 22
7 385 43
7 399 55
7 400 82
7 415 70
7 425 29
7 443 51
7 464 51
7 468 42
7 479 9
7 494 76
8 9 72
8 42 92
8 67 40
8 78 24
8 108 59
8 143 34
8 171 11
8 186 67
8 200 85
8 233 22
8 251 100
8 299 85
8 327 95
8 380 28
8 435 93
8 439 48
8 450 23
8 456 75
8 458 53
8 483 71
9 10 52
9 77 63
9 91 70
9 93 11
9 126 72
9 141 3
9 157 19
9 209 55
9 211 89
9 221 32
9 249 86
9 310 83
9 332 100
9 341 21
9 348 40
9 349 42
9 355 47
9 366 26
9 383 31
9 388 23
9 391 27
9 407 54
9 439 31
9 498 1
10 11 21
10 31 4
10 68 46
10 168 67
10 188 75
10 219 94
10 229 71
10 285 31
10 393 6
10 449 62
10 457 71
10 461 90
10 468 25
10 494 62
10 498 96
11 12 43
11 48 49
11 58 34
11 74 41
11 115 65
11 138 42
11 185 4
11 188 32
11 232 86
11 251 67
11 297 69
11 298 69
11 313 36
11 329 99
11 374 38
11 385 6
11 390 21
11 413 100
11 474 100
11 477 48
11 482 54
12 13 20
12 56 14
12 121 10
12 182 94
12 198 22
12 220 23
12 236 4
12 239 44
12 249 29
12 321 75
12 323 77
12 342 31
12 362 85
12 401 60
12 402 59
12 406 7
12 410 30
12 449 97
12 475 14
13 14 59
13 76 1
13 77 84
13 111 23
13 123 23
13 169 16
13 173 44
13 186 17
13 255 29
13 339 100
13 380 34
13 387 39
13 403 93
13 444 23
13 458 81
14 15 99
14 34 43
14 169 11
14 222 75
14 287 13
14 345 82
14 351 88
14 371 54
14 413 33
14 414 23
14 422 66
14 443 36
14 447 82
14 451 34
14 481 93
14 487 80
15 16 16
15 24 82
15 30 43
15 60 23
15 110 21
15 123 85
15 160 92
15 186 15
15 191 14
15 251 75
15 290 87
15 303 25
15 304 92
15 310 76
15 311 84
15 315 99
15 318 90
15 333 67
15 427 19
15 486 73
16 17 52
16 21 54
16 64 11
16 68 92
16 81 77
16 92 65
16 174 33
16 224 13
16 261 88
16 297 41
16 363 46
16 368 87
16 380 74
16 393 43
16 424 61
16 428 54
16 433 53
16 442 83
16 465 44
16 472 6
16 475 9
17 18 72
17 25 95
17 45 18
17 53 26
17 73 49
17 95 60
17 110 1
17 136 64
17 140 3
17 150 43
17 198 42
17 210 23
17 219 50
17 235 96
17 236 35
17 306 25
17 308 67
17 311 19
17 323 47
17 370 56
17 376 49
17 381 60
17 427 37
17 479 74
17 498 16
18 19 9
18 47 68
18 65 52
18 123 72
18 144 41
18 158 85
18 161 51
18 183 82
18 190 41
18 217 80
18 222 28
18 235 26
18 317 6
18 327 66
18 328 72
18 406 37
18 447 92
18 456 86
18 457 95
19 20 45
19 21 33
19 78 91
19 80 64
19 102 13
19 116 50
19 133 70
19 135 14
19 153 16
19 176 80
19 188 47
19 280 67
19 281 56
19 311 52
19 375 63
19 378 87
19 435 63
19 446 51
19 467 55
20 21 64
20 27 22
20 29 15
20 35 92
20 56 82
20 58 95
20 78 57
20 139 7
20 152 89
20 193 4
20 347 6
20 363 94
20 385 49
20 390 93
20 392 2
20 474 64
20 477 72
20 487 90
21 22 75
21 79 49
21 147 58
21 166 71
21 169 79
21 176 77
21 182 77
21 194 52
21 207 52
21 225 8
21 233 85
21 262 19
21 343 44
21 367 98
21 385 82
22 23 2
22 77 67
22 137 84
22 139 49
22 160 60
22 258 68
22 260 46
22 261 52
22 321 4
22 369 67
22 381 66
22 386 92
22 415 67
22 437 35
22 453 83
22 466 78
22 496 66
23 24 48
23 34 57
23 42 82
23 67 67
23 91 84
23 126 16
23 133 48
23 140 56
23 197 7
23 204 98
23 227 42
23 237 72
23 255 61
23 319 40
23 344 99
23 436 100
24 25 46
24 130 27
24 132 100
24 169 63
24 259 85
24 266 91
24 293 43
24 322 57
24 373 40
24 378 36
24 408 40
24 448 45
24 452 14
24 478 13
24 487 72
25 26 19
25 36 7
25 37 18
25 59 77
25 98 88
25 119 53
25 154 73
25 157 84
25 172 72
25 176 41
25 215 87
25 224 54
25 239 33
25 271 92
25 310 79
25 346 74
25 369 22
25 375 6
25 389 21
25 404 38
25 406 39
25 407 39
25 412 12
25 413 24
25 458 61
25 482 81
26 27 33
26 80 19
26 91 95
26 105 87
26 122 66
26 184 6
26 186 64
26 198 66
26 234 20
26 253 74
26 318 16
26 353 18
26 374 94
26 381 7
26 405 34
26 447 8
26 471 100
26 477 6
27 28 80
27 109 100
27 134 28
27 183 31
27 235 20
27 338 57
27 346 25
27 416 5
27 429 64
27 442 15
27 479 31
27 489 88
27 494 43
28 29 95
28 65 37
28 73 96
28 97 71
28 133 18
28 177 5
28 203 96
28 271 10
28 313 48
28 320 25
28 433 1
28 478 56
28 480 100
28 494 10
29 30 98
29 71 53
29 119 33
29 146 54
29 219 5
29 253 10
29 390 61
29 403 26
29 414 31
29 429 38
30 31 77
30 35 26
30 55 21
30 65 66
30 93 87
30 98 63
30 144 40
30 154 1
30 155 23
30 187 83
30 196 90
30 219 66
30 240 28
30 259 41
30 265 50
30 278 51
30 305 45
30 337 67
30 366 74
30 367 83
30 368 18
30 376 98
30 469 65
30 493 99
30 497 72
31 32 82
31 35 92
31 65 69
31 73 77
31 117 99
31 135 77
31 236 76
31 249 2
31 276 45
31 311 5
31 333 90
31 346 100
31 365 91
31 408 68
31 425 7
31 472 33
32 33 98
32 45 30
32 66 61
32 123 21
32 186 9
32 200 24
32 228 22
32 236 65
32 251 31
32 276 58
32 301 77
32 303 76
32 310 57
32 327 14
32 448 39
32 489 58
32 498 4
33 34 4
33 60 85
33 87 71
33 101 53
33 107 53
33 131 60
33 135 37
33 149 25
33 177 55
33 203 14
33 220 49
33 279 11
33 290 27
33 333 52
33 345 38
33 351 78
33 475 14
33 484 74
34 35 100
34 71 4
34 172 30
34 193 48
34 262 47
34 275 61
34 294 53
34 318 21
34 341 50
34 401 18
34 449 89
34 472 20
34 491 93
35 36 17
35 60 50
35 89 37
35 108 10
35 110 87
35 123 44
35 127 29
35 161 18
35 181 34
35 183 36
35 186 37
35 226 45
35 311 19
35 315 60
35 321 27
35 325 98
35 358 100
35 427 80
35 456 27
35 469 49
35 482 24
35 492 100
36 37 72
36 60 43
36 63 85
36 70 77
36 77 20
36 122 81
36 183 17
36 194 8
36 261 100
36 278 33
36 297 24
36 313 14
36 349 69
36 402 99
36 426 42
36 442 65
36 494 6
37 38 36
37 55 37
37 68 11
37 77 96
37 91 40
37 122 1
37 153 61
37 155 38
37 195 90
37 205 74
37 213 98
37 227 44
37 260 67
37 357 94
37 402 23
37 439 67
37 444 37
37 448 89
37 476 42
37 477 10
37 480 24
38 39 26
38 161 59
38 195 87
38 251 77
38 289 29
38 357 16
38 403 63
38 408 97
38 466 64
38 480 22
38 499 43
39 40 10
39 42 64
39 127 41
39 161 15
39 221 70
39 235 45
39 241 41
39 262 20
39 285 63
39 317 97
39 328 56
39 333 56
39 399 8
39 420 66
39 425 46
39 430 29
39 495 86
40 41 17
40 43 69
40 44 76
40 137 46
40 170 58
40 204 12
40 261 9
40 376 42
40 400 61
40 446 26
40 453 91
40 484 64
40 489 68
41 42 88
41 56 12
41 63 95
41 90 45
41 97 5
41 157 18
41 184 66
41 267 1
41 310 14
41 314 31
41 386 9
42 43 12
42 44 92
42 46 41
42 91 22
42 102 24
42 122 75
42 167 53
42 194 87
42 220 21
42 231 46
42 233 59
42 249 81
42 269 29
42 272 45
42 273 99
42 295 44
42 318 20
42 347 88
42 385 99
42 430 63
43 44 41
43 105 2
43 111 92
43 131 43
43 135 20
43 149 10
43 152 82
43 183 43
43 184 16
43 186 6
43 195 96
43 212 2
43 225 18
43 240 24
43 247 88
43 292 21
43 305 98
43 337 96
43 381 81
43 400 15
43 409 81
43 414 83
43 452 22
43 482 11
44 45 93
44 64 54
44 70 95
44 76 9
44 175 66
44 202 67
44 220 62
44 226 51
44 340 23
44 362 77
44 367 50
44 413 71
45 46 4
45 53 31
45 69 72
45 73 48
45 84 39
45 85 56
45 95 24
45 143 97
45 165 24
45 166 91
45 196 19
45 200 82
45 269 50
45 315 77
45 355 91
45 362 77
45 412 9
45 420 15
45 422 86
45 493 58
45 494 81
46 47 41
46 51 27
46 108 26
46 117 5
46 130 12
46 134 6
46 148 17
46 154 80
46 184 78
46 200 14
46 224 63
46 231 65
46 246 34
46 264 84
46 271 59
46 327 16
46 335 27
46 403 76
46 437 75
46 439 41
46 469 79
47 48 49
47 150 45
47 161 89
47 194 66
47 197 8
47 199 87
47 216 98
47 247 72
47 249 31
47 290 10
47 303 78
47 398 90
47 425 26
47 438 81
47 465 87
48 49 6
48 66 29
48 92 40
48 101 49
48 138 57
48 148 75
48 161 1
48 189 8
48 209 45
48 227 15
48 252 26
48 285 45
48 289 97
48 298 96
48 406 87
48 418 47
48 428 3
48 431 94
48 436 39
48 451 18
48 456 30
48 493 79
49 50 17
49 86 10
49 113 7
49 137 74
49 163 64
49 170 45
49 215 91
49 230 36
49 261 3
49 302 51
49 316 99
49 322 66
49 336 98
49 367 100
49 395 37
49 410 57
49 418 37
49 440 12
49 453 13
49 473 72
49 476 23
49 483 49
50 51 77
50 65 99
50 83 36
50 99 95
50 109 8
50 119 98
50 148 39
50 192 50
50 271 96
50 310 10
50 337 85
50 402 82
50 413 64
50 428 32
50 456 95
50 476 90
51 52 2
51 104 46
51 124 11
51 154 78
51 165 47
51 194 33
51 220 90
51 269 13
51 281 77
51 286 90
51 296 88
51 306 7
51 360 60
51 375 29
51 438 74
51 471 40
51 488 37
51 497 95
52 53 88
52 59 50
52 112 48
52 126 11
52 160 75
52 174 43
52 245 55
52 402 76
52 414 68
53 54 92
53 74 15
53 117 23
53 143 28
53 164 69
53 191 9
53 198 85
53 229 56
53 246 61
53 252 22
53 254 41
53 263 44
53 274 41
53 291 79
53 300 78
53 312 60
53 350 30
53 360 47
53 400 57
53 401 47
53 402 6
53 444 21
53 476 17
54 55 61
54 69 16
54 180 45
54 216 36
54 232 59
54 286 61
54 292 44
54 336 41
54 348 6
54 364 99
54 371 85
54 381 22
54 392 65
54 417 76
54 445 74
54 475 39
55 56 28
55 58 98
55 143 77
55 144 96
55 148 74
55 151 96
55 193 20
55 255 53
55 272 17
55 340 19
55 343 37
55 352 83
55 381 81
55 391 40
55 424 38
55 434 64
55 440 61
56 57 2
56 69 19
56 92 16
56 98 29
56 108 46
56 138 6
56 178 85
56 187 88
56 228 71
56 241 15
56 265 71
56 293 17
56 352 43
56 372 58
56 387 85
56 409 84
56 410 10
56 415 65
56 417 44
56 490 8
57 58 63
57 101 15
57 126 92
57 167 49
57 231 5
57 293 14
57 322 7
57 349 58
57 400 7
57 477 48
58 59 19
58 69 80
58 128 97
58 143 10
58 184 62
58 280 68
58 284 92
58 292 83
58 304 80
58 326 23
58 332 89
58 344 44
58 352 35
58 404 38
58 423 91
58 476 88
59 60 94
59 178 41
59 217 14
59 220 34
59 284 46
59 285 50
59 338 68
59 348 32
59 354 65
59 378 49
59 381 58
59 413 53
59 438 76
59 441 38
59 482 17
60 61 47
60 72 64
60 140 79
60 173 69
60 186 60
60 209 78
60 215 99
60 228 70
60 249 94
60 271 33
60 336 88
60 349 93
60 377 27
60 395 83
60 449 67
61 62 45
61 77 11
61 80 48
61 81 97
61 85 82
61 94 37
61 103 85
61 115 21
61 121 34
61 178 66
61 246 22
61 247 83
61 253 39
61 290 29
61 316 29
61 389 89
61 408 40
61 412 34
61 414 52
61 429 2
61 458 30
61 462 84
61 469 20
61 472 15
62 63 67
62 106 50
62 111 84
62 114 92
62 136 93
62 141 74
62 164 58
62 187 46
62 231 58
62 242 49
62 247 95
62 288 99
62 301 72
62 302 8
62 374 59
62 381 81
62 396 29
62 412 96
62 430 91
62 454 58
63 64 7
63 76 44
63 85 24
63 92 84
63 116 61
63 139 68
63 141 86
63 278 19
63 287 1
63 315 35
63 317 15
63 330 42
63 334 23
63 361 100
63 364 57
63 368 94
63 397 20
63 412 78
63 476 14
63 495 1
64 65 87
64 112 74
64 169 11
64 183 25
64 188 35
64 192 57
64 214 73
64 248 81
64 269 20
64 361 63
64 379 72
64 401 78
64 409 49
64 484 20
65 66 15
65 127 48
65 137 24
65 160 37
65 185 74
65 229 36
65 242 3
65 274 33
65 276 49
65 281 76
65 286 67
65 297 26
65 366 6
65 385 90
65 441 43
65 457 45
65 486 14
66 67 14
66 72 69
66 96 87
66 112 29
66 115 77
66 137 65
66 143 90
66 152 74
66 155 81
66 163 86
66 177 64
66 179 56
66 201 66
66 250 86
66 276 98
66 281 84
66 338 47
66 341 42
66 356 68
66 381 73
66 387 98
66 434 75
66 495 68
67 68 46
67 88 62
67 150 26
67 155 28
67 161 22
67 162 46
67 177 61
67 195 28
67 196 81
67 203 87
67 214 60
67 223 82
67 250 16
67 261 32
67 279 87
67 286 18
67 296 38
67 330 75
67 336 19
67 383 89
67 385 15
67 409 41
67 419 31
67 461 15
68 69 54
68 138 24
68 148 51
68 214 85
68 216 26
68 269 40
68 283 29
68 300 34
68 335 73
68 345 81
68 370 37
68 397 4
68 402 15
68 411 37
68 420 81
68 425 7
68 454 3
68 468 48
68 475 4
68 488 27
69 70 79
69 75 96
69 77 94
69 88 82
69 94 97
69 139 48
69 183 83
69 196 45
69 200 52
69 233 47
69 245 58
69 299 74
69 310 42
69 316 31
69 349 45
69 370 16
69 409 69
69 413 12
69 424 81
69 471 88
70 71 100
70 85 63
70 189 73
70 197 5
70 236 2
70 245 62
70 284 44
70 296 8
70 329 82
70 351 15
70 380 95
70 393 67
70 426 74
71 72 38
71 95 80
71 105 72
71 137 34
71 143 2
71 211 2
71 237 74
71 294 9
71 301 36
71 336 2
71 338 7
71 357 10
71 359 10
71 364 45
71 410 38
71 413 23
71 418 27
71 423 77
71 480 42
72 73 15
72 90 21
72 93 63
72 102 99
72 111 64
72 119 83
72 124 54
72 173 52
72 219 2
72 224 10
72 272 32
72 278 43
72 291 61
72 316 17
72 336 94
72 338 64
72 342 16
72 365 89
72 368 28
72 369 5
72 420 83
72 449 99
72 463 70
72 484 93
73 74 45
73 82 33
73 204 63
73 316 48
73 320 2
73 339 39
73 363 1
73 364 89
73 386 68
73 395 65
73 415 39
73 486 62
73 488 13
74 75 8
74 104 99
74 127 100
74 138 19
74 141 38
74 189 2
74 194 90
74 237 74
74 260 15
74 267 8
74 268 61
74 279 95
74 291 2
74 308 80
74 313 15
74 326 83
74 333 59
74 350 88
74 372 2
74 489 79
75 76 64
75 86 3
75 95 87
75 121 78
75 183 76
75 187 73
75 199 27
75 200 6
75 251 36
75 274 16
75 281 43
75 289 40
75 314 100
75 331 82
75 419 14
75 437 95
76 77 73
76 168 100
76 206 52
76 217 16
76 255 30
76 293 10
76 298 18
76 332 88
76 346 58
76 375 17
76 390 13
76 395 71
76 422 58
76 425 90
76 498 61
77 78 18
77 94 86
77 102 1
77 170 96
77 174 70
77 203 32
77 215 68
77 249 58
77 283 49
77 296 77
77 299 99
77 317 67
77 321 20
77 336 80
77 340 22
77 371 34
77 396 87
77 408 69
77 425 96
77 427 85
77 453 29
77 461 4
77 473 41
78 79 17
78 103 11
78 127 47
78 136 86
78 240 44
78 266 76
78 341 80
78 360 12
78 384 67
78 394 73
78 458 79
79 80 30
79 95 4
79 128 36
79 139 21
79 195 28
79 209 64
79 245 10
79 305 35
79 321 77
79 340 44
79 392 25
79 396 58
79 420 87
79 440 98
79 441 91
79 472 59
79 498 79
80 81 93
80 83 100
80 84 6
80 161 34
80 166 69
80 167 86
80 172 47
80 248 85
80 293 79
80 294 90
80 319 51
80 348 48
80 369 22
80 402 32
80 467 38
80 474 9
81 82 81
81 88 1
81 102 10
81 115 55
81 139 15
81 221 77
81 233 30
81 276 27
81 293 19
81 334 52
81 379 63
81 453 97
81 457 69
81 486 86
81 490 87
81 491 98
82 83 82
82 89 100
82 142 52
82 173 43
82 180 90
82 204 32
82 205 29
82 228 32
82 259 16
82 295 89
82 350 31
82 386 49
82 406 51
82 418 80
82 463 5
82 492 4
82 495 3
83 84 47
83 111 15
83 140 82
83 182 49
83 186 78
83 210 4
83 248 57
83 255 16
83 260 2
83 285 7
83 292 30
83 341 27
83 356 26
83 383 25
83 422 8
83 426 38
83 449 10
83 480 79
83 489 81
84 85 29
84 91 44
84 133 48
84 169 24
84 216 9
84 253 19
84 260 58
84 285 42
84 298 87
84 329 20
84 395 3
84 400 96
84 432 55
84 496 73
84 498 84
85 86 61
85 129 23
85 131 57
85 150 36
85 180 77
85 195 90
85 197 77
85 211 40
85 269 88
85 282 72
85 329 35
85 341 46
85 368 10
85 419 100
85 430 23
85 475 13
86 87 57
86 103 87
86 139 36
86 157 27
86 163 49
86 183 63
86 189 66
86 218 81
86 250 28
86 266 93
86 273 11
86 283 63
86 315 72
86 328 41
86 341 97
86 356 43
86 452 5
87 88 23
87 124 17
87 131 11
87 165 91
87 170 51
87 188 4
87 233 1
87 252 35
87 305 66
87 333 26
87 344 38
87 399 11
87 407 91
87 466 19
87 494 2
88 89 24
88 137 79
88 304 40
88 322 65
88 329 23
88 344 54
88 405 93
88 413 25
88 498 53
89 90 69
89 91 73
89 95 30
89 107 75
89 156 39
89 226 61
89 231 98
89 282 15
89 305 51
89 323 43
89 324 83
89 345 69
89 391 37
89 404 9
89 416 30
89 420 50
89 421 74
89 451 19
90 91 44
90 140 18
90 173 60
90 175 5
90 203 36
90 218 18
90 234 48
90 275 62
90 276 97
90 279 84
90 286 26
90 313 72
90 320 36
90 338 5
90 360 98
90 374 2
90 395 40
90 421 24
90 453 78
90 467 4
91 92 33
91 108 30
91 208 83
91 248 39
91 266 96
91 268 90
91 269 34
91 300 17
91 324 33
91 346 33
91 404 96
91 495 27
92 93 53
92 104 66
92 146 65
92 204 94
92 213 56
92 215 36
92 239 82
92 298 46
92 357 49
92 367 60
92 400 88
92 456 84
93 94 26
93 116 17
93 129 13
93 168 40
93 170 98
93 177 52
93 194 8
93 243 11
93 248 70
93 380 56
93 395 50
93 402 52
93 403 4
93 417 28
93 420 34
93 437 18
93 438 28
93 467 32
93 480 93
93 494 46
94 95 65
94 135 43
94 161 3
94 164 87
94 178 94
94 198 92
94 244 71
94 249 82
94 255 55
94 295 14
94 342 28
94 345 14
94 351 26
94 385 62
94 453 100
94 483 3
94 490 3
95 96 5
95 124 95
95 170 2
95 178 86
95 207 84
95 259 68
95 266 92
95 289 40
95 311 12
95 317 73
95 332 23
95 349 96
95 370 82
95 374 44
95 409 56
95 448 85
95 461 48
95 477 84
95 482 14
95 484 78
96 97 85
96 126 14
96 171 67
96 209 41
96 216 8
96 258 16
96 292 13
96 308 30
96 398 56
96 429 48
96 436 80
96 461 31
96 473 57
96 495 24
97 98 28
97 135 47
97 145 54
97 213 91
97 238 62
97 265 44
97 312 42
97 315 45
97 385 14
97 418 79
97 422 14
98 99 81
98 105 5
98 120 89
98 124 2
98 127 25
98 157 9
98 174 13
98 182 88
98 187 72
98 196 60
98 252 45
98 273 5
98 276 9
98 389 17
98 420 38
98 457 59
98 468 74
98 487 77
99 100 9
99 132 48
99 143 30
99 151 30
99 164 10
99 270 23
99 288 19
99 330 28
99 338 35
99 395 68
99 405 100
99 492 17
100 101 5
100 165 67
100 178 84
100 206 52
100 231 71
100 271 23
100 420 31
100 441 1
100 445 11
100 449 1
100 460 42
100 484 75
101 102 10
101 105 24
101 113 43
101 118 47
101 136 78
101 138 18
101 148 76
101 168 60
101 249 94
101 272 17
101 278 91
101 309 63
101 313 17
101 316 67
101 370 1
101 404 36
101 417 91
101 427 42
101 474 31
102 103 44
102 114 45
102 184 23
102 211 87
102 228 25
102 248 63
102 321 49
102 388 56
102 403 63
102 404 11
102 415 78
102 459 1
103 104 41
103 126 77
103 130 85
103 135 95
103 175 54
103 176 92
103 197 48
103 251 50
103 287 98
103 333 8
103 341 3
103 374 36
103 385 7
103 392 21
103 403 97
103 413 38
103 449 55
103 493 18
104 105 38
104 142 46
104 148 28
104 153 56
104 165 94
104 167 22
104 178 3
104 200 22
104 211 82
104 217 62
104 243 11
104 328 76
104 418 33
104 437 82
104 438 21
104 442 78
104 478 79
104 486 98
104 497 38
105 106 89
105 138 7
105 149 79
105 165 25
105 168 73
105 239 53
105 243 82
105 333 15
105 354 7
105 382 25
105 394 24
105 406 23
105 420 52
105 447 82
105 458 14
105 483 97
105 488 84
106 107 62
106 197 73
106 239 81
106 247 60
106 271 74
106 285 66
106 318 32
106 433 90
106 451 99
106 453 11
106 494 21
107 108 5
107 129 48
107 144 50
107 146 98
107 164 66
107 192 68
107 198 49
107 205 69
107 209 77
107 270 25
107 373 95
107 438 16
107 447 58
107 452 65
107 455 35
107 488 89
107 499 50
108 109 84
108 124 68
108 128 35
108 136 16
108 137 55
108 162 71
108 164 8
108 253 3
108 283 37
108 304 13
108 360 64
108 436 97
108 443 15
108 468 54
108 497 1
109 110 31
109 132 77
109 174 69
109 179 73
109 205 40
109 224 25
109 260 69
109 267 97
109 299 29
109 313 72
109 327 3
109 331 36
109 370 63
109 494 48
110 111 97
110 147 34
110 234 77
110 237 57
110 245 71
110 266 13
110 283 30
110 396 29
110 411 28
110 461 95
110 472 98
110 495 73
111 112 84
111 171 94
111 183 55
111 262 23
111 333 68
111 358 20
111 380 26
111 463 91
111 478 18
111 479 9
111 492 2
111 493 27
112 113 45
112 138 86
112 227 54
112 305 34
112 349 80
112 374 98
112 407 35
112 455 95
112 457 13
112 464 97
112 467 100
112 483 68
113 114 26
113 182 78
113 184 58
113 198 70
113 226 2
113 249 84
113 302 65
113 315 65
113 317 32
113 333 14
113 340 70
113 344 76
113 372 28
113 430 85
113 431 45
113 456 3
114 115 75
114 127 62
114 146 24
114 183 60
114 188 60
114 190 15
114 211 55
114 216 48
114 232 76
114 264 26
114 290 72
114 305 34
114 306 28
114 324 64
114 352 17
114 358 92
114 405 75
114 472 67
114 473 85
115 116 83
115 123 87
115 140 14
115 188 8
115 200 18
115 229 15
115 254 2
115 280 18
115 287 34
115 314 16
115 316 93
115 351 99
115 373 52
115 410 38
115 423 59
115 426 13
115 492 11
115 497 59
116 117 40
116 132 58
116 137 64
116 240 62
116 261 50
116 333 25
116 364 5
116 367 11
116 369 38
116 428 52
116 431 34
116 457 27
117 118 67
117 128 21
117 277 47
117 303 35
117 309 100
117 312 68
117 315 44
117 333 16
117 359 76
117 377 33
117 389 84
117 391 56
117 439 56
117 446 8
118 119 68
118 144 46
118 147 72
118 173 23
118 176 89
118 231 93
118 236 37
118 240 77
118 259 42
118 431 26
118 448 32
118 449 5
119 120 23
119 129 7
119 136 65
119 167 75
119 190 65
119 318 73
119 406 48
119 418 93
119 458 1
119 477 16
119 479 49
120 121 45
120 153 57
120 218 7
120 233 93
120 272 72
120 282 6
120 308 46
120 318 43
120 385 64
120 453 4
120 495 99
121 122 31
121 155 5
121 172 45
121 200 65
121 210 33
121 216 10
121 219 20
121 241 40
121 270 85
121 396 62
121 407 56
122 123 91
122 157 51
122 202 39
122 203 31
122 226 45
122 250 96
122 288 84
122 292 47
122 423 6
122 445 24
122 451 56
122 459 75
122 474 49
122 483 83
122 499 87
123 124 10
123 143 77
123 241 49
123 261 33
123 285 10
123 327 66
123 335 4
123 387 60
123 393 1
123 421 28
123 490 65
124 125 10
124 129 33
124 184 36
124 206 30
124 219 13
124 253 52
124 272 57
124 322 19
124 448 43
125 126 24
125 131 30
125 144 92
125 153 40
125 154 3
125 174 22
125 184 17
125 206 96
125 234 26
125 331 35
125 358 43
125 375 10
125 397 16
125 412 28
125 453 3
125 477 87
126 127 96
126 134 47
126 183 30
126 188 1
126 324 51
126 352 53
126 357 56
126 399 96
126 411 74
126 412 91
126 438 90
126 459 48
126 489 43
126 491 95
127 128 25
127 144 82
127 172 49
127 174 17
127 182 84
127 183 14
127 280 69
127 295 72
127 379 92
127 389 26
127 394 42
127 410 97
127 459 9
127 469 2
128 129 76
128 131 36
128 157 29
128 191 85
128 208 4
128 263 27
128 271 6
128 360 78
128 376 8
128 400 53
128 455 68
128 487 39
129 130 98
129 133 32
129 137 73
129 155 30
129 175 42
129 184 14
129 190 3
129 224 33
129 263 87
129 275 48
129 301 2
129 365 14
129 444 99
130 131 39
130 172 19
130 195 37
130 200 27
130 213 85
130 219 2
130 276 40
130 279 24
130 285 88
130 328 30
130 353 89
131 132 82
131 158 36
131 167 60
131 176 77
131 314 79
131 319 17
131 361 73
131 373 71
131 452 30
131 472 67
132 133 44
132 147 61
132 149 57
132 221 3
132 222 82
132 234 97
132 279 21
132 321 71
132 339 87
132 365 42
132 418 55
132 420 73
132 429 60
132 434 79
132 448 7
132 470 28
132 473 53
132 496 91
132 497 88
133 134 77
133 174 30
133 211 34
133 230 33
133 242 68
133 280 38
133 292 37
133 304 58
133 327 11
133 375 35
133 401 23
133 424 97
133 435 66
133 460 98
133 462 91
133 464 47
133 489 71
134 135 2
134 166 72
134 171 27
134 184 50
134 229 26
134 244 9
134 270 21
134 279 51
134 302 98
134 360 65
134 380 99
134 401 33
135 136 84
135 145 3
135 169 21
135 239 45
135 242 58
135 282 81
135 295 19
135 386 16
135 434 77
135 444 80
135 448 42
135 451 1
136 137 23
136 205 100
136 209 93
136 245 32
136 255 70
136 257 100
136 274 98
136 303 60
136 381 51
136 383 20
136 412 37
137 138 4
137 139 56
137 148 32
137 212 67
137 223 54
137 253 60
137 270 81
137 279 21
137 301 53
137 352 84
137 419 45
137 457 17
137 479 72
137 480 30
137 499 8
138 139 47
138 148 2
138 168 98
138 186 4
138 237 58
138 245 65
138 252 70
138 277 5
138 295 34
138 316 27
138 335 61
138 342 75
138 347 23
138 367 40
138 421 100
138 425 68
138 468 67
138 479 93
139 140 52
139 162 36
139 167 8
139 220 97
139 245 68
139 275 9
139 297 4
139 340 15
139 388 64
139 399 17
139 465 92
140 141 2
140 165 38
140 246 90
140 250 17
140 277 97
140 329 100
140 331 90
140 352 100
140 353 32
140 356 22
140 384 41
140 392 50
140 496 49
141 142 41
141 157 59
141 165 13
141 203 91
141 223 27
141 230 58
141 298 32
141 350 59
141 357 21
141 358 36
141 366 54
141 367 41
141 374 71
141 420 72
141 465 43
141 477 42
142 143 10
142 225 81
142 270 10
142 291 98
142 304 23
142 320 91
142 329 16
142 362 66
142 392 65
142 447 96
142 453 39
142 461 28
142 476 65
143 144 57
143 146 48
143 196 10
143 197 11
143 248 5
143 341 97
143 353 97
143 362 62
143 369 4
143 404 94
143 466 23
144 145 63
144 148 18
144 211 71
144 252 62
144 278 1
144 318 32
144 345 69
144 381 97
144 411 31
144 416 89
144 462 36
144 482 48
144 488 8
145 146 14
145 169 23
145 173 58
145 256 38
145 272 74
145 306 92
145 331 67
145 349 69
145 471 69
146 147 73
146 151 19
146 153 95
146 224 89
146 236 82
146 260 8
146 262 94
146 285 30
146 355 90
146 423 10
146 484 96
146 491 81
147 148 35
147 163 87
147 199 42
147 217 45
147 225 6
147 315 70
147 364 65
147 373 99
147 479 94
148 149 6
148 162 60
148 202 91
148 222 3
148 240 85
148 267 22
148 286 25
148 362 39
148 372 18
148 390 40
148 396 72
148 477 19
148 487 71
149 150 79
149 213 93
149 216 20
149 225 55
149 234 1
149 263 74
149 292 95
149 300 67
149 303 60
149 322 34
149 398 84
149 404 27
149 412 23
149 438 88
149 439 56
149 440 84
150 151 83
150 241 39
150 245 91
150 257 8
150 276 79
150 323 34
150 344 23
150 368 77
150 371 31
150 381 30
150 386 53
150 445 59
150 450 48
150 497 100
151 152 10
151 160 85
151 176 54
151 207 66
151 235 28
151 274 52
151 278 22
151 326 93
151 332 82
151 381 9
151 418 36
151 430 92
151 470 53
151 494 99
152 153 24
152 220 20
152 237 29
152 335 79
152 379 82
152 386 45
152 413 29
152 438 91
152 455 96
153 154 4
153 162 53
153 163 96
153 179 31
153 194 93
153 250 51
153 268 7
153 310 25
153 336 64
153 346 66
153 357 92
153 366 32
153 376 60
153 424 100
153 439 25
153 449 96
153 465 73
153 492 33
154 155 73
154 180 86
154 187 56
154 223 34
154 224 24
154 241 49
154 247 67
154 308 100
154 325 93
154 336 80
154 372 74
154 391 96
154 402 47
154 419 98
154 468 75
154 494 1
155 156 22
155 164 29
155 186 44
155 204 85
155 205 60
155 222 22
155 250 91
155 263 39
155 264 65
155 277 43
155 309 26
155 324 75
155 345 84
155 355 53
155 372 21
155 396 61
155 397 54
155 402 74
155 407 89
155 473 81
156 157 9
156 166 26
156 190 11
156 211 24
156 244 35
156 262 53
156 335 10
156 350 82
156 391 39
156 405 44
156 488 69
156 493 81
157 158 78
157 232 10
157 240 85
157 325 16
157 359 77
157 361 38
157 374 92
157 388 58
157 401 87
157 423 10
157 431 88
157 436 23
157 469 29
158 159 17
158 174 46
158 205 61
158 233 44
158 281 98
158 325 43
158 332 20
158 361 70
158 362 26
158 369 17
158 385 52
158 405 7
158 410 29
158 421 60
159 160 21
159 174 74
159 191 78
159 203 45
159 266 59
159 309 55
159 314 13
159 322 8
159 342 94
159 361 68
159 384 68
159 402 4
160 161 75
160 185 91
160 201 59
160 244 38
160 246 27
160 283 40
160 359 98
160 458 54
160 477 100
161 162 66
161 217 87
161 226 78
161 229 23
161 234 78
161 242 51
161 257 62
161 281 19
161 308 19
161 352 80
161 363 95
161 368 66
161 369 19
161 379 8
161 410 75
161 438 37
161 442 45
161 461 6
161 481 14
161 487 9
161 488 2
162 163 91
162 236 43
162 245 70
162 249 31
162 289 100
162 290 22
162 334 31
162 353 77
162 358 19
162 363 70
162 431 39
162 433 87
162 466 85
162 486 86
163 164 66
163 227 23
163 228 79
163 245 19
163 298 65
163 320 24
163 339 74
163 359 27
163 360 75
163 415 80
163 428 5
163 441 27
164 165 60
164 166 43
164 193 41
164 203 9
164 213 4
164 225 8
164 238 40
164 410 84
164 451 74
164 466 34
165 166 40
165 176 66
165 193 29
165 200 44
165 211 68
165 215 18
165 286 35
165 289 41
165 358 100
165 363 2
165 408 16
165 439 55
165 452 24
165 491 84
166 167 89
166 186 5
166 194 100
166 204 83
166 206 18
166 225 74
166 241 86
166 243 35
166 267 38
166 299 59
166 340 56
166 387 12
166 452 1
166 461 74
166 463 84
166 481 16
166 496 97
167 168 35
167 216 70
167 302 69
167 353 49
167 371 34
168 169 72
168 189 34
168 200 16
168 202 37
168 235 66
168 241 57
168 275 53
168 345 35
168 347 63
168 377 7
168 392 61
168 435 78
168 436 22
168 457 37
168 471 12
168 491 52
169 170 1
169 186 92
169 224 32
169 263 59
169 306 40
169 372 6
169 377 76
169 380 22
169 475 7
169 482 11
169 498 61
170 171 88
170 193 90
170 204 16
170 297 68
170 310 8
170 336 6
170 358 37
170 389 73
170 390 39
170 454 69
170 487 62
170 496 59
171 172 97
171 180 30
171 210 19
171 236 2
171 242 28
171 287 52
171 300 28
171 306 75
171 327 76
171 405 54
171 406 99
172 173 36
172 179 30
172 210 86
172 258 28
172 308 34
172 342 99
172 423 5
173 174 13
173 183 96
173 206 58
173 214 9
173 223 49
173 248 42
173 255 34
173 284 77
173 362 34
173 407 91
173 431 64
173 432 38
173 442 80
173 496 44
174 175 81
174 179 64
174 199 6
174 216 52
174 226 71
174 244 51
174 319 75
174 320 28
174 379 95
174 450 99
174 465 94
174 494 82
174 495 78
175 176 32
175 185 56
175 195 42
175 214 26
175 228 22
175 304 25
175 343 64
175 383 15
175 476 75
175 481 15
176 177 54
176 189 34
176 218 17
176 231 71
176 264 14
176 275 46
176 289 22
176 374 58
176 429 41
176 436 82
176 472 54
176 484 71
177 178 79
177 223 17
177 254 97
177 275 24
177 302 73
177 319 5
177 320 12
177 322 63
177 347 42
177 355 52
177 376 57
177 399 91
177 400 99
177 402 51
177 416 11
177 430 72
177 472 22
178 179 23
178 233 2
178 246 25
178 266 11
178 297 91
178 298 47
178 370 100
178 425 46
178 448 63
178 456 23
178 478 95
178 479 86
179 180 50
179 222 64
179 234 76
179 254 53
179 268 69
179 292 64
179 410 84
179 411 78
179 460 92
179 475 84
179 479 31
179 491 42
180 181 80
180 203 5
180 264 52
180 278 34
180 305 92
180 324 82
180 351 40
180 375 57
180 393 86
180 470 97
180 475 50
181 182 13
181 234 66
181 245 7
181 259 24
181 265 36
181 277 78
181 319 47
181 341 83
181 361 7
181 438 13
181 440 63
181 454 83
181 460 19
181 496 30
182 183 54
182 197 87
182 198 17
182 234 36
182 250 76
182 284 19
182 285 76
182 301 61
182 304 21
182 356 80
182 386 95
182 403 83
182 411 7
182 433 16
182 438 70
182 448 73
182 476 26
182 488 37
182 490 56
183 184 10
183 201 59
183 235 99
183 236 72
183 259 99
183 265 42
183 270 84
183 300 57
183 363 45
183 365 26
183 372 51
183 410 95
183 418 33
183 425 39
183 430 76
183 456 69
184 185 70
184 191 12
184 195 67
184 231 13
184 240 5
184 242 45
184 253 83
184 260 9
184 270 64
184 272 54
184 345 55
184 369 21
184 386 52
184 399 59
184 418 81
184 454 70
184 471 52
184 494 1
185 186 33
185 215 9
185 226 46
185 265 91
185 277 92
185 306 67
185 389 67
185 411 27
185 412 35
185 443 84
185 471 64
186 187 82
186 200 82
186 202 53
186 207 36
186 231 45
186 247 85
186 248 45
186 268 16
186 270 73
186 271 13
186 329 78
186 332 79
186 388 56
187 188 59
187 217 19
187 255 18
187 277 31
187 319 34
187 320 47
187 340 7
187 383 37
187 476 76
188 189 80
188 258 40
188 272 70
188 280 34
188 357 48
188 430 75
188 433 27
188 453 65
188 471 83
188 473 41
188 474 22
188 496 97
188 499 13
189 190 99
189 196 93
189 212 41
189 231 45
189 254 33
189 286 30
189 342 57
189 363 93
189 364 4
189 427 21
189 441 49
189 448 20
189 485 71
190 191 13
190 203 45
190 224 40
190 293 47
190 333 15
190 343 30
190 366 66
190 389 25
190 417 17
190 421 56
190 424 93
191 192 27
191 202 22
191 210 90
191 220 88
191 290 77
191 336 78
191 394 45
191 417 93
191 441 20
191 495 97
192 193 72
192 216 78
192 240 11
192 252 88
192 363 19
192 369 13
192 387 7
192 391 23
192 418 5
192 425 17
192 430 20
192 460 53
192 463 26
192 479 40
192 489 10
193 194 15
193 217 25
193 220 6
193 275 15
193 291 46
193 375 87
193 397 93
193 415 64
193 448 61
193 457 4
193 479 51
194 195 65
194 215 32
194 311 86
194 339 46
194 366 59
194 377 6
194 412 40
194 458 48
194 460 51
194 490 100
194 498 5
195 196 50
195 228 100
195 264 81
195 268 17
195 309 68
195 315 70
195 330 37
195 350 90
195 399 42
195 401 24
195 405 56
195 446 46
195 455 95
195 471 82
195 473 62
195 479 99
196 197 3
196 251 56
196 270 34
196 297 37
196 308 54
196 329 73
196 367 30
196 454 42
197 198 14
197 205 91
197 210 18
197 234 39
197 345 23
197 350 36
197 377 76
197 392 59
197 395 21
197 402 96
197 422 14
197 486 98
198 199 73
198 219 41
198 252 50
198 259 9
198 318 74
198 322 23
198 331 80
198 338 76
198 354 46
198 401 99
198 424 19
198 441 65
198 453 7
198 473 18
198 499 2
199 200 55
199 287 53
199 340 31
199 363 97
199 404 29
199 424 56
199 434 12
199 449 29
199 469 22
200 201 49
200 348 57
200 396 48
200 420 36
200 445 75
200 466 56
200 472 10
201 202 10
201 208 78
201 346 57
201 348 55
201 357 25
201 400 19
201 406 92
201 412 69
201 431 59
201 433 87
201 470 92
202 203 69
202 226 83
202 263 29
202 320 39
202 368 17
202 437 9
202 460 3
202 481 45
203 204 54
203 227 90
203 337 63
203 358 81
203 360 5
203 368 94
203 404 41
203 434 11
203 442 59
203 445 95
203 457 88
203 482 27
204 205 79
204 259 36
204 282 73
204 284 85
204 294 56
204 468 61
204 474 93
205 206 45
205 209 51
205 265 2
205 278 9
205 287 44
205 289 56
205 302 79
205 380 38
205 419 45
206 207 35
206 233 23
206 287 99
206 342 5
206 355 11
206 480 23
207 208 21
207 210 8
207 226 55
207 233 83
207 235 14
207 253 7
207 314 33
207 317 87
207 328 28
207 360 35
207 385 62
207 390 51
207 395 9
207 424 67
207 430 22
207 432 67
207 460 49
207 471 94
207 496 69
208 209 26
208 221 60
208 358 36
208 375 27
208 410 97
208 427 8
208 429 99
208 443 61
208 452 59
208 478 53
209 210 32
209 242 41
209 246 61
209 307 6
209 339 11
209 346 82
209 371 91
209 400 59
209 474 2
209 489 36
210 211 100
210 243 84
210 251 92
210 254 74
210 336 26
210 341 42
210 362 17
210 429 7
210 470 18
211 212 73
211 225 15
211 230 32
211 248 60
211 268 43
211 272 39
211 295 5
211 296 56
211 337 1
211 364 68
211 384 96
211 385 72
211 391 43
211 419 59
211 447 63
211 469 54
211 491 88
212 213 53
212 264 3
212 284 50
212 332 96
212 349 2
212 382 86
212 392 74
212 425 86
212 430 15
212 499 53
213 214 99
213 224 57
213 273 5
213 279 49
213 308 67
213 335 84
213 340 67
213 350 38
213 371 79
213 387 58
213 418 53
213 442 30
213 449 24
213 451 43
213 460 83
213 465 37
213 488 46
214 215 54
214 231 58
214 259 48
214 300 32
214 317 44
214 321 29
214 355 52
214 393 2
214 408 5
214 417 64
214 436 58
214 452 23
214 454 10
215 216 88
215 243 41
215 360 9
215 423 55
215 435 94
216 217 66
216 222 46
216 233 41
216 242 46
216 293 73
216 300 2
216 384 88
216 399 30
216 421 31
216 432 5
216 453 11
216 479 58
216 481 8
217 218 53
217 254 92
217 285 97
217 357 90
217 375 78
217 390 94
217 396 94
217 421 4
217 478 75
217 490 7
218 219 59
218 237 88
218 242 98
218 255 37
218 266 87
218 276 9
218 278 46
218 292 79
218 368 23
219 220 6
219 244 33
219 280 21
219 286 19
219 323 50
219 362 22
219 376 78
219 403 70
219 404 8
219 406 38
219 497 39
220 221 2
220 224 27
220 245 58
220 251 89
220 260 31
220 270 29
220 274 55
220 279 70
220 315 16
220 328 28
220 332 36
220 347 41
220 362 16
220 366 13
220 369 81
220 398 73
220 405 90
220 419 99
220 425 77
220 429 25
220 448 32
220 482 75
221 222 30
221 228 83
221 236 11
221 240 93
221 258 98
221 273 82
221 283 95
221 333 52
221 338 97
221 354 16
221 377 96
221 380 20
221 432 62
221 457 36
221 491 59
222 223 55
222 277 99
222 309 97
222 353 100
222 356 56
222 373 39
222 388 41
222 406 31
222 432 61
222 435 8
222 449 22
222 461 50
222 478 16
223 224 38
223 227 16
223 267 85
223 305 38
223 326 48
223 343 85
223 365 41
223 373 50
223 389 37
223 434 36
223 461 67
223 470 2
224 225 20
224 256 86
224 269 19
224 295 37
224 299 42
224 304 35
224 325 97
224 346 77
224 348 80
224 349 64
224 402 8
224 418 35
225 226 67
225 239 65
225 263 99
225 284 17
225 293 70
225 321 79
225 372 10
225 375 94
225 482 12
226 227 14
226 404 85
226 457 4
226 462 47
226 469 35
227 228 49
227 241 72
227 282 78
227 429 64
227 478 100
227 489 64
228 229 91
228 235 13
228 266 16
228 279 5
228 309 64
228 362 69
228 371 36
228 373 15
228 378 62
228 415 18
228 416 55
228 418 12
228 425 12
229 230 20
229 246 39
229 278 14
229 298 41
229 303 77
229 324 62
229 343 28
229 391 51
229 402 57
229 404 17
229 408 55
229 425 100
230 231 70
230 287 80
230 295 76
230 305 39
230 417 29
230 420 35
230 434 14
230 453 41
231 232 47
231 250 81
231 255 71
231 258 42
231 271 78
231 344 76
231 351 96
231 360 24
231 372 10
231 454 90
231 484 59
232 233 76
232 239 10
232 253 32
232 282 97
232 291 40
232 304 99
232 307 82
232 340 63
232 427 6
233 234 50
233 235 55
233 254 48
233 258 50
233 308 73
233 322 98
233 331 18
233 389 48
233 417 79
233 428 9
233 495 50
234 235 35
234 305 28
234 315 23
234 337 23
234 355 15
234 458 87
234 494 82
235 236 16
235 277 44
235 453 27
236 237 35
236 267 14
236 295 11
236 317 52
236 360 34
236 389 74
236 400 9
236 454 67
236 470 43
236 478 14
237 238 82
237 249 59
237 318 37
237 345 48
237 361 25
237 435 9
237 441 57
237 446 30
237 454 34
237 494 83
238 239 61
238 247 41
238 306 2
238 385 28
238 416 69
238 441 80
238 446 32
238 450 94
238 451 84
238 472 56
238 495 50
239 240 65
239 264 31
239 334 13
239 347 30
239 412 32
240 241 29
240 320 60
240 351 64
240 480 13
241 242 94
241 292 30
241 316 68
241 347 44
241 383 8
241 421 100
241 484 52
242 243 54
242 289 81
242 320 44
242 345 46
242 350 27
243 244 91
243 341 14
243 357 91
243 385 50
243 416 15
243 421 23
243 447 23
243 484 43
244 245 43
244 286 76
244 292 95
244 327 3
244 334 45
244 340 40
244 352 6
245 246 62
245 261 76
245 263 5
245 264 87
245 270 78
245 397 22
245 430 15
245 456 59
246 247 97
246 378 79
246 417 25
246 432 9
246 439 21
246 441 30
247 248 83
247 290 48
247 325 58
247 339 21
247 352 20
247 371 27
247 383 84
247 407 96
247 479 92
247 480 54
247 489 66
248 249 90
248 288 26
248 292 85
248 321 73
248 341 30
248 355 33
248 357 58
248 390 59
248 420 60
248 430 71
248 444 49
248 479 4
249 250 81
249 307 76
249 311 68
249 362 51
249 365 94
249 390 32
249 464 75
249 474 44
249 482 25
250 251 16
250 310 89
250 327 9
250 360 31
250 377 10
250 384 35
250 454 18
250 461 79
250 469 15
250 471 92
250 478 21
251 252 76
251 393 57
251 446 93
251 468 23
251 495 20
252 253 97
252 299 31
252 320 18
252 361 37
252 362 81
252 364 62
252 374 19
252 415 79
252 424 81
252 429 35
252 454 100
252 465 6
252 470 25
252 494 5
252 497 82
253 254 65
253 268 43
253 295 29
253 337 24
253 341 98
253 360 25
253 383 38
253 399 38
253 405 39
253 434 67
253 458 58
254 255 25
254 275 94
254 291 93
254 308 39
254 374 49
254 431 63
255 256 70
255 306 96
255 327 5
255 333 28
255 382 36
255 400 37
255 453 30
256 257 81
256 291 27
256 304 22
256 306 23
256 313 2
256 415 28
256 423 97
256 451 55
256 479 24
257 258 16
257 328 44
257 372 16
257 400 89
257 428 52
257 469 88
257 486 54
258 259 45
258 309 89
258 384 60
258 477 31
259 260 5
259 288 74
259 305 15
259 346 58
259 355 10
259 358 90
259 380 1
259 389 79
259 424 31
259 432 14
260 261 36
260 311 42
260 353 32
260 416 75
260 480 60
260 482 80
260 497 17
261 262 34
261 263 83
261 302 60
261 303 50
261 339 25
261 349 50
261 358 4
261 361 52
261 395 46
261 488 85
262 263 51
262 276 50
262 308 21
262 319 83
262 346 88
262 379 95
262 449 84
262 451 34
262 469 76
262 473 18
262 482 16
263 264 37
263 324 91
263 347 12
263 370 31
263 486 100
264 265 38
264 266 88
264 303 73
264 322 53
264 330 8
264 332 39
264 379 13
264 387 46
264 443 86
264 452 88
264 466 35
264 481 1
265 266 83
265 299 70
265 313 30
265 326 61
265 329 70
265 347 68
265 383 73
265 403 73
265 425 43
265 457 71
265 465 20
265 468 29
265 469 79
265 491 33
266 267 80
266 329 45
266 337 38
266 421 26
266 426 42
266 456 28
267 268 9
267 327 34
267 348 22
267 349 46
267 369 77
267 376 92
267 392 90
267 399 74
267 402 85
267 410 99
268 269 28
268 283 87
268 325 77
268 368 75
268 381 73
268 386 88
268 395 68
268 458 18
268 499 45
269 270 95
269 291 62
269 384 29
269 402 19
269 403 74
269 404 74
269 477 66
270 271 44
270 291 29
270 292 24
270 295 86
270 308 20
270 336 4
270 339 25
270 340 36
270 362 26
270 372 71
270 375 39
270 376 5
270 410 88
270 447 96
270 479 58
271 272 29
271 277 84
271 300 34
271 344 75
271 420 48
271 449 12
271 483 48
272 273 53
272 312 47
272 357 58
272 426 91
272 433 36
273 274 70
273 286 5
273 337 82
273 351 31
273 378 98
273 380 93
273 381 94
273 397 86
273 399 18
273 449 4
274 275 90
274 280 11
274 299 64
274 335 72
274 359 61
274 451 53
275 276 46
275 280 27
275 293 45
275 329 8
275 339 34
275 398 9
275 412 44
275 414 80
275 438 21
275 459 57
275 461 42
275 472 61
275 481 40
275 487 36
275 493 54
276 277 11
276 298 4
276 300 66
276 370 77
276 372 13
276 411 52
276 417 88
276 455 72
276 486 33
277 278 1
277 348 87
277 354 51
277 376 69
277 461 95
277 470 39
278 279 35
278 300 5
278 336 49
278 338 64
278 367 93
278 437 82
278 438 44
278 478 71
278 487 78
279 280 95
279 360 47
279 477 15
279 483 77
280 281 49
280 325 42
280 366 39
280 375 5
280 418 70
280 434 78
281 282 90
281 295 84
281 341 17
281 374 14
281 389 99
281 405 93
281 451 51
281 461 22
282 283 39
282 320 76
282 331 53
282 334 9
282 359 53
282 362 56
282 370 26
282 372 80
282 436 15
282 444 63
282 451 17
282 467 96
282 476 24
283 284 63
283 286 100
283 333 33
283 356 24
283 357 46
283 367 55
283 393 10
283 412 99
283 449 35
283 461 68
283 478 72
284 285 1
284 314 73
284 355 58
284 364 3
284 374 68
284 410 54
284 456 96
284 494 76
285 286 38
285 320 79
285 331 49
285 340 41
285 341 95
285 343 11
285 402 45
285 423 6
285 475 2
286 287 100
286 335 21
286 337 92
286 487 56
287 288 32
287 291 58
287 346 31
287 353 16
287 368 1
287 371 53
287 395 67
287 417 100
287 444 51
287 465 35
287 469 66
287 486 45
288 289 24
288 291 36
288 311 9
288 331 27
288 340 26
288 343 41
288 344 24
288 352 88
288 369 8
288 379 21
288 400 17
288 402 25
288 416 82
288 435 24
288 444 52
288 446 55
288 456 18
288 482 19
288 483 9
289 290 82
289 301 24
289 351 84
289 352 82
289 370 47
289 399 46
289 411 49
289 420 93
289 421 7
289 430 27
289 449 48
290 291 2
290 393 74
290 443 65
290 450 12
290 471 62
290 475 33
291 292 63
291 302 49
291 312 69
291 362 99
291 414 75
291 418 4
291 434 89
291 436 81
291 444 83
292 293 5
292 301 30
292 354 13
292 404 84
292 409 77
292 422 22
293 294 55
293 333 83
293 401 100
293 422 71
293 462 25
293 468 95
293 489 95
294 295 67
294 298 71
294 304 73
294 324 16
294 327 27
294 335 74
294 379 73
294 387 69
294 388 96
294 399 93
294 466 17
295 296 11
295 298 58
295 313 80
295 430 28
295 448 90
295 468 91
296 297 82
296 329 100
296 392 63
296 489 28
297 298 54
297 329 23
297 335 65
297 343 54
297 345 16
297 426 8
297 441 39
297 446 12
297 449 90
297 476 6
297 498 18
298 299 27
298 315 41
298 321 83
298 332 75
298 426 17
298 446 96
298 461 78
298 467 15
298 487 61
299 300 89
299 318 20
299 375 99
299 385 4
299 451 95
299 465 92
299 492 99
300 301 83
300 385 93
300 437 19
300 447 72
300 491 39
300 492 30
301 302 15
301 360 21
301 364 91
301 399 92
301 407 69
301 423 81
301 449 53
301 464 74
301 468 78
301 474 48
301 482 89
301 484 39
301 494 14
302 303 60
302 312 94
302 375 26
302 399 71
302 405 28
302 406 94
302 430 36
302 435 41
302 439 66
302 454 26
302 471 51
302 485 24
302 487 96
303 304 20
303 338 71
303 359 49
303 409 91
303 425 50
303 448 6
303 457 62
304 305 72
304 345 93
304 349 74
304 352 9
304 400 71
304 418 86
304 462 66
304 466 60
304 494 88
305 306 49
305 317 95
305 377 94
305 416 73
305 417 22
305 418 93
305 420 61
305 445 19
305 475 76
305 493 31
305 495 63
306 307 82
306 321 50
306 342 21
306 445 80
306 448 50
306 489 92
306 496 85
307 308 27
307 312 19
307 327 30
307 461 65
307 471 17
307 484 32
308 309 13
308 324 78
308 380 81
308 417 51
308 424 18
308 428 17
309 310 87
309 346 49
309 389 12
309 444 55
309 452 24
309 455 65
309 464 99
310 311 39
310 355 49
310 362 56
310 364 50
310 376 47
310 377 21
310 378 33
310 402 31
310 450 100
310 488 45
311 312 16
311 359 12
311 380 37
311 384 40
311 400 85
312 313 45
312 350 9
312 390 35
312 402 58
312 408 20
312 491 45
313 314 56
313 345 53
313 346 73
313 379 66
313 434 3
314 315 95
314 379 89
314 421 95
314 440 42
314 461 87
315 316 12
315 361 57
315 384 70
315 388 88
315 405 55
315 408 73
315 420 40
315 430 78
315 454 27
315 466 4
315 472 50
316 317 8
316 323 52
316 325 29
316 329 1
316 337 99
316 371 95
316 465 97
316 472 73
316 475 60
316 482 89
317 318 53
317 334 80
317 356 69
317 392 49
317 399 29
317 448 65
317 455 62
317 481 94
317 487 1
318 319 9
318 330 46
318 347 68
318 369 95
318 460 89
319 320 86
319 328 90
319 336 67
319 380 43
319 392 72
319 411 87
319 432 41
319 482 54
320 321 68
320 344 20
320 366 26
320 380 82
320 441 38
320 452 75
320 476 85
320 480 69
321 322 8
321 351 85
321 361 33
321 371 70
321 392 94
321 395 100
321 398 56
321 408 50
321 490 26
322 323 75
322 341 80
322 344 70
322 381 38
322 389 13
322 391 41
322 401 37
322 404 29
322 450 83
322 462 81
322 478 52
323 324 16
323 359 100
323 410 96
323 431 13
323 491 7
323 493 28
324 325 99
324 343 30
324 390 55
324 417 63
324 448 29
325 326 77
325 400 97
325 406 67
325 409 34
325 417 29
325 459 20
325 499 69
326 327 80
326 332 71
326 344 3
326 373 19
326 403 48
326 415 70
326 419 71
326 447 8
326 454 13
327 328 88
327 341 4
327 373 77
327 418 89
327 499 88
328 329 23
328 330 13
328 342 67
328 343 72
328 346 10
328 363 34
328 406 89
328 412 86
328 457 48
328 478 29
329 330 13
329 343 47
329 391 78
329 398 78
330 331 94
330 343 72
330 356 83
330 370 25
330 427 12
330 456 12
330 478 1
330 483 1
330 495 98
331 332 12
331 355 98
331 368 73
331 445 67
331 483 77
332 333 83
332 343 33
332 348 30
332 363 84
332 393 87
332 399 29
333 334 45
333 374 6
333 424 9
333 465 20
333 482 55
333 492 8
334 335 33
334 339 74
334 348 14
334 360 59
334 361 17
334 435 98
334 496 40
335 336 96
335 342 36
335 391 26
335 404 24
335 410 70
335 419 50
335 423 84
335 438 51
335 489 46
336 337 42
336 376 6
336 382 67
336 401 86
336 404 17
336 408 69
336 456 50
337 338 40
337 358 87
337 378 59
337 413 55
337 450 15
337 473 38
337 491 66
337 497 9
338 339 40
338 410 19
338 430 8
338 431 30
338 469 20
339 340 16
339 351 4
339 358 10
339 387 100
339 411 12
339 413 23
339 437 29
340 341 66
340 353 49
340 444 30
340 469 6
340 485 47
341 342 58
341 433 46
341 447 39
341 480 12
341 484 64
342 343 41
342 373 99
342 388 90
342 451 4
342 470 16
342 476 45
343 344 3
343 407 100
343 449 82
343 470 59
343 475 33
343 490 71
344 345 81
344 359 76
344 395 57
344 397 10
344 411 19
344 422 84
344 434 38
344 486 60
344 487 58
345 346 2
345 366 18
345 394 15
345 402 88
345 426 15
345 427 54
345 461 25
345 463 67
346 347 11
346 370 52
346 393 28
346 400 59
346 402 87
346 463 65
346 474 97
346 488 94
346 495 31
347 348 11
347 413 65
347 425 93
347 448 62
347 472 64
347 473 97
348 349 91
348 402 59
348 405 44
349 350 85
349 354 23
349 356 95
349 366 29
349 409 35
349 490 24
350 351 43
350 367 88
350 383 7
350 414 88
350 488 92
351 352 96
351 391 41
351 392 51
351 404 68
351 411 11
351 442 95
351 443 53
351 466 82
352 353 84
352 480 11
353 354 88
353 383 100
353 384 55
353 407 83
353 411 62
353 438 100
353 494 5
353 499 57
354 355 55
354 387 56
354 393 93
354 399 63
354 400 79
354 408 60
354 435 5
354 451 10
354 486 98
355 356 24
355 381 68
355 388 31
355 407 93
356 357 67
356 394 47
356 484 57
356 493 69
357 358 65
357 391 39
357 442 66
358 359 17
358 428 16
358 432 69
359 360 47
359 364 71
359 375 72
359 382 57
359 393 69
359 418 30
359 442 47
359 470 17
360 361 51
360 387 8
360 425 77
360 469 6
360 470 14
360 476 66
361 362 12
361 371 99
361 410 36
361 495 31
362 363 54
362 375 98
362 395 69
362 433 83
362 438 41
363 364 11
363 365 97
363 377 15
363 396 2
363 401 35
363 409 68
363 457 100
363 491 78
364 365 9
364 449 40
365 366 2
365 378 43
365 382 85
365 404 46
366 367 58
366 398 32
366 458 11
366 477 48
366 482 6
366 494 6
367 368 1
367 407 17
367 428 91
367 434 49
367 469 56
367 486 81
368 369 51
368 381 47
368 459 56
368 474 76
369 370 38
369 392 11
370 371 100
370 393 12
370 420 54
370 423 96
370 457 46
370 474 25
370 483 4
370 495 76
371 372 22
371 393 54
372 373 49
372 389 33
372 421 24
372 423 60
372 431 29
372 435 64
372 483 78
372 491 52
373 374 31
373 426 58
373 445 59
373 467 9
373 479 44
373 492 66
374 375 59
374 410 91
374 456 47
375 376 2
375 458 38
376 377 48
376 396 86
376 463 44
377 378 15
377 383 74
377 432 92
377 473 14
377 483 55
378 379 56
378 447 55
378 452 6
379 380 1
379 383 85
379 392 65
379 399 22
379 459 27
379 467 12
379 474 31
379 480 83
380 381 5
380 427 84
380 462 63
380 481 42
381 382 30
381 426 90
381 442 39
382 383 38
382 408 89
383 384 85
383 399 7
383 410 33
383 447 94
383 453 15
383 471 15
384 385 45
384 409 41
384 410 3
384 461 48
384 485 11
385 386 24
385 430 19
385 436 14
385 439 8
385 448 86
386 387 26
386 399 29
386 444 20
386 458 85
386 485 37
386 489 70
387 388 95
387 403 47
387 422 64
387 462 19
387 499 4
388 389 38
388 395 24
388 399 81
388 419 100
388 430 46
388 434 25
388 436 96
388 440 18
388 451 38
388 465 12
388 496 85
389 390 43
389 392 4
389 405 5
389 418 57
389 423 35
389 449 96
389 471 69
389 488 33
390 391 36
390 423 16
390 445 57
390 464 78
390 482 1
391 392 93
391 395 95
391 422 89
392 393 34
392 463 97
393 394 100
393 408 56
393 439 83
393 455 82
393 474 32
394 395 79
394 404 95
394 419 2
394 434 43
394 470 15
395 396 51
395 473 1
395 489 9
395 494 83
396 397 46
396 439 64
397 398 44
397 420 98
398 399 89
398 436 26
398 450 68
398 455 34
398 467 24
398 485 33
398 492 67
399 400 70
399 405 59
399 424 17
399 434 53
399 442 11
400 401 24
400 442 11
400 455 92
401 402 27
401 404 8
401 466 45
401 473 9
401 474 58
401 482 75
401 499 7
402 403 67
402 412 43
402 421 21
402 435 67
402 479 59
403 404 72
403 424 21
403 428 75
403 451 14
403 488 100
404 405 27
404 411 95
404 440 100
405 406 15
405 453 5
405 463 10
405 467 40
405 475 70
405 483 83
405 488 15
405 489 51
406 407 98
406 428 75
406 442 48
406 450 65
407 408 8
407 446 23
407 460 37
407 496 93
408 409 1
408 425 48
408 441 55
408 454 100
408 483 33
408 495 85
409 410 48
409 414 75
409 421 71
409 422 41
409 429 82
409 431 81
409 438 56
409 481 49
410 411 2
410 447 77
410 460 69
410 473 55
411 412 15
411 427 42
411 435 13
411 443 52
411 488 82
412 413 56
412 423 9
412 429 56
412 469 16
412 488 74
412 493 76
413 414 19
413 415 95
413 465 11
414 415 19
414 490 44
415 416 79
415 487 6
415 495 73
416 417 27
416 424 100
416 428 23
416 459 35
417 418 19
417 426 21
417 441 65
417 468 60
418 419 51
418 428 32
418 437 88
418 494 20
419 420 47
419 433 56
419 457 76
419 473 7
420 421 91
420 448 61
420 451 94
420 467 12
420 471 98
420 479 16
420 480 81
421 422 90
421 427 79
421 465 76
422 423 98
422 425 16
422 451 36
422 461 2
422 470 55
422 481 94
422 487 100
423 424 71
423 444 24
423 462 83
424 425 28
424 430 96
424 463 88
424 482 72
425 426 86
425 474 5
425 479 45
426 427 72
426 472 95
427 428 86
427 480 13
428 429 77
429 430 15
429 465 6
429 470 95
429 480 92
429 492 90
430 431 87
430 493 81
431 432 93
431 446 41
431 453 79
431 462 61
431 463 81
431 481 85
431 484 92
431 487 15
432 433 68
432 441 85
432 476 48
433 434 14
433 482 57
434 435 87
434 475 47
434 477 23
434 481 73
435 436 80
435 472 41
435 476 95
435 499 35
436 437 1
436 465 28
436 474 46
437 438 36
437 492 66
438 439 18
438 447 46
438 480 41
439 440 84
439 494 31
440 441 23
440 464 56
440 477 19
440 485 18
440 494 92
441 442 7
441 450 70
442 443 84
442 452 30
442 467 74
443 444 24
443 451 81
443 455 86
443 485 29
443 495 32
444 445 58
444 458 52
444 480 52
445 446 88
446 447 5
446 466 29
446 496 97
447 448 49
447 451 43
447 479 49
447 491 18
447 495 65
448 449 65
448 457 41
448 459 69
448 483 55
448 493 6
449 450 8
450 451 70
450 453 83
450 474 51
450 487 69
451 452 28
451 464 8
451 467 57
451 473 39
451 496 50
451 498 18
452 453 7
452 459 100
452 476 69
452 487 90
452 489 44
452 490 60
453 454 40
453 455 57
454 455 68
454 471 77
454 487 63
455 456 26
456 457 89
456 468 3
456 477 63
456 483 67
456 493 17
457 458 92
457 485 75
457 489 37
458 459 96
459 460 5
459 461 15
459 473 42
459 484 86
459 489 16
460 461 43
460 475 17
460 483 56
461 462 79
461 495 4
462 463 39
462 477 65
462 485 44
463 464 36
463 490 97
464 465 83
464 493 32
465 466 92
465 491 43
466 467 63
466 484 91
466 491 94
467 468 85
467 488 49
468 469 89
468 485 78
469 470 69
470 471 4
470 491 89
471 472 11
471 481 56
472 473 10
473 474 19
473 475 97
473 498 63
474 475 36
475 476 11
476 477 59
477 478 2
478 479 93
478 485 35
478 497 75
479 480 43
479 490 53
480 481 52
481 482 82
482 483 55
482 493 100
483 484 18
483 485 24
484 485 41
485 486 96
485 488 8
485 491 11
485 497 30
486 487 15
487 488 4
488 489 84
489 490 92
490 491 85
491 492 66
492 493 90
493 494 77
494 495 31
495 496 94
496 497 16
497 498 43
498 499 95
499 500 53
