200 785 40 2734
1 3 12 19 25 29 31 40 46 47 50 54 55 58 61 67 70 72 77 88 90 96 98 101 108 122 125 126 129 132 143 148 151 154 168 176 181 182 192 200 
1 2 85
1 138 15
1 161 7
1 191 18
1 200 71
2 3 34
2 6 40
2 7 55
2 27 56
2 44 5
2 50 58
2 66 98
2 74 65
2 76 31
2 80 30
2 92 18
2 154 47
2 167 94
3 4 91
3 9 39
3 32 38
3 37 47
3 40 53
3 64 59
3 76 10
3 107 29
4 5 8
4 92 80
4 101 15
4 132 67
4 139 72
4 194 80
5 6 75
5 20 34
5 37 49
5 69 97
5 71 49
5 108 54
5 130 52
5 144 45
5 152 70
5 153 73
6 7 70
6 67 5
6 116 80
6 122 32
6 130 98
6 149 72
6 168 88
7 8 73
7 101 54
7 114 41
7 117 26
7 118 100
7 146 98
7 178 14
7 186 81
7 188 73
8 9 74
8 17 10
8 126 5
8 145 90
8 187 5
9 10 8
9 29 78
9 37 32
9 192 96
10 11 57
10 39 22
10 69 89
10 85 100
10 88 56
10 105 23
10 106 81
10 135 56
10 182 12
10 198 7
11 12 88
11 19 16
11 75 49
11 84 71
11 151 25
11 192 79
11 195 8
12 13 90
12 14 12
12 18 12
12 27 5
12 30 21
12 41 80
12 78 12
12 97 27
12 126 53
13 14 75
13 31 35
13 53 87
13 91 20
13 162 49
13 180 52
14 15 5
14 70 36
14 76 80
14 91 36
14 112 82
14 163 10
14 192 56
15 16 59
15 44 53
15 80 73
15 183 15
16 17 56
16 18 87
16 33 89
16 51 54
16 76 21
16 119 78
16 168 11
16 188 10
16 189 76
16 199 27
17 18 32
17 30 11
17 33 67
17 185 10
17 187 35
17 195 75
18 19 51
18 24 75
18 56 22
18 83 32
18 87 70
18 102 42
18 115 48
18 186 12
19 20 66
19 38 20
19 59 76
19 100 40
19 102 75
19 172 95
20 21 36
20 113 97
20 143 66
20 178 47
21 22 27
21 62 75
21 91 76
21 117 57
21 146 14
21 151 8
21 174 18
21 185 64
22 23 27
22 27 23
22 63 29
22 67 81
22 143 80
22 149 77
22 152 35
22 174 59
23 24 34
23 133 30
23 151 79
23 186 54
23 189 79
23 191 28
24 25 37
25 26 10
25 50 86
25 64 36
25 78 39
25 80 73
25 128 13
25 146 21
25 147 14
25 157 17
25 199 7
26 27 41
26 49 75
26 57 53
26 80 89
26 93 56
26 161 24
27 28 74
27 44 10
27 111 70
28 29 43
28 68 37
28 112 72
28 114 28
28 115 31
28 193 30
28 197 47
29 30 13
29 61 47
29 103 88
29 127 31
29 144 28
29 171 42
29 184 59
29 185 30
29 187 44
29 190 2
30 31 18
30 108 55
30 129 27
30 147 97
30 191 21
31 32 52
31 65 28
31 86 5
31 93 5
31 123 8
31 130 85
32 33 49
32 42 74
32 139 99
33 34 56
33 44 11
33 72 8
33 184 60
34 35 77
34 45 12
34 62 76
34 65 18
34 134 47
34 135 27
34 139 17
35 36 77
35 109 39
35 114 53
35 129 25
35 135 88
35 182 11
35 185 60
35 188 85
36 37 85
36 39 48
36 108 94
36 118 87
36 132 22
36 142 36
36 151 30
36 167 33
37 38 57
37 46 61
37 76 74
37 92 72
37 123 76
37 131 64
37 161 93
37 182 76
38 39 17
38 57 5
38 61 50
38 103 95
39 40 14
39 48 92
39 78 81
39 79 29
39 97 32
39 118 35
39 136 4
40 41 19
40 65 45
40 169 84
40 173 46
40 190 88
40 194 10
41 42 11
41 107 33
41 162 57
41 164 44
41 188 63
42 43 60
42 49 99
42 67 56
42 97 83
42 107 91
42 109 72
42 143 98
42 152 66
42 170 99
43 44 81
43 115 48
43 137 73
43 193 26
44 45 68
44 77 91
44 101 66
44 118 3
44 187 80
44 199 44
45 46 26
45 47 61
45 53 40
45 138 88
45 148 1
45 171 28
46 47 25
46 71 99
46 90 44
46 112 29
46 133 56
46 160 9
46 178 2
46 193 8
47 48 91
47 58 54
47 110 25
47 117 63
47 174 13
47 175 7
48 49 46
48 64 37
48 169 66
49 50 59
49 101 12
49 145 19
49 146 78
49 147 38
49 164 29
49 184 24
50 51 30
50 79 75
50 114 70
51 52 73
51 73 42
51 123 84
51 147 50
51 183 20
51 194 50
52 53 2
52 85 22
52 191 88
52 195 71
53 54 55
53 60 98
53 100 58
53 129 12
53 137 69
53 162 20
53 185 89
54 55 91
54 60 30
54 100 55
54 133 58
54 136 84
54 147 41
54 182 70
55 56 71
55 147 84
56 57 88
56 62 98
56 63 86
56 100 73
56 102 40
56 139 45
56 181 99
56 185 51
56 197 74
57 58 45
57 95 83
57 169 39
57 183 48
58 59 35
58 156 40
59 60 83
59 91 19
59 118 88
59 158 97
59 165 80
60 61 64
60 110 47
60 134 48
60 172 57
60 193 78
61 62 51
61 81 6
61 97 60
61 104 27
61 151 29
62 63 67
62 92 49
62 104 34
62 115 19
62 134 14
62 154 75
62 175 41
62 184 70
63 64 32
63 65 56
63 94 13
63 170 18
63 183 22
63 197 76
64 65 30
64 111 79
65 66 8
65 96 10
65 130 60
65 161 100
65 164 22
66 67 44
66 88 79
66 99 44
66 109 60
66 112 5
66 117 64
66 182 8
66 197 74
67 68 15
67 94 61
67 109 24
67 129 52
67 131 19
67 155 54
68 69 62
68 78 56
68 169 90
68 172 38
68 175 61
69 70 4
69 76 26
69 81 35
69 99 41
69 110 7
69 119 87
69 160 30
70 71 14
70 105 5
70 137 19
70 150 3
70 157 14
70 180 26
70 184 51
71 72 56
71 90 64
71 102 97
71 115 79
72 73 65
72 84 49
72 123 39
72 130 4
72 134 1
72 149 56
72 162 71
72 186 52
72 199 38
73 74 68
73 90 31
73 152 71
74 75 32
74 130 13
74 178 48
75 76 5
75 95 41
76 77 97
76 85 40
76 91 47
76 121 19
76 148 75
76 161 61
76 163 88
77 78 44
77 79 4
77 80 41
77 147 91
77 162 87
78 79 82
78 129 40
78 131 35
78 138 34
79 80 47
79 93 41
79 164 49
80 81 52
80 121 70
80 149 75
80 160 71
81 82 45
81 120 26
81 134 82
81 150 78
81 164 1
82 83 41
82 97 64
82 119 24
82 120 35
82 151 17
82 158 11
82 163 38
82 164 23
82 172 47
82 174 20
83 84 98
83 106 70
83 170 68
83 172 37
83 184 98
83 187 43
84 85 17
84 109 82
84 129 17
84 130 62
84 141 79
84 143 95
84 154 35
84 168 77
85 86 18
85 101 100
85 171 27
85 186 17
86 87 52
86 114 98
86 147 24
86 165 91
86 173 24
86 174 46
87 88 61
87 95 71
87 120 31
87 129 36
87 158 68
88 89 28
88 135 54
88 164 90
88 179 63
89 90 85
89 112 70
89 161 83
89 176 60
89 178 95
90 91 11
90 103 20
90 109 93
90 171 29
91 92 64
91 133 41
91 185 36
92 93 96
92 170 53
93 94 59
94 95 35
94 101 71
94 154 89
94 161 3
95 96 37
95 132 6
95 153 62
95 154 45
95 183 26
96 97 40
96 166 49
96 168 89
96 172 7
97 98 99
97 160 31
98 99 2
98 107 90
98 137 80
99 100 91
99 171 67
99 178 66
99 180 50
100 101 82
100 157 65
101 102 24
101 131 87
101 134 57
101 158 55
102 103 95
102 192 42
103 104 98
103 161 84
103 163 80
103 192 90
104 105 55
104 141 49
105 106 80
105 127 90
105 168 82
105 182 97
106 107 88
106 171 67
106 180 41
106 190 20
107 108 7
107 109 37
107 148 54
108 109 5
108 149 84
108 171 69
108 182 35
109 110 54
109 189 44
110 111 7
110 150 41
110 175 88
111 112 58
111 190 100
112 113 81
112 121 52
112 194 27
113 114 57
113 143 14
113 145 52
113 184 58
114 115 21
114 126 19
114 154 38
114 155 59
114 194 17
115 116 61
115 130 99
115 144 73
115 148 3
116 117 87
116 149 18
116 150 6
116 165 79
117 118 78
117 119 21
117 158 27
117 171 90
117 196 97
118 119 23
118 153 25
118 154 36
118 161 30
118 168 1
119 120 25
119 122 17
120 121 12
121 122 3
121 176 61
122 123 83
122 159 8
122 187 74
123 124 96
123 162 49
123 164 36
124 125 77
124 186 1
125 126 81
125 153 45
125 167 4
126 127 48
126 141 1
126 151 18
126 160 3
127 128 40
128 129 54
129 130 79
129 146 18
130 131 48
130 163 73
131 132 79
131 175 2
132 133 36
132 165 86
133 134 18
133 170 27
134 135 49
134 151 40
135 136 17
135 182 10
135 188 53
136 137 53
137 138 8
137 173 90
137 176 100
137 189 90
138 139 72
138 142 60
139 140 73
139 142 58
139 161 89
139 183 80
140 141 16
140 155 69
140 166 42
141 142 17
142 143 37
142 149 13
142 156 70
143 144 49
143 170 10
143 192 78
144 145 47
144 151 47
144 155 32
144 173 90
145 146 30
146 147 93
147 148 89
147 153 1
148 149 4
148 162 10
148 197 51
149 150 55
150 151 44
150 156 78
151 152 6
152 153 18
153 154 87
153 186 69
154 155 3
154 186 11
155 156 99
155 166 91
155 179 13
155 184 3
156 157 79
156 168 46
157 158 94
157 167 76
157 170 81
157 192 92
158 159 27
158 196 94
159 160 53
159 184 74
159 186 53
159 191 99
159 197 97
160 161 100
160 191 57
161 162 91
161 165 47
161 166 92
161 175 93
161 179 48
162 163 4
163 164 29
164 165 56
165 166 95
165 171 26
165 182 2
166 167 66
166 168 96
167 168 98
168 169 3
168 179 65
168 196 2
169 170 13
169 197 38
170 171 100
171 172 91
171 190 59
172 173 36
173 174 32
174 175 36
174 178 47
175 176 61
175 197 53
176 177 99
177 178 35
177 187 93
178 179 96
179 180 88
180 181 37
181 182 92
182 183 8
183 184 68
184 185 82
184 190 80
185 186 14
186 187 18
187 188 71
188 189 96
189 190 91
189 192 83
190 191 58
191 192 85
192 193 53
193 194 38
193 197 77
194 195 31
195 196 78
195 197 40
196 197 26
197 198 36
198 199 87
199 200 56
