300 1772 5 7696
24 31 98 167 201 
1 2 49
1 40 56
1 88 44
1 91 57
1 93 26
1 102 96
1 119 100
1 144 20
1 145 74
1 151 72
1 163 4
1 170 21
1 212 36
1 243 13
1 300 51
2 3 71
2 66 25
2 131 11
2 157 28
2 214 98
2 232 31
2 241 68
2 279 95
3 4 83
3 19 60
3 97 51
3 141 74
3 208 50
3 230 97
3 270 8
3 273 24
3 280 7
4 5 31
4 29 17
4 61 1
4 118 11
4 163 73
4 171 13
4 178 6
4 207 72
4 214 64
4 229 71
4 264 1
4 282 31
4 299 16
5 6 30
5 9 2
5 52 93
5 84 80
5 167 25
5 193 87
5 220 71
5 223 85
5 283 96
5 296 58
6 7 37
6 50 6
6 71 76
6 82 78
6 137 15
6 138 55
6 176 12
6 225 66
6 240 64
6 245 48
7 8 40
7 19 92
7 70 49
7 114 17
7 187 39
7 191 49
7 233 80
7 262 86
7 265 27
8 9 58
8 21 61
8 59 28
8 92 26
8 113 38
8 154 58
8 161 6
8 162 31
8 208 67
8 247 18
9 10 40
9 21 11
9 28 87
9 67 86
9 69 10
9 138 22
9 152 61
9 160 77
9 255 55
10 11 59
10 44 95
10 69 20
10 73 3
10 75 50
10 164 87
10 169 79
10 210 10
10 226 85
10 227 35
10 237 28
10 252 95
10 281 65
11 12 80
11 64 9
11 66 18
11 80 12
11 82 45
11 117 18
11 133 8
11 144 44
11 243 8
11 248 100
12 13 41
12 35 39
12 53 17
12 59 16
12 136 26
12 143 62
12 147 28
12 151 73
12 200 51
12 218 76
12 245 72
13 14 16
13 58 26
13 59 34
13 61 40
13 74 2
13 97 14
13 148 67
13 157 68
13 185 40
13 203 69
13 272 37
13 288 64
13 298 90
14 15 48
14 22 5
14 31 84
14 36 73
14 59 10
14 88 30
14 121 37
14 170 100
14 201 4
14 203 100
14 254 27
14 294 8
15 16 95
15 30 59
15 59 63
15 68 34
15 93 50
15 157 73
15 194 79
15 209 53
15 279 61
16 17 45
16 49 59
16 79 4
16 92 9
16 102 89
16 158 79
16 177 9
16 221 57
16 238 59
16 257 94
16 264 90
16 265 57
16 285 6
17 18 39
17 35 52
17 66 27
17 73 52
17 99 29
17 102 19
17 105 68
17 115 100
17 139 33
17 144 14
17 163 14
17 180 31
17 184 35
17 199 98
17 220 22
17 264 56
17 270 59
18 19 30
18 120 33
18 124 48
18 135 89
18 179 67
18 201 79
18 229 33
18 272 90
18 285 4
18 290 99
19 20 56
19 53 88
19 55 31
19 60 67
19 143 71
19 159 54
19 163 36
19 176 88
19 214 44
19 244 81
20 21 88
20 45 54
20 73 46
20 74 83
20 81 77
20 119 57
20 154 49
20 177 39
20 228 28
21 22 56
21 88 95
21 122 39
21 160 16
21 220 33
21 222 95
21 247 90
21 260 1
22 23 91
22 45 28
22 63 5
22 112 95
22 116 24
22 138 31
22 143 26
22 182 23
22 238 28
22 245 59
22 265 30
22 279 1
23 24 97
23 43 7
23 49 64
23 111 28
23 131 44
23 179 26
23 188 44
23 211 8
23 252 29
23 272 100
23 297 77
24 25 69
24 61 11
24 73 19
24 74 6
24 183 1
24 198 24
24 224 47
24 225 7
24 254 8
24 289 60
25 26 20
25 48 86
25 181 80
25 200 29
25 205 54
25 257 94
26 27 36
26 60 93
26 175 57
26 214 37
26 216 89
26 297 22
27 28 34
27 116 28
27 143 16
27 149 84
27 154 10
27 209 79
27 248 55
27 252 80
27 259 76
27 282 19
28 29 34
28 61 29
28 75 33
28 114 18
28 119 66
28 136 50
28 143 14
28 168 40
28 177 64
28 186 86
28 222 85
28 231 9
28 240 14
28 241 23
28 260 47
28 285 44
29 30 39
29 41 18
29 52 34
29 66 58
29 102 51
29 133 60
29 146 23
29 157 22
29 158 48
29 239 46
30 31 5
30 46 4
30 49 96
30 100 85
30 103 41
30 118 63
30 176 79
30 235 69
30 256 3
30 258 48
30 262 41
31 32 86
31 94 17
31 132 89
31 186 5
31 204 4
31 214 42
31 226 47
31 284 11
32 33 49
32 46 74
32 58 81
32 85 64
32 108 10
32 130 61
32 147 20
32 172 58
32 187 69
32 198 75
32 239 17
32 271 18
33 34 19
33 41 70
33 70 42
33 75 29
33 174 70
33 283 60
34 35 25
34 125 14
34 152 83
34 185 88
34 199 67
34 224 4
34 233 55
35 36 13
35 38 82
35 106 54
35 117 69
35 162 69
35 168 91
35 203 30
35 211 91
35 249 13
35 258 63
35 259 70
35 291 71
36 37 93
36 69 78
36 72 71
36 87 88
36 107 86
36 143 43
36 254 60
36 298 83
37 38 73
37 92 37
37 111 84
37 114 99
37 121 89
37 165 10
37 203 25
37 221 32
38 39 2
38 57 67
38 68 97
38 83 45
38 117 47
38 125 69
38 157 55
38 175 93
38 208 99
38 214 90
38 215 97
38 225 97
38 254 64
38 256 51
38 292 100
38 295 88
39 40 29
39 41 20
39 44 33
39 88 70
39 260 85
39 284 62
40 41 58
40 50 62
40 59 61
40 67 42
40 95 6
40 106 51
40 185 2
40 196 79
40 259 80
40 277 87
40 291 49
40 297 76
41 42 85
41 43 66
41 50 98
41 59 4
41 69 81
41 74 14
41 113 25
41 183 54
41 213 41
41 262 92
41 265 25
41 267 55
41 276 76
42 43 10
42 44 57
42 63 70
42 78 90
42 96 82
42 103 14
42 131 64
42 183 65
42 205 55
42 224 89
42 230 47
42 236 75
42 286 45
42 299 59
43 44 14
43 87 39
43 97 28
43 102 97
43 124 49
43 126 27
43 133 23
43 166 81
43 172 43
43 180 94
43 210 77
44 45 99
44 52 31
44 69 17
44 72 11
44 80 98
44 100 65
44 117 86
44 147 73
44 177 21
44 197 23
44 237 24
44 286 88
45 46 90
45 49 64
45 51 40
45 63 33
45 74 24
45 201 76
46 47 71
46 55 97
46 56 64
46 125 39
46 126 65
46 127 51
46 178 31
47 48 84
47 84 29
47 96 25
47 191 75
47 200 98
47 222 100
47 223 37
47 228 32
47 229 44
47 235 78
47 237 42
47 268 95
47 297 53
48 49 68
48 50 99
48 62 95
48 63 91
48 74 81
48 89 66
48 90 94
48 101 62
48 142 53
48 147 61
48 191 8
48 214 45
48 222 15
48 245 44
48 285 74
48 297 99
49 50 64
49 54 100
49 86 78
49 94 5
49 145 21
49 170 15
49 191 57
49 233 28
49 252 45
50 51 14
50 99 1
50 107 37
50 137 15
50 160 55
50 167 62
50 226 90
50 227 93
51 52 43
51 63 92
51 95 66
51 126 28
51 153 8
51 171 53
51 195 5
51 199 10
51 292 40
52 53 57
52 70 48
52 100 27
52 135 7
52 166 91
52 168 68
53 54 30
53 55 69
53 132 7
53 146 72
53 152 80
53 284 78
54 55 43
54 109 30
54 139 7
54 146 14
54 184 82
54 192 42
54 293 22
55 56 15
55 80 37
55 94 20
55 112 78
55 113 82
55 140 93
55 184 19
55 193 1
55 194 5
55 215 50
55 220 84
56 57 42
56 113 84
56 137 64
56 218 17
56 298 12
57 58 75
57 66 49
57 92 15
57 115 50
57 160 63
57 179 3
57 261 84
57 264 86
58 59 5
58 66 27
58 85 8
58 178 13
58 227 77
58 233 58
58 235 14
58 287 99
59 60 97
59 96 53
59 100 2
59 101 38
59 130 33
59 147 72
59 196 43
59 205 81
59 209 11
59 232 85
59 264 58
59 284 54
59 288 31
60 61 97
60 79 47
60 124 51
60 125 11
60 145 71
60 179 90
60 191 13
60 220 65
60 265 53
61 62 34
61 116 10
61 117 36
61 136 36
61 174 61
61 197 77
61 210 55
61 258 91
61 264 45
61 267 18
61 279 48
61 287 86
62 63 71
62 107 99
62 116 29
62 126 44
62 136 61
62 140 38
62 156 86
62 158 93
62 166 54
62 221 89
62 250 62
62 266 47
62 269 52
63 64 92
63 75 52
63 118 40
63 199 25
63 210 28
63 240 7
64 65 8
64 131 65
64 166 14
64 175 10
64 177 3
64 217 88
64 228 20
64 231 64
64 282 90
64 290 72
64 298 62
65 66 68
65 109 30
65 111 54
65 129 3
65 161 55
65 169 2
65 176 65
65 244 22
65 248 39
65 286 17
66 67 75
66 147 1
66 189 79
66 232 56
66 299 8
67 68 44
67 75 99
67 95 68
67 128 46
67 136 14
67 148 92
67 260 79
67 276 34
68 69 89
68 83 4
68 88 82
68 98 1
68 119 19
68 127 48
68 181 74
68 197 73
68 228 3
68 231 100
68 243 4
68 254 35
68 267 60
68 277 21
69 70 57
69 157 42
69 159 76
69 214 62
69 231 21
70 71 3
70 72 10
70 84 89
70 111 65
70 152 99
70 219 72
70 225 98
70 227 75
70 240 40
70 244 35
70 262 99
70 264 29
70 275 78
71 72 96
71 180 86
71 188 34
71 214 41
71 234 25
71 238 96
71 257 66
71 272 70
72 73 14
72 118 45
72 142 28
72 146 13
72 155 91
72 161 10
72 215 59
72 284 12
72 288 82
73 74 32
73 124 74
73 128 49
73 147 13
73 196 6
73 199 19
73 232 14
73 283 29
74 75 25
74 100 46
74 115 50
74 123 35
74 128 56
74 129 93
74 133 61
74 203 84
74 220 8
74 239 39
74 254 37
74 297 47
75 76 95
75 83 72
75 123 27
75 199 10
75 205 14
75 218 11
75 252 19
75 289 80
76 77 8
76 93 90
76 115 39
76 211 33
76 261 14
77 78 82
77 124 27
77 135 70
77 169 40
77 216 67
77 229 38
77 243 70
77 252 99
77 253 9
77 279 39
78 79 93
78 147 63
78 195 31
78 213 41
78 236 29
78 287 21
78 293 75
79 80 23
79 117 27
79 128 9
79 144 50
79 167 1
79 191 71
79 208 76
79 214 62
79 229 89
79 292 66
79 297 50
80 81 28
80 121 44
80 132 53
80 175 94
80 220 23
80 221 88
81 82 12
81 149 68
81 159 86
81 218 85
81 250 65
81 254 47
81 279 57
81 298 56
82 83 30
82 118 17
82 172 52
82 242 77
82 281 87
82 299 88
83 84 23
83 142 28
83 143 47
83 175 47
83 202 48
83 206 44
83 208 53
83 219 71
83 222 17
84 85 76
84 89 35
84 94 25
84 174 50
84 187 99
84 193 66
85 86 38
85 127 13
85 196 39
85 198 99
85 208 32
86 87 95
86 107 16
86 146 1
86 152 82
86 154 93
86 177 77
86 200 32
86 230 92
86 291 17
87 88 40
87 129 89
87 199 73
87 209 25
87 265 79
87 271 28
87 294 96
88 89 1
88 116 59
88 117 25
88 127 34
88 171 57
89 90 63
89 130 50
89 152 19
90 91 77
90 104 49
90 113 83
90 129 66
90 163 24
90 211 29
90 226 15
90 246 15
90 272 99
90 295 37
91 92 89
91 100 42
91 133 40
91 170 89
91 182 30
91 226 40
91 247 49
91 281 12
91 282 51
92 93 96
92 141 94
92 166 13
92 167 61
92 189 79
92 197 54
92 198 92
92 227 93
92 248 33
92 266 25
92 267 37
92 292 3
92 294 1
93 94 41
93 125 83
93 139 28
93 142 59
93 147 93
93 163 49
93 173 52
93 196 58
93 260 49
93 273 61
94 95 32
94 106 57
94 168 94
94 229 10
95 96 2
95 99 87
95 108 37
95 155 35
95 173 58
95 203 87
95 256 48
95 269 76
95 274 36
95 281 100
96 97 27
96 118 11
96 167 83
96 191 81
96 207 20
96 229 58
96 233 54
96 267 5
97 98 24
97 153 25
97 166 24
97 180 40
97 211 99
97 218 93
97 279 78
97 298 86
98 99 11
98 129 10
98 167 23
98 173 4
98 177 5
98 194 94
98 205 19
99 100 18
99 108 90
99 253 29
100 101 7
100 131 69
100 139 28
100 146 50
100 234 6
100 273 28
101 102 89
101 125 53
101 126 43
101 231 66
101 241 96
101 249 78
101 275 96
101 294 18
102 103 100
102 108 24
102 132 55
102 133 88
102 144 50
102 155 33
102 160 15
102 182 3
102 201 55
102 222 36
102 267 63
102 269 12
102 291 82
103 104 64
103 110 28
103 124 44
103 130 20
103 173 33
103 180 66
103 181 61
103 205 90
103 274 20
103 285 3
103 292 27
103 295 67
104 105 2
104 111 51
104 112 9
104 148 38
104 165 16
104 182 53
104 190 53
104 257 78
104 263 76
104 270 44
105 106 49
105 157 51
105 165 39
105 211 88
105 244 4
105 247 15
105 248 6
105 249 79
105 251 70
105 264 70
106 107 51
106 127 14
106 165 18
106 183 58
106 253 53
106 264 84
106 267 17
107 108 52
107 136 95
107 174 70
107 179 9
107 183 3
107 240 99
107 241 28
107 250 6
107 275 25
107 279 82
107 285 54
108 109 14
108 125 24
108 177 52
108 186 21
108 234 87
108 239 29
108 242 85
108 274 99
108 280 51
108 284 34
109 110 18
109 128 2
109 157 9
109 178 19
109 236 75
110 111 99
110 149 64
110 150 27
110 222 48
110 224 27
110 246 50
110 296 17
111 112 60
111 162 53
111 193 28
111 204 33
111 254 19
112 113 51
112 124 25
112 130 64
112 166 4
112 172 50
112 258 40
112 271 89
113 114 62
113 131 26
113 134 23
113 137 55
113 171 28
113 173 2
113 212 6
114 115 41
114 162 70
114 208 28
114 213 76
114 267 58
114 299 74
115 116 95
115 135 62
115 172 75
115 202 90
115 211 1
115 212 98
115 226 99
115 287 96
115 299 54
116 117 22
116 179 56
116 256 81
117 118 5
117 154 65
117 209 74
117 232 74
117 275 63
117 287 100
118 119 21
118 136 19
118 141 84
118 155 54
118 199 90
118 201 8
118 226 3
118 228 1
118 239 31
118 252 58
118 297 84
119 120 10
119 124 15
119 164 42
119 195 72
119 203 24
119 228 65
119 265 62
119 294 33
120 121 24
120 140 49
120 144 64
120 162 31
120 169 41
120 209 68
120 272 13
120 297 23
121 122 4
121 123 73
121 124 89
121 128 78
121 130 61
121 146 18
121 165 60
121 170 50
121 222 64
122 123 93
122 150 49
122 157 54
122 170 36
122 189 89
122 193 11
122 298 81
123 124 67
123 141 39
123 185 13
123 192 81
123 284 53
123 289 14
124 125 25
124 155 71
124 173 88
124 185 42
124 238 97
124 239 13
124 247 35
124 265 75
124 297 74
125 126 82
125 197 36
125 210 81
125 264 34
125 272 64
126 127 26
126 128 29
126 165 6
126 199 96
126 237 98
126 244 49
126 252 25
127 128 57
127 129 32
127 138 60
127 219 61
127 220 60
127 232 63
127 291 27
128 129 33
128 169 51
128 174 7
128 201 85
128 261 68
128 274 19
128 275 35
129 130 93
129 138 85
129 150 90
129 207 81
129 215 22
129 238 41
129 262 44
130 131 96
130 155 89
130 201 78
130 203 46
130 261 17
130 263 30
130 274 20
130 293 43
131 132 97
131 136 47
131 166 85
131 229 59
131 263 12
131 274 30
131 287 65
131 289 47
132 133 24
132 144 87
132 213 73
132 272 14
132 295 58
133 134 55
133 167 7
133 250 47
133 251 58
133 260 24
133 261 45
134 135 58
134 148 64
134 177 89
134 190 100
134 275 40
134 288 61
135 136 52
135 157 93
135 164 11
135 181 75
135 186 48
135 195 79
135 230 15
135 247 45
135 248 55
135 271 9
136 137 91
136 141 66
136 149 68
136 188 48
136 196 29
136 226 90
136 275 95
136 297 83
137 138 67
137 143 30
137 223 84
137 238 15
137 255 92
138 139 70
138 190 37
138 206 24
138 210 49
138 241 29
138 243 50
138 254 75
138 257 55
139 140 57
139 161 94
139 216 16
139 255 41
139 261 74
139 265 35
139 267 21
139 276 96
140 141 17
140 252 49
140 261 86
140 285 28
140 289 1
141 142 85
141 143 19
141 145 26
141 168 7
141 171 36
141 213 1
142 143 25
142 184 78
142 185 88
142 211 29
142 213 61
142 218 87
142 252 19
142 253 93
142 255 39
143 144 74
143 146 8
143 165 25
143 201 4
143 203 18
143 266 53
143 278 25
143 287 21
144 145 58
144 164 61
144 167 44
144 173 19
144 246 3
144 294 64
144 295 84
144 298 68
145 146 88
145 200 57
145 202 91
145 220 58
145 292 42
145 299 14
146 147 7
146 157 28
146 168 18
146 178 83
146 181 53
146 183 74
146 205 98
146 229 85
146 272 56
147 148 83
147 180 75
147 254 31
147 287 23
147 289 93
148 149 76
148 157 17
148 180 15
148 204 82
148 216 63
148 224 36
149 150 96
149 167 46
149 196 87
149 199 19
150 151 77
150 201 63
150 204 80
150 277 2
150 278 62
151 152 24
151 193 95
151 208 94
151 255 25
151 273 72
151 277 99
152 153 74
152 160 32
152 237 74
152 260 26
152 296 98
153 154 50
153 180 10
153 186 28
153 195 12
153 269 69
153 275 45
154 155 55
154 176 84
154 183 98
154 190 51
154 278 30
155 156 35
155 174 52
155 194 28
155 198 1
155 221 69
155 230 69
155 265 44
156 157 98
156 182 34
156 296 54
157 158 89
157 196 78
157 221 66
157 272 75
157 286 60
158 159 27
158 161 55
158 174 18
158 188 32
158 236 8
158 250 26
158 277 65
158 278 96
159 160 98
159 185 82
159 201 49
159 206 48
159 223 11
159 226 93
159 267 34
160 161 71
160 163 10
160 207 100
160 251 76
160 270 95
160 271 34
161 162 1
161 211 13
161 218 87
161 268 41
161 274 41
161 287 92
162 163 83
162 188 87
162 210 50
162 216 82
162 273 91
162 278 39
163 164 35
163 183 75
163 189 41
163 195 85
163 232 99
163 257 48
163 275 23
163 279 12
164 165 57
164 179 80
164 204 84
164 241 99
164 272 61
165 166 79
165 194 36
165 274 96
165 283 45
165 290 34
166 167 85
166 169 51
166 181 66
166 187 1
166 200 44
166 211 57
166 252 19
166 261 27
166 296 23
167 168 56
167 193 4
167 239 92
167 289 11
168 169 1
168 250 69
168 264 98
168 293 1
168 295 84
169 170 9
170 171 46
170 189 55
170 224 66
170 261 75
171 172 86
172 173 47
172 182 2
172 213 55
172 257 82
172 271 68
172 277 84
172 279 10
173 174 95
173 292 1
174 175 51
174 213 69
174 276 70
174 295 84
175 176 53
175 224 21
175 256 10
175 277 28
175 298 75
176 177 23
176 183 29
176 254 9
177 178 74
177 203 74
177 215 66
177 263 77
178 179 5
178 218 17
179 180 93
179 251 71
180 181 26
180 191 100
180 208 13
180 223 8
180 234 32
180 289 60
181 182 29
181 248 75
182 183 81
182 235 71
182 250 63
182 272 45
183 184 98
183 230 47
184 185 90
184 212 83
184 213 10
184 257 74
185 186 66
185 194 29
185 231 13
185 254 54
185 260 5
186 187 40
186 193 81
186 223 82
186 252 67
186 274 13
187 188 85
187 235 42
187 243 44
187 248 42
188 189 95
188 213 45
188 249 12
188 265 66
188 272 79
189 190 33
189 196 3
189 203 44
189 208 43
189 212 5
189 237 80
189 247 87
189 288 20
190 191 47
191 192 95
191 204 22
191 231 80
191 267 82
191 272 12
191 273 81
192 193 66
192 200 57
192 203 42
192 232 72
192 287 48
192 288 47
193 194 17
193 199 52
193 270 82
193 276 90
194 195 80
194 233 78
194 273 60
195 196 67
195 201 3
195 230 72
196 197 49
196 213 74
196 246 56
196 249 91
196 250 30
196 290 33
197 198 54
197 239 8
198 199 98
198 234 52
198 255 16
199 200 31
199 209 53
199 266 67
199 286 6
200 201 79
200 204 56
200 217 11
200 224 42
200 226 15
200 278 86
200 283 10
201 202 62
201 229 63
201 252 90
201 263 27
201 272 11
202 203 68
202 220 8
202 258 46
202 259 6
202 280 62
202 288 89
203 204 74
203 209 59
203 235 36
203 267 85
203 289 9
204 205 32
204 206 7
204 280 94
205 206 96
205 232 97
205 297 78
206 207 55
206 245 8
206 282 24
206 288 51
207 208 23
207 236 94
207 255 78
207 296 100
208 209 93
208 231 7
208 249 48
208 268 100
208 285 24
209 210 13
209 223 46
209 230 79
209 282 72
209 284 2
209 297 60
210 211 94
210 256 50
211 212 1
211 269 60
211 299 42
212 213 18
212 218 2
213 214 73
213 262 94
214 215 11
214 244 29
214 252 45
214 257 57
214 283 31
215 216 30
215 266 4
216 217 89
216 249 93
216 283 57
217 218 46
217 292 31
218 219 27
218 229 73
218 244 94
218 251 59
218 253 23
218 281 38
218 295 18
219 220 2
219 287 64
219 288 52
219 295 24
219 296 46
220 221 96
220 264 21
220 288 84
221 222 76
221 227 12
221 272 84
222 223 12
222 236 15
222 261 39
223 224 31
223 242 42
223 245 97
223 271 84
223 282 93
224 225 46
225 226 88
225 240 79
225 276 94
226 227 66
226 281 84
227 228 40
227 243 18
227 264 57
228 229 97
228 285 35
229 230 37
229 234 96
229 295 15
230 231 11
231 232 88
232 233 84
233 234 98
233 238 63
233 286 49
234 235 2
234 275 98
235 236 38
235 252 66
235 286 77
235 290 47
235 297 50
236 237 52
236 247 59
236 274 15
237 238 8
237 256 94
238 239 64
238 255 79
238 269 95
238 286 28
239 240 76
239 262 34
239 278 87
239 290 72
240 241 71
240 258 13
241 242 11
241 257 98
241 261 55
241 270 95
241 291 70
242 243 32
242 257 73
242 275 93
242 283 97
243 244 27
243 267 71
243 280 71
244 245 8
245 246 99
245 248 36
245 252 85
245 267 44
245 286 93
246 247 35
247 248 72
247 275 36
248 249 86
248 255 28
249 250 84
250 251 22
250 269 1
250 270 91
250 287 91
251 252 68
252 253 10
252 276 8
253 254 41
254 255 16
254 266 68
254 276 63
255 256 47
256 257 42
256 258 27
257 258 54
258 259 61
258 267 50
259 260 76
259 269 9
259 277 37
260 261 19
260 272 14
260 290 29
261 262 25
262 263 51
262 279 85
262 280 89
263 264 96
264 265 88
264 267 87
265 266 39
265 273 48
265 296 83
266 267 42
267 268 95
267 299 84
268 269 88
268 280 91
268 287 38
269 270 81
269 291 54
270 271 65
271 272 31
271 279 29
271 289 78
272 273 64
272 274 26
273 274 77
273 288 67
273 290 58
274 275 45
275 276 5
276 277 20
277 278 14
278 279 69
279 280 13
279 282 70
280 281 31
281 282 84
281 296 27
282 283 84
283 284 39
283 293 72
284 285 86
284 292 88
285 286 2
285 297 91
286 287 55
286 290 98
286 292 29
287 288 41
288 289 34
289 290 69
289 296 10
290 291 13
291 292 65
292 293 61
293 294 90
294 295 5
295 296 90
296 297 93
297 298 65
298 299 55
299 300 59
