400 3144 133 1789
4 5 8 9 14 16 19 26 28 34 35 37 40 49 54 56 62 64 65 70 71 73 75 76 77 78 81 83 86 87 89 90 91 92 96 97 98 99 100 101 102 104 105 107 109 113 115 116 117 121 122 125 136 137 138 147 149 152 159 163 165 166 167 168 172 174 182 185 187 192 196 199 200 203 206 212 214 215 228 232 238 240 241 243 244 247 252 253 255 261 262 263 264 266 269 271 274 283 284 288 291 292 294 295 298 299 301 305 315 317 321 324 329 331 332 334 338 339 342 354 356 357 358 367 371 379 386 390 392 395 396 397 400 
1 2 84
1 18 2
1 22 54
1 42 33
1 73 49
1 97 85
1 126 68
1 131 38
1 142 20
1 158 47
1 182 88
1 191 77
1 198 55
1 229 51
1 241 51
1 251 89
1 259 80
1 281 22
1 298 90
1 305 70
1 319 36
1 343 93
1 366 72
1 367 29
1 400 32
2 3 53
2 48 91
2 54 57
2 86 94
2 97 26
2 101 83
2 127 28
2 134 95
2 155 57
2 187 24
2 190 84
2 230 27
2 243 8
2 251 90
2 345 56
2 390 87
3 4 53
3 37 73
3 106 38
3 132 58
3 193 89
3 221 74
3 263 71
3 268 98
3 331 2
3 359 58
3 369 100
3 370 40
3 390 75
4 5 74
4 19 55
4 20 93
4 38 58
4 42 35
4 134 98
4 190 2
4 222 5
4 230 31
4 233 14
4 237 22
4 277 3
4 285 14
4 298 52
4 319 51
4 395 96
5 6 78
5 106 41
5 190 15
5 197 10
5 249 58
5 329 43
5 361 62
5 363 93
5 365 7
5 375 45
5 383 95
5 386 20
5 396 95
6 7 85
6 11 94
6 23 65
6 44 98
6 150 83
6 163 10
6 173 60
6 189 77
6 304 28
6 334 3
6 340 29
6 395 8
7 8 95
7 23 39
7 39 35
7 44 42
7 71 31
7 97 74
7 113 3
7 160 85
7 177 46
7 203 74
7 290 30
7 351 59
7 360 23
7 382 88
7 386 44
8 9 66
8 24 14
8 43 11
8 132 77
8 156 27
8 157 4
8 162 9
8 178 97
8 197 77
8 203 99
8 217 81
8 228 31
8 246 23
8 293 26
8 297 56
8 306 88
8 314 2
8 333 62
8 334 23
8 370 94
8 383 28
9 10 90
9 33 26
9 34 95
9 92 72
9 110 42
9 120 35
9 135 56
9 148 4
9 169 13
9 177 19
9 185 86
9 192 25
9 201 67
9 276 82
9 293 25
9 321 21
9 326 22
9 356 30
10 11 93
10 13 69
10 25 100
10 111 22
10 123 10
10 149 17
10 156 14
10 157 82
10 161 97
10 165 16
10 182 100
10 237 49
10 276 29
11 12 61
11 87 50
11 107 16
11 121 4
11 134 91
11 147 55
11 277 61
11 302 68
11 332 76
11 342 88
11 353 24
11 360 54
11 385 93
11 390 80
11 392 83
12 13 7
12 19 6
12 31 61
12 55 26
12 73 54
12 81 91
12 89 40
12 163 81
12 165 60
12 201 75
12 206 26
12 227 17
12 232 87
12 269 70
12 276 82
12 282 73
12 324 45
12 358 13
12 388 73
13 14 88
13 36 35
13 38 40
13 45 90
13 76 30
13 88 1
13 118 81
13 136 38
13 150 88
13 214 48
13 288 24
13 302 21
13 314 43
13 334 65
13 339 61
13 349 15
13 353 83
13 361 34
13 390 100
14 15 47
14 59 84
14 120 82
14 157 30
14 167 68
14 184 52
14 247 47
14 272 22
14 280 11
14 355 48
14 368 41
15 16 56
15 38 68
15 95 73
15 100 27
15 115 41
15 141 36
15 150 47
15 174 16
15 209 55
15 302 87
15 310 75
15 339 16
15 399 46
16 17 75
16 22 22
16 66 92
16 129 10
16 154 4
16 173 26
16 180 6
16 185 34
16 187 85
16 211 6
16 271 32
16 276 95
16 290 55
16 335 87
16 339 79
16 376 57
16 382 72
16 391 47
17 18 92
17 94 86
17 127 37
17 141 77
17 155 52
17 181 93
17 215 7
17 216 82
17 229 17
17 235 63
17 244 97
17 372 71
17 374 23
18 19 5
18 27 57
18 45 73
18 63 62
18 113 45
18 128 60
18 147 84
18 188 34
18 200 88
18 231 26
18 236 96
18 249 40
18 255 40
18 265 95
18 332 31
18 337 28
18 392 59
19 20 52
19 112 76
19 144 90
19 169 79
19 236 60
19 248 55
19 252 92
19 299 20
19 304 3
19 334 83
19 382 13
20 21 64
20 63 41
20 149 5
20 159 56
20 194 39
20 205 74
20 231 81
20 245 35
20 247 89
20 257 57
20 295 20
20 309 52
20 323 38
20 328 4
20 356 48
20 368 82
20 385 81
20 393 12
21 22 64
21 26 48
21 54 49
21 98 66
21 107 28
21 129 2
21 149 64
21 176 61
21 194 17
21 228 90
21 235 2
21 306 91
21 341 27
21 377 100
22 23 8
22 49 3
22 57 88
22 90 68
22 103 38
22 157 47
22 173 90
22 186 67
22 189 93
22 299 95
22 330 87
22 335 43
22 386 41
23 24 77
23 39 94
23 147 52
23 151 74
23 262 59
23 283 10
23 293 43
23 307 36
23 339 48
23 375 98
23 396 15
24 25 95
24 28 26
24 180 13
24 249 70
24 292 11
24 324 6
25 26 35
25 74 89
25 92 91
25 118 79
25 143 35
25 147 80
25 167 9
25 171 44
25 262 14
25 272 12
25 340 7
25 358 39
26 27 14
26 31 79
26 53 61
26 60 5
26 90 70
26 127 55
26 140 61
26 148 9
26 170 70
26 189 65
26 195 100
26 196 26
26 259 51
26 267 87
26 384 32
27 28 15
27 54 27
27 156 65
27 160 53
27 178 57
27 198 28
27 207 96
27 236 28
27 261 69
27 332 24
27 358 85
27 369 29
28 29 54
28 57 4
28 76 75
28 84 67
28 88 87
28 97 66
28 204 3
28 235 53
28 330 21
28 337 77
28 399 26
29 30 46
29 47 53
29 48 20
29 54 10
29 57 89
29 88 95
29 95 76
29 123 55
29 147 17
29 190 79
29 193 11
29 209 100
29 234 98
29 238 48
29 265 55
29 321 11
29 356 16
29 369 45
29 372 75
30 31 82
30 40 67
30 44 37
30 46 70
30 106 51
30 117 43
30 164 78
30 199 13
30 234 17
30 299 16
30 316 86
30 342 16
30 347 31
30 368 24
30 390 60
31 32 53
31 50 80
31 56 57
31 71 61
31 195 74
31 305 4
31 323 66
31 382 84
32 33 49
32 115 44
32 156 45
32 163 12
32 180 82
32 186 85
32 200 77
32 217 16
32 218 73
32 252 73
32 267 61
32 301 42
32 304 2
32 313 76
32 320 61
32 331 65
32 345 51
32 370 87
32 377 98
32 383 78
32 391 68
33 34 15
33 35 92
33 72 56
33 95 13
33 97 27
33 147 39
33 164 1
33 193 78
33 214 1
33 229 16
33 309 9
33 316 43
33 398 13
34 35 12
34 42 2
34 58 6
34 99 17
34 111 95
34 120 10
34 180 18
34 190 55
34 233 21
34 265 40
34 271 77
34 279 76
34 312 67
34 323 5
34 328 95
34 341 68
34 347 19
34 363 24
34 365 29
35 36 94
35 43 29
35 82 10
35 107 52
35 111 94
35 122 82
35 140 4
35 145 3
35 169 65
35 176 62
35 261 86
35 288 45
35 324 5
35 327 86
35 329 60
35 331 83
35 391 6
36 37 71
36 50 99
36 76 50
36 87 78
36 102 91
36 132 24
36 139 90
36 318 20
36 336 15
36 384 8
36 387 36
37 38 65
37 49 29
37 58 12
37 65 63
37 79 94
37 82 70
37 87 22
37 104 17
37 123 80
37 179 63
37 189 15
37 301 54
37 312 90
37 363 10
37 374 55
38 39 35
38 67 51
38 86 43
38 151 8
38 258 15
38 260 52
38 289 100
38 390 74
39 40 56
39 45 48
39 58 22
39 97 51
39 116 83
39 117 48
39 158 20
39 202 24
39 212 70
39 228 67
39 256 82
39 262 98
39 271 74
39 345 35
39 354 96
39 387 49
39 391 66
39 396 3
40 41 19
40 84 88
40 99 75
40 153 81
40 154 52
40 176 41
40 186 51
40 194 69
40 302 36
40 330 64
40 332 72
40 343 68
40 354 81
40 364 16
41 42 27
41 43 91
41 69 44
41 167 63
41 262 89
41 280 31
41 308 94
41 386 8
41 399 99
42 43 28
42 78 9
42 93 23
42 113 35
42 128 65
42 141 59
42 205 50
42 240 92
42 241 85
42 299 68
42 333 18
42 370 74
43 44 41
43 59 15
43 110 74
43 187 4
43 194 11
43 204 14
43 210 28
43 229 61
43 266 82
43 292 40
44 45 86
44 55 19
44 74 78
44 78 78
44 120 25
44 131 95
44 146 96
44 159 85
44 268 10
44 322 40
44 327 79
44 348 41
44 352 61
44 380 36
44 386 5
45 46 27
45 52 80
45 75 44
45 78 29
45 111 88
45 118 89
45 135 13
45 165 72
45 176 54
45 185 5
45 193 15
45 264 84
45 282 12
45 283 10
45 284 75
45 380 60
45 392 6
46 47 37
46 54 49
46 113 3
46 203 54
46 229 28
46 246 48
46 293 36
46 336 5
46 370 75
47 48 25
47 159 49
47 173 66
47 208 28
47 213 42
47 230 60
47 292 13
47 353 39
47 360 57
48 49 78
48 112 79
48 118 41
48 127 13
48 136 19
48 180 19
48 279 27
48 303 49
48 358 15
48 370 74
48 385 17
49 50 32
49 87 77
49 93 52
49 97 34
49 131 58
49 198 95
49 232 29
49 370 1
49 379 78
50 51 23
50 88 23
50 130 77
50 166 18
50 257 81
50 392 11
51 52 36
51 99 25
51 110 37
51 179 84
51 183 46
51 226 45
51 242 99
51 252 4
51 289 100
51 329 75
51 345 47
51 370 73
52 53 31
52 84 97
52 86 4
52 102 48
52 107 26
52 134 27
52 136 81
52 147 21
52 221 49
52 237 26
52 280 21
52 323 32
52 343 16
52 365 45
53 54 43
53 114 70
53 121 74
53 131 14
53 152 13
53 174 78
53 179 82
53 184 99
53 269 56
53 270 47
53 272 42
53 331 39
53 374 74
53 378 36
54 55 47
54 58 46
54 70 77
54 75 48
54 141 61
54 183 54
54 223 87
54 245 48
54 248 87
54 257 96
54 267 1
54 274 13
54 292 98
54 323 76
54 382 60
54 390 66
54 391 68
55 56 93
55 137 61
55 144 71
55 207 69
55 214 1
55 241 69
55 246 16
55 251 96
55 270 87
55 329 37
55 330 12
55 332 53
55 333 15
55 340 63
56 57 52
56 87 22
56 95 77
56 102 81
56 103 23
56 161 93
56 192 66
56 218 77
56 241 98
56 261 49
56 289 55
56 361 98
57 58 63
57 59 83
57 62 22
57 76 80
57 104 21
57 271 64
57 291 72
57 329 70
57 348 81
57 356 86
58 59 83
58 89 36
58 101 45
58 119 16
58 189 46
58 207 55
58 212 80
58 250 23
58 253 17
58 266 80
58 346 93
58 357 95
58 359 99
58 391 8
59 60 54
59 94 48
59 138 54
59 149 45
59 151 2
59 156 24
59 194 20
59 243 64
59 274 16
59 321 53
59 323 86
59 326 94
59 375 43
60 61 85
60 73 66
60 97 78
60 111 19
60 112 95
60 180 76
60 224 19
60 292 54
60 312 13
60 317 21
60 395 52
61 62 56
61 63 41
61 70 22
61 139 70
61 195 88
61 204 30
61 221 14
61 242 44
61 273 28
61 282 85
61 295 30
61 305 81
61 347 94
61 360 40
62 63 1
62 85 85
62 87 35
62 95 11
62 122 48
62 154 19
62 178 5
62 202 37
62 257 11
62 263 58
62 326 69
62 337 10
62 366 79
62 388 60
62 395 100
62 398 22
63 64 48
63 98 72
63 130 67
63 134 25
63 184 29
63 213 25
63 251 29
63 252 93
63 263 87
63 286 4
63 288 12
63 305 65
63 317 58
63 351 17
64 65 75
64 66 100
64 111 21
64 147 77
64 200 43
64 201 100
64 236 55
64 245 51
64 266 24
64 335 36
64 340 25
64 352 98
64 362 34
64 375 43
65 66 30
65 81 74
65 82 59
65 148 31
65 223 51
65 248 99
65 260 36
65 265 28
65 273 43
65 311 35
65 355 96
65 360 35
65 362 97
65 390 31
66 67 42
66 123 99
66 149 92
66 172 5
66 182 32
66 189 3
66 200 44
66 208 2
66 240 95
66 366 72
66 370 83
66 391 81
67 68 95
67 70 30
67 81 75
67 89 65
67 104 36
67 109 36
67 155 63
67 203 19
67 208 12
67 216 67
67 225 5
67 257 47
67 265 52
67 293 7
68 69 28
68 82 13
68 134 70
68 138 35
68 145 54
68 149 94
68 156 96
68 182 65
68 183 79
68 221 15
68 226 26
68 253 14
68 255 4
68 288 5
68 290 99
68 336 96
68 355 51
68 356 15
69 70 39
69 81 60
69 85 28
69 131 94
69 135 45
69 159 71
69 160 96
69 175 91
69 191 83
69 212 93
69 266 29
69 296 43
69 357 6
70 71 58
70 72 13
70 112 54
70 117 91
70 135 11
70 140 32
70 169 100
70 172 85
70 251 46
70 257 65
70 281 78
70 323 87
70 324 93
70 371 79
71 72 41
71 88 1
71 107 66
71 219 91
71 256 10
71 300 29
71 333 30
71 334 23
71 342 67
71 351 8
72 73 92
72 82 60
72 144 93
72 160 13
72 169 58
72 182 9
72 220 62
72 242 40
72 262 42
72 289 36
72 361 62
73 74 63
73 91 65
73 204 75
73 220 59
73 236 50
73 308 20
73 309 54
73 351 97
73 384 47
73 388 57
74 75 100
74 124 5
74 134 40
74 135 84
74 143 96
74 159 40
74 180 30
74 197 54
74 249 15
74 298 54
74 304 56
74 334 6
74 342 29
74 357 40
74 373 14
74 383 81
75 76 44
75 119 58
75 142 94
75 158 27
75 183 66
75 234 98
75 321 16
75 324 20
75 383 4
76 77 28
76 96 22
76 111 33
76 173 98
76 204 55
76 205 52
76 207 71
76 220 52
76 227 93
76 255 43
76 270 70
76 275 63
76 315 27
76 338 70
76 342 34
76 351 78
76 353 33
76 368 48
76 383 71
76 391 15
77 78 91
77 123 64
77 137 67
77 192 93
77 227 33
77 320 32
77 327 72
77 345 36
78 79 65
78 84 5
78 93 10
78 96 89
78 107 95
78 108 47
78 126 6
78 220 7
78 327 67
78 346 29
78 362 9
79 80 62
79 88 57
79 120 63
79 159 83
79 187 85
79 249 96
79 256 64
79 267 14
79 275 96
79 295 77
79 320 13
79 326 34
79 347 27
79 369 71
80 81 50
80 165 52
80 172 59
80 174 70
80 177 48
80 202 28
80 259 35
80 269 78
80 294 5
80 306 61
80 336 31
80 340 76
80 373 66
80 377 56
81 82 70
81 88 37
81 157 51
81 165 78
81 195 45
81 205 78
81 251 17
81 271 36
81 322 2
81 378 24
81 388 35
82 83 54
82 138 26
82 147 23
82 181 10
82 198 21
82 199 1
82 218 38
82 352 23
82 399 40
83 84 42
83 85 30
83 98 98
83 118 28
83 252 63
83 275 57
83 283 50
83 314 29
83 365 98
83 388 66
84 85 15
84 123 56
84 186 81
84 202 13
84 235 68
84 285 24
84 292 53
84 300 26
84 336 52
84 341 99
85 86 72
85 116 5
85 176 67
85 216 25
85 255 32
85 260 66
85 288 28
85 293 58
85 315 76
85 373 65
85 380 18
86 87 56
86 122 94
86 259 63
86 278 2
86 281 85
86 287 72
86 361 65
86 388 100
87 88 86
87 111 30
87 130 54
87 132 36
87 139 69
87 229 51
87 232 87
87 288 64
87 296 63
87 310 63
87 334 70
87 347 63
88 89 9
88 128 31
88 134 7
88 183 93
88 186 81
88 208 69
88 219 59
88 290 26
88 307 29
88 312 29
88 326 31
89 90 52
89 102 76
89 179 31
89 201 44
89 234 72
89 237 10
89 378 4
90 91 84
90 103 64
90 136 62
90 153 40
90 223 69
90 265 44
90 392 98
91 92 72
91 106 43
91 186 76
91 193 43
91 220 96
91 261 83
91 338 23
91 355 37
91 384 31
91 393 32
92 93 23
92 150 95
92 152 16
92 173 85
92 177 65
92 212 44
92 224 8
92 227 24
92 233 43
92 294 95
92 324 75
92 351 13
92 392 27
92 394 6
93 94 23
93 158 10
93 209 50
93 219 67
93 228 1
93 253 73
93 285 16
93 303 5
93 312 64
93 342 52
93 365 27
93 382 25
94 95 81
94 102 99
94 108 62
94 130 18
94 167 92
94 175 39
94 223 33
94 242 52
94 266 52
94 270 38
94 277 27
94 292 32
94 324 2
94 381 22
95 96 1
95 105 10
95 106 27
95 110 13
95 117 75
95 126 74
95 133 75
95 178 26
95 182 95
95 214 48
95 340 27
95 346 96
95 351 86
95 384 66
96 97 73
96 123 57
96 170 27
96 272 49
96 287 68
96 360 16
96 365 6
96 378 76
96 379 16
97 98 77
97 122 28
97 146 23
97 176 20
97 184 7
97 197 54
97 199 19
97 208 22
97 222 97
97 248 4
97 266 60
97 277 81
98 99 26
98 115 64
98 139 73
98 145 40
98 161 100
98 204 98
98 248 42
98 295 61
98 296 83
98 319 61
98 344 99
98 381 51
98 384 15
99 100 57
99 145 9
99 184 5
99 223 7
99 261 63
99 333 21
99 345 9
99 347 96
99 375 37
100 101 20
100 119 48
100 142 11
100 145 46
100 165 30
100 181 52
100 358 47
100 365 70
101 102 32
101 107 20
101 128 43
101 140 17
101 147 30
101 172 32
101 191 40
101 211 74
101 271 54
101 307 14
101 309 61
101 348 15
102 103 74
102 138 49
102 198 87
102 280 21
102 288 78
102 318 32
102 328 50
102 349 60
102 371 81
102 378 40
103 104 65
103 135 16
103 140 42
103 166 4
103 220 26
103 253 14
103 277 28
103 297 83
103 310 84
103 348 54
103 353 51
104 105 47
104 113 82
104 114 56
104 117 97
104 131 11
104 142 40
104 209 2
104 210 65
104 212 94
104 220 54
104 281 5
104 290 33
104 363 22
104 393 60
105 106 4
105 216 89
105 261 27
105 272 17
105 327 13
106 107 96
106 170 70
106 178 82
106 200 100
106 273 46
106 277 100
106 288 48
106 313 45
106 356 22
106 386 71
107 108 54
107 130 33
107 138 26
107 168 82
107 169 65
107 184 33
107 194 68
107 201 33
107 204 93
107 226 46
107 248 70
107 263 17
107 321 33
108 109 60
108 116 3
108 135 21
108 234 62
108 287 15
108 307 96
108 346 57
109 110 64
109 129 69
109 173 19
109 179 40
109 243 60
109 256 33
109 278 22
109 279 37
109 283 86
109 298 80
110 111 17
110 162 12
110 200 35
110 238 24
110 263 28
110 268 67
110 276 44
110 287 5
110 290 43
110 312 33
110 336 26
110 372 68
110 397 91
111 112 20
111 129 36
111 201 81
111 219 47
111 242 18
111 253 27
111 274 75
111 302 50
111 304 65
111 330 4
111 336 24
111 344 94
111 383 93
112 113 58
112 126 17
112 130 86
112 137 85
112 197 14
112 198 30
112 200 17
112 232 23
112 263 53
112 272 15
112 292 15
112 319 76
112 327 50
112 337 56
112 343 51
112 373 59
112 393 72
112 397 11
113 114 56
113 122 84
113 239 32
113 274 75
113 280 59
113 311 98
113 336 72
113 347 79
114 115 79
114 136 20
114 184 50
114 201 97
114 259 94
114 260 2
114 272 97
114 334 1
114 361 48
114 380 65
114 394 17
115 116 17
115 119 2
115 185 61
115 244 56
115 246 13
115 265 14
115 289 74
115 295 22
115 305 40
115 329 31
115 385 45
115 392 16
116 117 45
116 170 6
116 173 53
116 181 98
116 280 48
116 377 76
117 118 79
117 122 95
117 152 85
117 160 66
117 219 38
117 231 61
117 315 70
117 375 58
117 380 72
117 392 81
117 393 12
118 119 6
118 131 7
118 134 72
118 137 32
118 145 58
118 155 14
118 182 31
118 250 55
118 278 87
118 279 41
118 297 18
118 334 12
118 378 24
118 379 16
119 120 34
119 188 21
119 278 47
119 295 29
119 304 85
119 367 81
119 398 6
120 121 49
120 173 80
120 196 91
120 202 24
120 223 49
120 305 30
120 356 20
120 361 67
120 366 91
121 122 94
121 129 52
121 141 54
121 189 46
121 190 50
121 230 9
121 238 94
121 253 56
121 276 64
121 285 42
121 335 54
121 340 63
121 351 91
122 123 15
122 143 69
122 171 30
122 173 66
122 189 12
122 193 14
122 309 45
122 344 50
122 361 53
122 389 91
122 396 59
123 124 37
123 130 30
123 143 75
123 178 62
123 179 34
123 186 15
123 195 59
123 241 3
123 252 81
123 290 99
123 313 96
123 328 97
123 339 97
124 125 77
124 171 42
124 175 59
124 232 21
124 258 30
124 259 65
124 321 8
124 345 53
124 380 69
124 395 1
125 126 86
125 171 57
125 212 94
125 226 54
125 242 27
125 257 79
125 264 22
125 288 23
125 324 44
125 354 89
125 357 94
125 396 73
125 399 37
126 127 27
126 184 50
126 255 38
126 281 94
126 290 86
126 310 71
127 128 50
127 136 5
127 164 61
127 286 57
127 355 99
127 386 87
128 129 53
128 161 59
128 169 32
128 185 4
128 192 79
128 297 14
128 303 73
128 369 92
128 371 93
129 130 11
129 186 90
129 257 77
129 295 19
129 297 65
129 317 95
129 325 59
129 354 2
129 363 90
129 392 75
129 393 7
130 131 12
130 145 88
130 147 5
130 148 51
130 209 70
130 222 73
130 226 26
130 279 99
130 324 60
130 345 10
130 372 85
130 392 87
131 132 58
131 143 59
131 154 41
131 217 26
131 296 69
132 133 19
132 143 51
132 144 74
132 150 79
132 156 28
132 165 33
132 168 51
132 182 27
132 209 8
132 263 18
132 268 50
132 297 52
132 327 43
132 328 43
132 339 52
132 367 82
132 385 21
133 134 62
133 149 3
133 163 83
133 165 18
133 202 53
133 224 38
133 234 69
133 235 15
133 264 36
133 310 12
133 322 9
133 369 85
134 135 65
134 161 37
134 177 91
134 236 65
134 244 86
134 260 99
134 314 60
134 348 62
134 349 40
134 387 3
135 136 74
135 149 42
135 164 22
135 184 94
135 222 51
135 279 29
135 285 90
135 325 25
135 329 25
135 339 89
135 368 36
135 384 62
135 395 8
136 137 88
136 178 81
136 225 90
136 279 24
136 287 1
136 316 23
136 343 99
136 354 13
136 356 81
137 138 34
137 144 30
137 150 54
137 166 62
137 168 86
137 209 41
137 324 54
137 363 64
137 365 90
137 385 100
138 139 44
138 150 45
138 198 42
138 212 75
138 285 27
138 309 89
138 326 61
138 347 2
138 389 27
139 140 61
139 198 16
139 331 71
139 358 10
139 372 94
140 141 90
140 153 83
140 200 32
140 218 40
140 262 72
140 276 36
140 284 91
140 291 6
140 300 35
140 308 79
140 322 53
140 327 9
140 370 34
141 142 76
141 158 30
141 159 18
141 165 9
141 173 13
141 184 67
141 191 45
141 198 43
141 277 42
141 281 93
141 292 13
141 313 70
141 329 20
141 366 27
142 143 42
142 171 68
142 237 91
142 249 87
142 256 69
142 340 46
142 351 63
142 358 63
142 373 44
142 379 90
143 144 17
143 147 13
143 197 54
143 229 30
143 240 77
143 373 33
144 145 4
144 167 59
144 173 43
144 187 66
144 220 80
144 226 4
144 238 57
144 259 10
144 344 18
144 376 97
145 146 65
145 171 14
145 244 100
145 270 43
145 283 91
145 288 7
145 299 76
145 329 43
145 356 91
145 388 48
146 147 57
146 151 44
146 163 7
146 200 76
146 203 40
146 216 59
146 227 19
146 235 65
146 272 59
146 285 71
146 300 71
146 321 17
146 339 63
146 365 69
146 399 90
147 148 71
147 179 44
147 216 64
147 234 8
147 238 10
147 311 98
147 343 66
147 344 76
147 347 38
147 388 93
148 149 15
148 213 30
148 237 80
148 245 67
148 330 80
148 354 84
148 363 55
148 368 61
149 150 84
149 180 14
149 184 58
149 199 45
149 256 43
149 265 79
149 285 23
149 355 62
149 378 75
149 380 50
149 381 10
150 151 10
150 169 2
150 228 100
150 241 4
150 319 18
150 379 43
150 397 22
150 398 32
150 399 13
151 152 3
151 220 51
151 222 35
151 288 28
151 303 65
151 318 90
151 353 49
151 371 25
151 380 73
152 153 6
152 172 35
152 179 40
152 182 57
152 205 23
152 228 30
152 274 31
152 279 1
152 281 91
152 316 58
152 358 20
153 154 7
153 176 88
153 201 40
153 247 47
153 269 72
153 280 93
153 286 8
153 347 16
153 367 93
153 382 59
153 391 10
154 155 84
154 176 100
154 246 76
154 266 47
154 276 49
154 330 5
154 340 45
154 386 66
155 156 27
155 181 7
155 185 51
155 216 14
155 251 1
156 157 23
156 165 58
156 172 1
156 186 24
156 222 93
156 228 81
156 247 68
156 250 14
156 317 89
156 329 40
156 338 78
156 347 46
156 385 30
156 386 56
156 398 17
157 158 86
157 249 7
157 382 10
157 395 27
158 159 9
158 165 40
158 223 25
158 236 89
158 290 49
158 293 10
158 302 76
158 327 45
158 362 40
159 160 50
159 238 90
159 267 68
159 271 26
159 290 41
159 301 53
159 309 3
159 336 19
159 347 12
159 358 15
159 393 59
160 161 64
160 163 80
160 172 70
160 173 20
160 206 56
160 302 90
160 348 22
160 373 6
160 382 7
161 162 82
161 227 48
161 255 36
161 262 27
161 295 73
161 297 70
161 304 23
161 318 13
161 348 78
161 365 20
161 374 83
161 379 1
162 163 69
162 327 31
162 343 22
162 348 96
162 379 25
163 164 83
163 202 6
163 207 36
163 208 13
163 275 74
163 310 81
163 314 97
163 321 70
163 364 80
164 165 86
164 176 66
164 177 82
164 179 94
164 229 86
164 335 45
165 166 17
165 202 54
165 217 1
165 314 97
165 326 77
165 344 50
165 346 67
165 362 59
166 167 49
166 179 40
166 243 25
166 249 47
166 275 1
166 318 99
166 339 81
166 387 18
167 168 83
167 216 37
167 242 70
167 245 18
167 293 9
167 308 16
167 335 75
167 337 1
167 371 91
168 169 64
168 287 70
168 323 27
168 325 39
168 337 83
168 365 33
169 170 25
169 237 56
169 245 14
169 267 41
169 279 20
169 308 60
169 343 28
169 359 48
169 370 67
169 392 20
170 171 45
170 186 22
170 189 62
170 195 25
170 224 100
170 228 35
170 313 11
170 320 24
170 340 93
170 353 10
170 381 57
171 172 60
171 203 86
171 235 93
171 240 32
171 266 14
171 267 86
171 286 20
171 322 48
171 379 10
171 382 42
171 395 12
172 173 1
172 231 17
172 261 14
172 281 34
172 283 16
172 288 9
172 346 63
172 371 79
172 396 74
173 174 27
173 182 89
173 187 41
173 199 79
173 206 63
173 229 35
173 259 49
173 278 23
173 346 5
173 350 65
173 351 97
173 383 100
173 385 8
174 175 48
174 303 88
174 313 14
174 328 21
174 371 30
174 390 56
174 391 12
174 397 98
175 176 6
175 276 72
175 289 22
175 301 25
175 308 48
175 325 77
175 327 61
175 352 56
175 358 100
175 392 8
176 177 27
176 221 77
176 259 7
176 263 28
176 267 80
176 274 33
176 277 41
176 293 13
176 311 50
176 335 95
176 345 84
176 358 32
176 366 12
177 178 67
177 192 93
177 204 25
177 237 23
177 249 59
177 317 7
177 319 91
177 328 35
177 333 49
177 335 18
177 381 60
177 382 16
178 179 11
178 187 2
178 214 85
178 216 90
178 311 37
178 320 52
178 399 24
179 180 86
179 239 42
179 273 20
179 311 30
179 350 15
180 181 24
180 211 99
180 227 17
180 229 81
180 231 96
180 243 35
180 267 23
180 285 8
180 297 11
180 395 71
181 182 1
181 277 23
181 298 78
181 317 35
181 319 36
181 343 64
182 183 16
182 184 87
182 190 19
182 194 84
182 213 16
182 247 64
182 290 31
182 302 38
182 304 28
182 323 68
183 184 99
183 198 36
183 209 72
183 250 77
183 251 25
183 350 68
183 359 29
183 399 75
184 185 50
184 258 39
184 268 70
184 274 26
184 286 69
184 294 61
184 322 57
185 186 7
185 232 41
185 271 82
185 274 13
185 326 10
186 187 80
186 188 55
186 220 50
186 277 76
186 307 42
186 364 45
186 376 7
187 188 86
187 255 32
187 273 49
187 301 28
187 330 2
187 339 68
187 377 18
187 393 81
188 189 40
188 222 44
188 241 72
188 251 40
188 271 67
188 320 40
188 323 46
188 342 10
188 347 91
188 362 27
188 376 43
189 190 93
189 394 77
190 191 92
190 199 28
190 223 98
190 245 2
190 337 28
190 351 54
190 363 67
190 368 5
191 192 89
191 231 9
191 238 9
191 255 43
191 259 27
191 263 26
191 308 28
191 309 68
191 342 95
191 360 94
191 375 23
192 193 55
192 250 64
192 256 60
192 305 92
192 309 28
192 310 69
192 341 60
192 344 43
192 361 18
192 383 53
192 396 49
193 194 46
193 274 15
193 299 85
193 377 90
193 396 73
194 195 85
194 196 91
194 223 23
194 292 19
194 319 42
194 362 53
194 380 22
195 196 59
195 199 24
195 261 28
195 332 9
195 378 20
195 381 88
195 385 60
196 197 22
196 216 18
196 281 72
196 282 28
196 318 22
196 359 31
196 361 20
196 365 13
196 389 6
196 390 100
197 198 31
197 266 46
197 334 85
197 353 30
197 378 82
198 199 50
198 215 7
198 243 72
198 265 55
198 312 59
198 335 17
198 355 49
198 390 86
199 200 90
199 219 18
199 254 9
199 258 75
199 259 3
199 264 96
199 286 58
199 288 23
199 292 94
199 297 27
199 309 12
199 373 7
199 399 18
200 201 46
200 214 79
200 252 96
200 270 18
200 280 39
200 302 10
200 319 13
200 343 88
200 359 18
200 377 46
200 393 20
201 202 18
201 209 39
201 225 88
201 226 78
201 227 98
201 232 6
201 289 46
201 391 19
201 399 59
202 203 49
202 217 80
202 354 33
202 376 25
203 204 14
203 257 70
203 275 98
203 299 59
203 331 25
203 333 61
203 355 93
203 367 92
204 205 97
204 262 5
204 320 37
204 365 56
204 387 88
205 206 65
205 208 63
205 244 22
205 288 3
205 341 40
205 342 52
205 396 62
206 207 56
206 272 94
206 277 46
206 322 98
206 326 55
206 329 92
207 208 85
207 222 14
207 231 95
207 277 44
207 285 21
207 301 47
207 302 27
207 332 5
207 361 43
207 391 100
208 209 74
208 227 13
208 232 60
208 267 88
208 370 14
208 374 88
209 210 26
209 234 72
209 266 99
209 332 23
209 376 79
210 211 20
210 221 52
210 250 76
210 256 83
210 265 79
210 277 88
210 279 37
210 288 10
211 212 40
211 255 23
211 264 94
211 270 19
211 281 14
211 309 46
211 325 43
211 355 86
211 390 43
212 213 71
212 264 66
212 277 80
212 278 45
212 308 40
212 312 100
212 372 58
212 378 22
212 385 1
212 394 54
213 214 50
213 238 71
213 279 29
213 298 47
213 301 92
213 315 23
213 323 83
213 342 80
213 365 28
213 392 73
214 215 82
214 241 77
214 263 81
214 295 65
214 312 21
214 374 99
214 384 6
214 397 31
215 216 7
215 221 89
215 291 43
215 361 2
215 399 45
216 217 95
216 307 68
216 314 45
216 323 55
216 329 71
216 336 24
216 340 35
216 348 91
216 354 2
216 360 43
216 383 58
216 395 31
217 218 8
217 240 34
217 256 66
217 299 82
217 347 14
217 368 95
217 384 31
218 219 79
218 222 5
218 277 76
218 280 64
218 290 73
218 301 44
218 302 98
218 324 73
218 385 92
218 393 94
219 220 41
219 239 64
219 242 49
219 342 4
219 359 11
219 381 76
220 221 21
220 245 72
220 260 23
220 261 79
220 282 6
220 287 36
220 293 59
220 321 20
220 331 52
220 369 42
220 377 99
220 385 40
220 395 54
221 222 80
221 291 62
221 317 43
221 324 1
221 336 50
221 339 20
221 344 17
221 375 4
222 223 9
222 247 51
222 286 16
222 310 24
222 334 57
223 224 68
223 264 94
223 284 69
223 298 67
223 311 77
223 315 38
223 317 44
223 327 23
223 331 17
223 335 17
223 350 48
223 369 62
223 371 68
223 389 40
223 393 95
224 225 9
224 251 20
224 288 11
224 293 39
224 360 80
224 392 69
225 226 3
225 230 75
225 259 97
225 350 22
225 354 2
226 227 61
226 270 49
226 275 13
226 278 73
226 298 80
226 379 42
226 398 95
227 228 11
227 235 10
227 243 65
227 263 100
227 304 57
227 306 29
227 355 8
227 361 43
228 229 25
228 238 28
228 250 14
228 274 11
228 276 29
228 286 22
228 300 98
228 301 28
228 317 88
228 322 11
228 349 10
228 375 62
229 230 76
229 240 51
229 252 21
229 257 82
229 317 5
229 365 68
229 368 47
229 388 45
229 389 56
230 231 33
230 238 89
230 292 84
230 299 59
230 320 17
230 355 52
230 361 29
231 232 89
231 359 83
231 370 87
231 384 22
231 397 8
232 233 77
232 257 13
232 273 21
232 307 16
232 317 80
232 320 33
232 350 5
232 384 5
232 386 25
233 234 97
233 240 32
233 287 25
233 296 4
233 300 8
233 351 11
233 383 76
233 389 41
233 392 25
234 235 98
234 255 24
234 307 80
234 323 36
234 325 97
234 376 46
235 236 76
235 248 37
235 257 31
235 281 64
235 289 17
235 338 89
236 237 47
236 314 9
236 333 78
236 357 67
237 238 13
237 262 95
237 385 95
238 239 10
238 240 13
238 244 93
238 245 83
238 276 74
238 310 100
238 344 4
238 395 37
239 240 54
239 250 79
239 265 75
239 269 13
239 361 95
239 370 65
240 241 40
240 247 78
240 269 15
240 306 31
240 308 2
240 327 20
240 364 28
240 369 69
241 242 34
241 275 45
241 314 80
241 344 36
241 348 41
241 373 75
241 387 39
241 388 24
242 243 13
242 282 23
242 305 31
242 311 48
242 365 62
242 375 98
243 244 38
243 270 63
243 281 9
243 307 17
243 316 84
243 354 21
244 245 43
244 396 63
244 398 90
245 246 63
245 250 85
245 386 55
245 391 92
246 247 42
246 250 19
246 268 76
246 335 23
246 398 11
247 248 62
247 290 84
247 309 59
247 315 51
247 325 31
247 343 17
247 355 55
247 365 52
248 249 28
248 306 66
248 317 10
248 323 9
248 336 41
249 250 58
249 259 85
249 287 12
249 355 53
250 251 65
250 261 79
250 278 94
250 317 63
251 252 87
251 259 28
251 285 87
251 288 8
251 345 53
251 359 29
251 367 85
252 253 97
252 289 9
252 297 30
252 367 84
253 254 55
253 258 3
253 270 12
253 322 66
253 326 8
253 327 75
253 337 21
253 345 65
253 350 11
253 351 69
253 360 16
253 372 97
253 388 8
254 255 57
254 273 21
254 289 15
254 294 65
254 297 48
254 311 4
254 347 19
254 354 60
254 366 61
254 378 95
255 256 94
255 281 23
255 297 2
255 386 54
255 396 17
256 257 40
256 284 96
256 316 84
256 361 75
256 384 17
257 258 59
257 269 78
257 367 77
258 259 38
258 281 14
258 353 69
259 260 29
259 328 84
259 376 80
260 261 54
260 262 80
260 320 63
260 325 66
260 365 98
260 367 20
261 262 38
261 268 43
261 298 65
261 332 70
261 340 78
261 344 25
261 349 77
261 350 53
261 362 1
262 263 36
262 267 81
262 273 4
262 298 77
262 313 7
262 366 2
263 264 70
263 289 23
263 290 21
263 297 35
263 318 78
263 326 43
263 360 66
264 265 27
264 285 27
264 293 64
264 312 69
264 313 78
264 391 67
265 266 19
265 330 17
266 267 22
266 292 22
266 306 57
266 314 87
266 361 57
266 383 58
266 391 73
267 268 83
267 271 53
267 313 12
267 331 14
267 363 98
267 383 10
268 269 23
268 344 20
268 349 81
268 369 29
269 270 47
269 280 26
269 325 1
269 350 49
269 364 72
269 372 56
269 383 66
270 271 23
270 287 100
270 301 76
270 345 30
270 365 35
270 395 22
271 272 97
271 314 33
271 353 37
271 361 59
271 365 34
271 399 87
272 273 81
272 309 47
272 318 25
272 396 40
273 274 19
273 287 32
273 309 26
273 331 97
273 357 52
273 374 49
274 275 80
274 284 66
274 322 83
274 338 81
274 352 4
274 359 79
274 399 81
275 276 64
275 328 77
275 389 60
275 390 58
276 277 42
276 297 43
276 300 57
276 314 99
276 324 49
276 333 56
276 381 31
276 396 16
277 278 97
277 302 14
277 357 46
277 379 80
277 383 97
277 398 35
278 279 44
278 394 23
279 280 63
279 316 71
279 373 20
280 281 55
280 284 98
280 298 29
280 327 77
280 350 23
281 282 46
281 313 50
281 326 59
281 377 3
281 388 48
282 283 96
282 305 74
282 337 67
282 351 100
282 354 76
282 391 91
283 284 31
283 307 49
283 314 93
283 340 17
283 360 10
284 285 45
284 325 61
284 393 14
285 286 38
285 294 13
285 341 49
285 342 77
286 287 31
286 346 86
287 288 19
287 357 52
287 374 34
288 289 70
288 291 76
288 357 70
288 360 59
288 392 81
288 395 95
289 290 23
289 347 24
289 356 62
289 371 17
289 384 13
289 397 90
290 291 30
290 331 14
290 364 20
290 371 38
290 372 100
291 292 48
291 332 69
291 341 7
291 385 98
292 293 53
292 366 87
292 369 6
292 372 4
292 385 87
292 396 12
293 294 13
293 298 71
293 322 63
293 330 4
293 372 10
293 388 91
294 295 78
294 331 82
294 342 91
295 296 4
295 311 15
295 316 84
295 330 41
295 333 59
295 379 34
295 382 7
296 297 83
296 314 11
296 375 11
296 387 42
296 396 76
297 298 37
297 310 45
297 337 81
297 345 29
297 349 10
297 388 61
298 299 99
298 364 40
298 382 85
299 300 9
299 364 26
299 387 50
299 392 96
300 301 35
300 314 73
300 316 16
300 347 92
300 391 39
301 302 31
301 355 27
301 385 65
302 303 42
302 349 48
302 358 55
303 304 17
303 312 41
303 367 27
304 305 98
304 324 51
304 334 87
304 341 90
304 362 53
304 364 86
305 306 7
305 311 40
305 320 59
305 327 89
305 332 56
305 353 39
305 362 43
306 307 86
306 317 77
306 323 36
306 328 68
306 352 42
306 368 28
306 390 82
306 394 80
307 308 45
307 328 3
307 340 14
307 348 69
307 349 51
307 356 31
307 374 93
307 375 76
307 386 75
308 309 65
308 330 82
308 362 100
309 310 46
309 357 20
310 311 80
310 325 69
310 344 93
310 396 3
311 312 90
311 313 67
311 324 5
311 350 90
311 353 62
311 387 61
312 313 72
312 328 2
312 366 90
312 386 1
312 397 51
313 314 77
313 325 93
314 315 43
314 326 53
314 364 82
314 365 82
314 382 14
315 316 7
315 330 10
315 335 2
315 336 40
315 347 43
316 317 94
317 318 94
317 346 41
317 371 22
318 319 90
318 363 73
318 364 34
319 320 84
319 371 78
319 396 13
320 321 68
320 358 5
320 397 89
321 322 19
321 338 23
321 339 14
321 344 73
321 399 7
322 323 99
322 347 75
323 324 46
323 344 62
323 359 16
323 369 82
323 389 56
323 398 27
324 325 89
324 348 55
324 396 51
325 326 87
325 342 76
325 365 95
325 395 99
325 397 93
325 398 95
326 327 54
326 362 22
326 382 8
326 395 11
327 328 23
327 374 77
328 329 49
328 332 41
328 333 39
328 348 94
328 363 13
329 330 89
329 369 20
330 331 67
330 394 78
331 332 80
332 333 63
332 339 75
332 355 46
332 387 45
332 390 44
332 393 29
333 334 33
333 380 88
334 335 63
334 374 16
334 393 65
335 336 2
335 347 18
335 358 18
335 385 29
335 390 81
336 337 84
336 343 36
336 361 46
336 397 65
337 338 75
337 342 79
337 348 79
337 363 43
338 339 88
338 364 66
339 340 28
339 374 42
339 380 9
340 341 26
340 342 87
340 357 31
340 366 28
340 372 40
340 379 5
340 388 21
341 342 52
341 368 62
342 343 93
343 344 89
343 377 13
343 387 92
344 345 50
344 387 92
345 346 31
345 362 79
345 389 50
346 347 46
346 362 92
347 348 47
347 359 42
348 349 30
348 384 36
348 394 43
349 350 15
349 354 49
350 351 54
351 352 40
351 383 45
351 393 82
352 353 64
353 354 35
354 355 12
354 362 30
354 366 96
355 356 53
355 384 77
356 357 100
356 360 98
356 367 92
357 358 32
357 387 4
358 359 8
358 371 96
358 385 99
358 386 47
358 395 8
359 360 84
359 395 59
360 361 72
361 362 72
362 363 66
362 367 100
363 364 58
363 396 30
364 365 75
364 389 62
365 366 63
365 379 50
365 385 8
365 394 78
366 367 69
367 368 31
367 372 37
367 389 97
368 369 54
369 370 32
370 371 73
370 386 67
370 389 94
371 372 71
371 380 58
371 398 62
372 373 22
372 395 6
373 374 29
373 393 94
373 395 6
374 375 70
375 376 68
376 377 49
377 378 99
378 379 13
379 380 20
379 385 71
380 381 93
381 382 59
381 390 90
382 383 38
382 388 35
383 384 50
384 385 30
385 386 89
385 391 29
386 387 58
387 388 73
387 398 83
388 389 25
389 390 92
389 399 82
390 391 89
391 392 27
392 393 83
393 394 86
394 395 9
395 396 90
396 397 57
397 398 61
398 399 95
399 400 25
