600 7054 60 4498
11 26 44 54 58 60 76 90 108 110 117 123 125 140 141 147 148 174 187 200 209 212 218 246 262 265 270 277 289 295 316 318 322 332 340 344 356 374 379 380 393 396 403 405 426 474 475 488 500 503 506 522 534 535 540 569 578 590 596 600 
1 2 53
1 8 94
1 37 29
1 63 68
1 172 87
1 182 50
1 250 30
1 274 90
1 293 76
1 295 1
1 299 54
1 316 6
1 323 12
1 375 9
1 377 9
1 382 53
1 401 87
1 441 7
1 521 74
1 575 100
1 600 57
2 3 39
2 20 38
2 58 55
2 117 65
2 124 37
2 127 16
2 206 90
2 214 90
2 238 53
2 255 37
2 279 30
2 282 94
2 310 95
2 358 28
2 360 31
2 362 68
2 382 29
2 386 71
2 418 67
2 462 93
2 476 83
2 563 76
2 579 21
3 4 25
3 15 100
3 40 75
3 141 31
3 181 56
3 186 68
3 199 100
3 257 59
3 268 75
3 312 78
3 347 61
3 384 25
3 395 82
3 396 76
3 404 76
3 418 72
3 437 29
3 467 85
3 479 34
3 498 77
3 521 8
3 578 44
3 579 90
3 580 56
4 5 88
4 6 1
4 12 20
4 16 7
4 38 15
4 70 56
4 85 66
4 94 26
4 99 2
4 154 30
4 162 44
4 194 44
4 202 37
4 206 15
4 249 75
4 253 81
4 264 72
4 267 31
4 272 54
4 273 92
4 306 31
4 309 77
4 321 54
4 355 51
4 373 75
4 381 16
4 397 47
4 416 27
4 510 14
4 598 11
5 6 69
5 8 98
5 11 71
5 50 59
5 86 84
5 105 40
5 106 96
5 196 11
5 260 67
5 301 9
5 339 26
5 361 33
5 363 17
5 465 65
5 499 60
5 588 33
5 589 38
5 598 22
6 7 98
6 47 19
6 112 19
6 131 44
6 153 13
6 222 80
6 237 41
6 289 25
6 341 93
6 378 74
6 393 67
6 394 15
6 395 7
6 408 92
6 450 5
6 451 91
6 456 70
6 470 79
6 518 36
6 574 86
7 8 22
7 34 100
7 53 70
7 59 29
7 114 100
7 116 3
7 119 86
7 129 88
7 134 13
7 158 87
7 172 22
7 224 83
7 240 47
7 290 73
7 295 88
7 359 73
7 360 49
7 382 77
7 410 18
7 493 37
7 557 8
7 575 83
8 9 57
8 46 29
8 67 19
8 77 95
8 147 7
8 155 99
8 190 88
8 214 56
8 284 71
8 339 7
8 366 63
8 372 16
8 382 71
8 408 49
8 503 23
8 578 31
8 580 28
8 593 39
9 10 19
9 27 35
9 31 80
9 34 17
9 52 8
9 123 66
9 193 51
9 207 52
9 242 30
9 252 31
9 282 5
9 315 17
9 336 45
9 348 22
9 373 77
9 416 36
9 453 73
9 454 76
9 497 13
9 543 13
9 557 60
10 11 75
10 69 63
10 128 54
10 135 14
10 157 78
10 159 36
10 167 64
10 174 63
10 233 44
10 244 15
10 296 88
10 317 63
10 319 73
10 419 9
10 440 96
10 483 14
10 504 40
10 510 39
10 521 59
10 536 36
10 591 50
11 12 32
11 47 44
11 65 91
11 69 86
11 75 76
11 92 10
11 115 63
11 156 14
11 165 34
11 180 2
11 184 3
11 189 65
11 231 57
11 287 53
11 303 17
11 309 27
11 336 9
11 381 76
11 405 84
11 410 24
11 423 99
11 455 13
11 471 1
11 519 26
11 533 60
11 556 85
11 569 32
11 583 89
12 13 7
12 59 65
12 102 33
12 113 4
12 120 86
12 132 55
12 137 89
12 181 91
12 249 61
12 327 28
12 330 16
12 346 39
12 349 70
12 351 9
12 355 72
12 391 20
12 404 83
12 442 80
12 449 11
12 471 43
12 509 50
12 512 51
12 584 22
13 14 31
13 20 26
13 43 100
13 46 51
13 59 35
13 124 61
13 136 74
13 148 12
13 158 51
13 162 78
13 190 53
13 205 42
13 231 44
13 250 72
13 254 83
13 267 40
13 280 73
13 292 46
13 330 87
13 346 31
13 372 57
13 402 16
13 408 12
13 442 96
13 470 88
13 490 53
13 512 22
14 15 89
14 79 30
14 124 25
14 126 30
14 176 59
14 240 37
14 266 27
14 288 75
14 292 97
14 305 41
14 309 51
14 332 69
14 433 34
14 441 98
14 459 92
14 479 45
14 503 21
14 526 71
14 534 37
14 553 87
14 563 88
14 591 96
15 16 51
15 64 89
15 70 44
15 91 94
15 105 10
15 123 2
15 157 8
15 168 89
15 234 47
15 257 19
15 305 34
15 380 8
15 399 88
15 419 12
15 442 89
15 477 65
15 531 15
15 572 89
15 593 81
16 17 91
16 42 96
16 55 82
16 75 5
16 76 61
16 80 46
16 89 91
16 106 87
16 114 2
16 130 97
16 159 87
16 163 95
16 167 58
16 168 52
16 211 29
16 238 69
16 268 34
16 299 94
16 306 55
16 316 98
16 328 42
16 357 29
16 418 81
16 439 75
16 463 40
16 476 73
16 498 93
16 516 49
16 574 100
16 589 41
17 18 9
17 118 22
17 119 72
17 121 86
17 177 55
17 233 25
17 247 55
17 271 93
17 297 42
17 327 28
17 409 64
17 432 69
17 472 69
17 535 10
17 548 74
17 585 54
18 19 53
18 61 86
18 72 100
18 85 72
18 164 28
18 254 27
18 298 99
18 367 74
18 389 32
18 407 84
18 445 51
18 461 86
18 495 77
18 556 94
18 559 76
18 562 41
19 20 69
19 59 37
19 81 67
19 103 54
19 118 52
19 179 40
19 219 75
19 242 43
19 248 27
19 317 91
19 357 80
19 365 5
19 393 71
19 416 49
19 433 90
19 434 3
19 469 64
19 474 79
19 546 65
19 568 59
19 584 23
20 21 77
20 34 46
20 112 17
20 114 24
20 125 69
20 149 43
20 161 77
20 200 43
20 244 73
20 350 1
20 357 23
20 397 58
20 398 43
20 461 83
20 473 82
20 484 34
20 523 54
20 565 8
21 22 35
21 36 52
21 63 25
21 78 54
21 86 99
21 159 51
21 166 42
21 198 72
21 235 91
21 248 23
21 268 29
21 305 66
21 326 84
21 339 75
21 354 24
21 364 6
21 510 6
21 514 19
21 532 25
21 535 14
21 543 4
21 566 36
21 582 26
21 590 90
22 23 32
22 132 99
22 147 99
22 176 90
22 180 7
22 192 26
22 211 43
22 223 48
22 235 86
22 266 55
22 270 73
22 295 8
22 318 85
22 370 75
22 377 87
22 393 2
22 452 30
22 493 95
22 522 64
22 532 14
22 569 74
22 585 1
23 24 54
23 30 39
23 72 63
23 95 36
23 122 18
23 127 65
23 180 74
23 185 82
23 225 88
23 227 75
23 240 33
23 260 44
23 264 42
23 277 98
23 285 36
23 289 75
23 303 60
23 326 32
23 330 16
23 346 31
23 389 51
23 417 7
23 421 61
23 443 89
23 450 61
23 528 65
23 562 41
23 590 38
23 594 48
24 25 88
24 29 48
24 141 65
24 188 93
24 231 70
24 263 60
24 282 19
24 311 83
24 321 96
24 328 12
24 350 81
24 371 29
24 401 52
24 410 67
24 452 14
24 470 71
24 493 8
24 511 8
24 514 24
24 516 63
24 522 39
24 558 8
24 581 78
24 598 88
25 26 42
25 33 91
25 59 15
25 103 56
25 157 89
25 207 11
25 235 45
25 247 89
25 255 50
25 306 58
25 308 18
25 360 69
25 363 16
25 446 96
25 473 79
25 491 31
25 516 57
25 520 80
25 550 95
26 27 5
26 42 58
26 60 82
26 136 8
26 224 38
26 243 60
26 250 73
26 296 100
26 460 67
26 461 89
26 471 30
26 493 3
26 497 15
26 532 61
26 581 22
27 28 57
27 36 51
27 153 79
27 175 54
27 273 97
27 275 20
27 280 22
27 311 18
27 322 96
27 327 87
27 353 95
27 360 91
27 365 50
27 374 36
27 381 9
27 409 82
27 412 36
27 431 7
27 451 84
27 471 40
27 496 47
27 499 13
27 565 72
27 574 83
27 594 30
28 29 89
28 58 3
28 95 7
28 125 56
28 175 21
28 253 38
28 305 90
28 318 34
28 360 44
28 379 61
28 411 1
28 459 45
28 497 68
28 517 80
28 525 98
28 532 91
28 555 46
28 597 28
29 30 16
29 77 9
29 80 75
29 125 31
29 132 79
29 158 39
29 181 92
29 220 62
29 222 85
29 340 58
29 415 98
29 418 1
29 437 75
29 443 58
29 444 4
29 473 98
29 485 22
29 514 79
29 537 55
30 31 31
30 33 30
30 40 53
30 56 91
30 86 11
30 115 79
30 122 34
30 170 78
30 217 91
30 229 89
30 305 79
30 318 35
30 330 16
30 360 75
30 412 25
30 416 94
30 431 35
30 443 33
30 489 26
30 499 11
30 537 31
30 544 82
30 551 19
30 583 78
30 586 32
31 32 53
31 34 89
31 44 6
31 135 66
31 146 68
31 162 93
31 187 9
31 276 37
31 342 84
31 357 77
31 386 32
31 551 29
31 574 38
31 585 68
31 589 81
32 33 33
32 73 30
32 94 11
32 126 93
32 235 14
32 296 64
32 302 90
32 306 63
32 333 35
32 366 78
32 367 37
32 398 76
32 402 45
32 438 71
32 450 96
32 459 16
32 472 99
32 487 75
32 533 55
33 34 41
33 42 80
33 71 57
33 87 70
33 129 10
33 136 8
33 185 86
33 189 55
33 265 9
33 271 45
33 286 58
33 311 56
33 312 54
33 318 92
33 335 24
33 358 26
33 386 92
33 409 56
33 414 10
33 420 80
33 432 7
33 446 64
33 461 43
33 486 98
33 558 50
33 565 13
33 576 33
33 581 89
34 35 92
34 165 27
34 251 65
34 303 49
34 311 80
34 355 8
34 411 8
34 435 29
34 450 90
34 453 51
34 468 89
34 504 7
34 537 1
34 542 67
34 543 80
34 575 72
35 36 72
35 152 46
35 160 53
35 205 91
35 214 52
35 269 48
35 302 31
35 319 83
35 330 70
35 344 19
35 354 90
35 395 83
35 400 36
35 410 70
35 442 68
35 446 99
35 450 48
35 496 55
35 526 93
35 544 49
36 37 96
36 138 52
36 160 59
36 203 59
36 217 51
36 222 38
36 233 91
36 241 97
36 294 4
36 306 40
36 311 58
36 318 6
36 342 97
36 357 70
36 360 94
36 396 50
36 406 80
36 428 57
36 433 12
36 484 85
36 496 67
36 521 73
36 532 39
36 536 97
36 565 2
37 38 65
37 82 27
37 96 34
37 175 14
37 193 50
37 204 22
37 233 82
37 259 58
37 297 89
37 305 78
37 314 31
37 320 26
37 344 11
37 358 40
37 464 95
37 480 37
37 499 87
37 501 74
37 531 20
37 538 63
37 551 48
37 559 29
37 568 77
37 569 1
38 39 74
38 48 14
38 135 24
38 214 59
38 216 74
38 221 73
38 237 43
38 238 23
38 239 63
38 250 30
38 258 59
38 314 18
38 338 66
38 478 33
38 480 14
38 488 51
38 502 3
38 521 69
38 543 20
38 574 67
39 40 90
39 76 38
39 90 17
39 98 1
39 148 37
39 181 13
39 190 48
39 194 86
39 211 18
39 223 84
39 232 19
39 234 87
39 235 27
39 268 93
39 287 24
39 322 23
39 345 62
39 378 37
39 406 17
39 413 39
39 449 44
39 451 34
39 505 49
39 510 63
39 524 82
39 532 63
39 588 51
40 41 8
40 62 50
40 87 40
40 96 14
40 159 69
40 172 21
40 180 34
40 181 76
40 205 39
40 246 41
40 256 27
40 273 31
40 295 27
40 317 3
40 362 59
40 409 14
40 457 71
40 460 29
40 472 23
40 478 55
40 504 77
40 515 52
40 516 16
40 558 64
40 561 48
40 579 62
40 587 67
41 42 4
41 59 74
41 108 25
41 110 72
41 112 43
41 133 35
41 137 25
41 142 74
41 241 37
41 261 55
41 270 5
41 305 40
41 336 64
41 380 9
41 423 21
41 430 40
41 471 98
41 491 32
41 550 62
41 555 70
41 561 56
41 572 71
41 579 98
42 43 41
42 89 16
42 93 43
42 104 30
42 113 71
42 124 19
42 143 97
42 161 97
42 191 45
42 258 37
42 272 95
42 285 66
42 306 89
42 308 94
42 317 71
42 359 53
42 381 11
42 394 81
42 417 79
42 447 85
42 449 21
42 454 84
42 472 96
42 520 88
42 525 24
42 557 100
43 44 50
43 71 100
43 142 51
43 188 58
43 203 3
43 210 40
43 351 85
43 439 45
43 446 51
43 448 90
43 452 20
43 471 29
43 496 58
43 581 19
43 586 11
44 45 95
44 100 91
44 137 42
44 141 19
44 157 82
44 206 5
44 217 71
44 219 29
44 233 76
44 247 67
44 260 71
44 267 1
44 305 51
44 318 35
44 348 6
44 356 97
44 439 40
44 466 7
44 471 11
44 484 9
44 550 84
44 558 12
44 560 38
44 562 50
44 579 75
44 585 78
45 46 88
45 113 67
45 166 21
45 180 56
45 188 82
45 245 56
45 301 40
45 354 26
45 382 7
45 405 67
45 436 92
45 518 14
45 532 20
45 554 11
45 578 8
46 47 73
46 49 54
46 70 1
46 82 27
46 120 72
46 122 30
46 173 58
46 341 99
46 349 9
46 351 48
46 381 31
46 455 77
46 490 85
46 509 15
46 523 62
46 533 17
46 548 8
46 583 18
47 48 79
47 70 30
47 73 64
47 83 4
47 90 1
47 104 34
47 165 100
47 178 26
47 198 9
47 259 94
47 314 37
47 349 55
47 351 98
47 368 72
47 375 43
47 427 12
47 459 60
47 480 36
47 494 33
47 543 63
47 556 56
48 49 34
48 64 33
48 103 99
48 123 9
48 195 55
48 222 2
48 246 65
48 255 27
48 257 75
48 261 93
48 263 74
48 265 99
48 290 71
48 332 63
48 344 98
48 346 7
48 399 67
48 424 82
48 438 40
48 443 86
48 455 74
48 485 67
49 50 51
49 59 8
49 108 88
49 141 98
49 156 6
49 176 30
49 217 20
49 223 76
49 226 39
49 273 74
49 282 84
49 304 54
49 395 61
49 397 7
49 398 68
49 502 87
49 506 13
49 533 35
49 543 50
49 578 94
50 51 96
50 128 57
50 176 27
50 276 66
50 287 57
50 299 64
50 304 95
50 361 97
50 401 17
50 445 93
50 477 98
50 488 63
50 526 74
50 583 35
51 52 97
51 123 59
51 188 41
51 198 98
51 229 81
51 269 82
51 307 97
51 367 32
51 390 8
51 391 79
51 394 23
51 408 100
51 443 56
51 465 85
51 479 2
51 523 64
51 538 80
51 540 54
51 577 16
51 582 6
51 594 97
52 53 28
52 60 53
52 113 41
52 146 65
52 200 100
52 295 35
52 338 100
52 367 80
52 459 77
52 479 81
52 490 28
52 526 71
52 529 21
52 554 57
52 568 14
52 571 89
52 596 46
53 54 5
53 66 70
53 98 56
53 110 79
53 218 18
53 227 61
53 237 44
53 271 12
53 274 14
53 316 34
53 347 13
53 379 50
53 388 1
53 437 80
53 482 36
53 571 22
53 592 69
54 55 7
54 70 90
54 72 44
54 116 17
54 119 22
54 123 33
54 149 19
54 164 96
54 196 52
54 211 96
54 223 4
54 246 58
54 249 60
54 281 1
54 300 25
54 305 3
54 351 31
54 357 7
54 375 33
54 377 84
54 395 37
54 423 51
54 433 70
54 450 67
54 465 8
54 503 7
54 528 30
54 538 87
54 544 4
55 56 11
55 76 2
55 85 3
55 110 70
55 145 7
55 180 6
55 182 39
55 255 28
55 265 89
55 300 38
55 317 73
55 352 29
55 399 86
55 565 29
55 589 75
55 590 56
56 57 92
56 62 95
56 65 36
56 77 53
56 86 16
56 145 96
56 205 26
56 220 70
56 254 89
56 274 100
56 307 54
56 325 48
56 330 10
56 348 58
56 365 27
56 379 83
56 421 98
56 484 80
56 508 68
56 525 16
56 530 56
56 551 98
56 564 52
56 584 4
57 58 42
57 79 70
57 86 16
57 128 18
57 146 22
57 231 48
57 238 84
57 245 19
57 256 14
57 265 62
57 304 64
57 316 21
57 350 50
57 377 41
57 434 16
57 439 96
57 457 51
57 462 63
57 490 71
57 502 87
57 514 67
57 563 68
57 567 62
57 577 75
57 587 89
58 59 40
58 105 96
58 123 28
58 132 53
58 152 79
58 158 32
58 171 13
58 177 4
58 211 52
58 230 45
58 268 66
58 273 35
58 283 44
58 288 38
58 301 1
58 383 13
58 396 50
58 403 60
58 450 47
58 559 23
58 583 73
58 590 87
58 594 80
58 595 23
59 60 78
59 64 71
59 99 83
59 205 87
59 215 96
59 231 21
59 239 55
59 244 35
59 247 31
59 278 62
59 300 34
59 356 82
59 361 100
59 389 84
59 392 5
59 393 60
59 398 86
59 445 45
59 452 81
59 467 72
59 474 13
59 481 58
59 527 58
59 528 95
59 539 40
59 545 11
59 546 9
59 548 72
60 61 2
60 65 39
60 66 92
60 93 100
60 138 86
60 150 50
60 185 78
60 207 58
60 211 30
60 214 46
60 229 71
60 232 74
60 235 13
60 252 41
60 336 21
60 355 2
60 379 7
60 381 91
60 468 13
60 486 88
60 516 69
60 523 41
60 589 11
60 598 5
61 62 33
61 86 98
61 110 70
61 167 65
61 236 97
61 241 33
61 260 79
61 262 10
61 296 58
61 302 14
61 341 94
61 343 21
61 390 22
61 403 50
61 414 84
61 447 15
61 453 62
61 492 86
61 495 61
61 511 26
61 513 92
61 524 82
61 569 20
61 581 19
62 63 92
62 176 62
62 184 76
62 187 20
62 275 33
62 282 99
62 306 94
62 323 40
62 335 24
62 340 49
62 365 96
62 378 80
62 409 100
62 431 98
62 485 14
62 497 39
62 529 29
62 530 100
62 573 71
62 581 38
62 583 98
63 64 46
63 95 75
63 96 2
63 104 12
63 108 100
63 112 1
63 210 80
63 230 88
63 237 52
63 248 31
63 377 83
63 405 17
63 425 74
63 451 30
63 468 38
63 519 83
63 527 3
63 529 95
63 539 46
63 562 8
63 592 85
64 65 58
64 67 77
64 96 19
64 129 64
64 149 11
64 153 75
64 181 2
64 219 44
64 261 68
64 262 98
64 282 28
64 301 38
64 315 27
64 420 32
64 422 86
64 435 78
64 475 2
64 477 63
64 484 18
65 66 95
65 73 9
65 133 56
65 181 62
65 191 66
65 229 93
65 258 81
65 264 64
65 361 71
65 367 1
65 432 27
65 441 64
65 504 51
65 506 1
65 522 50
65 572 12
66 67 23
66 84 55
66 127 35
66 142 87
66 167 42
66 186 27
66 195 41
66 244 99
66 251 99
66 263 34
66 284 66
66 287 23
66 288 4
66 318 67
66 362 16
66 366 50
66 368 98
66 393 19
66 429 44
66 470 41
66 508 23
66 514 33
66 531 81
66 560 62
66 577 20
66 587 41
67 68 40
67 135 48
67 155 26
67 176 80
67 192 61
67 202 61
67 212 35
67 350 52
67 352 87
67 399 46
67 408 31
67 422 26
67 446 39
67 466 14
67 479 76
67 539 25
68 69 98
68 84 88
68 114 52
68 135 69
68 229 58
68 238 4
68 241 20
68 248 86
68 251 46
68 344 1
68 351 15
68 358 9
68 449 72
68 451 90
68 456 91
68 470 34
68 501 30
68 521 24
68 541 67
68 542 39
69 70 17
69 108 70
69 143 47
69 247 41
69 294 65
69 295 48
69 342 99
69 456 1
69 471 89
69 472 95
69 500 91
69 506 53
69 516 15
69 576 42
70 71 74
70 72 65
70 135 2
70 151 54
70 168 26
70 176 47
70 223 72
70 238 54
70 248 88
70 282 9
70 289 24
70 329 73
70 383 14
70 384 57
70 391 49
70 393 4
70 401 42
70 410 61
70 432 23
70 444 42
70 451 90
70 452 20
70 494 9
70 533 27
70 571 80
70 578 30
71 72 37
71 80 86
71 96 63
71 172 55
71 173 70
71 218 22
71 263 80
71 300 21
71 306 24
71 344 9
71 376 15
71 432 57
71 498 31
71 523 56
71 527 92
71 545 20
72 73 79
72 119 49
72 124 10
72 145 71
72 171 16
72 180 31
72 183 18
72 198 1
72 243 56
72 246 71
72 257 79
72 258 14
72 346 22
72 381 91
72 443 62
72 472 18
72 474 96
72 491 18
72 497 27
72 503 61
72 506 49
72 508 33
72 542 89
72 554 62
72 567 59
73 74 5
73 89 76
73 96 25
73 122 48
73 142 54
73 161 86
73 162 64
73 164 93
73 176 25
73 177 95
73 186 54
73 212 10
73 217 39
73 226 87
73 268 60
73 299 3
73 321 4
73 368 63
73 374 61
73 379 51
73 429 16
73 441 83
73 492 8
73 546 22
73 548 89
73 550 73
73 560 22
73 567 65
74 75 40
74 84 6
74 142 83
74 172 39
74 287 23
74 292 30
74 331 42
74 347 98
74 349 5
74 409 54
74 429 65
74 436 72
74 442 88
74 487 77
74 489 39
74 504 84
74 553 38
74 591 47
75 76 6
75 78 47
75 79 11
75 81 84
75 100 61
75 130 79
75 143 51
75 184 82
75 217 64
75 219 69
75 247 47
75 274 44
75 281 85
75 335 59
75 371 34
75 387 74
75 402 11
75 433 87
75 437 57
75 497 54
75 518 68
75 552 39
75 580 2
75 592 41
75 599 1
76 77 1
76 82 46
76 155 39
76 182 41
76 222 23
76 260 56
76 316 80
76 326 25
76 356 33
76 365 37
76 369 25
76 395 52
76 404 40
76 415 31
76 427 75
76 445 23
76 465 25
76 471 18
76 487 29
76 526 58
76 588 11
76 598 59
77 78 36
77 92 97
77 106 36
77 280 75
77 311 89
77 356 11
77 385 89
77 390 66
77 420 53
77 442 42
77 466 26
77 480 75
77 493 95
77 599 88
78 79 27
78 86 14
78 146 15
78 164 92
78 222 87
78 253 4
78 272 68
78 275 49
78 281 28
78 286 29
78 296 51
78 341 95
78 386 48
78 402 30
78 428 29
78 430 72
78 440 81
78 454 77
78 459 35
78 468 8
78 540 3
78 546 83
78 597 22
79 80 34
79 108 7
79 122 50
79 133 21
79 136 51
79 151 91
79 176 38
79 283 50
79 435 48
79 455 26
79 458 79
79 493 90
79 496 13
79 512 77
79 520 94
79 535 47
79 538 91
79 539 20
79 589 27
80 81 41
80 94 19
80 118 51
80 145 34
80 161 94
80 173 78
80 196 25
80 207 73
80 228 88
80 253 90
80 262 3
80 269 40
80 280 29
80 299 58
80 309 3
80 320 36
80 337 15
80 386 22
80 417 61
80 449 20
80 466 54
81 82 47
81 108 7
81 138 46
81 141 77
81 212 4
81 224 3
81 277 90
81 379 7
81 395 2
81 441 60
81 455 44
81 486 64
81 509 36
81 571 23
82 83 83
82 94 81
82 99 3
82 102 84
82 139 43
82 193 37
82 220 8
82 276 34
82 279 42
82 296 71
82 311 16
82 350 69
82 359 24
82 364 83
82 378 24
82 381 39
82 395 12
82 506 13
82 532 62
82 534 45
82 584 3
83 84 32
83 110 53
83 128 64
83 150 75
83 171 62
83 204 15
83 226 90
83 227 44
83 237 24
83 265 61
83 303 56
83 359 58
83 389 88
83 401 59
83 440 27
83 451 11
83 453 66
83 460 68
83 461 23
83 597 65
83 599 47
84 85 32
84 95 77
84 134 74
84 157 95
84 163 17
84 216 5
84 231 81
84 245 16
84 254 19
84 278 72
84 283 30
84 374 63
84 415 92
84 432 18
84 513 80
84 545 11
84 550 52
84 588 26
85 86 87
85 117 64
85 145 11
85 165 1
85 231 24
85 316 76
85 322 63
85 334 94
85 346 93
85 376 11
85 404 23
85 498 34
85 503 39
85 520 14
85 546 2
85 594 65
86 87 38
86 141 28
86 152 10
86 154 54
86 160 25
86 164 13
86 170 36
86 190 72
86 232 63
86 240 44
86 277 96
86 331 18
86 360 49
86 397 12
86 422 56
86 427 89
86 531 95
86 553 84
86 556 94
87 88 36
87 135 43
87 167 63
87 180 83
87 184 99
87 205 33
87 265 69
87 275 53
87 326 36
87 346 38
87 367 71
87 417 79
87 502 58
87 506 11
87 511 62
87 556 32
88 89 50
88 97 98
88 109 56
88 116 24
88 125 60
88 172 12
88 187 78
88 197 61
88 248 16
88 293 72
88 328 75
88 332 5
88 347 14
88 384 38
88 394 28
88 441 74
88 450 12
88 471 34
88 486 34
88 493 91
88 512 8
88 548 71
88 565 38
88 583 74
89 90 10
89 95 60
89 97 52
89 114 55
89 139 97
89 148 70
89 158 83
89 207 37
89 240 49
89 248 99
89 253 88
89 260 66
89 290 37
89 307 12
89 321 52
89 335 96
89 341 67
89 354 48
89 355 12
89 367 8
89 416 8
89 426 75
89 478 79
89 488 1
89 552 72
89 586 23
90 91 42
90 115 93
90 131 52
90 157 6
90 160 73
90 191 87
90 198 19
90 246 36
90 298 45
90 316 17
90 334 60
90 335 80
90 369 22
90 376 70
90 414 30
90 437 60
90 445 8
90 450 8
90 457 89
90 461 19
90 476 7
90 517 96
90 518 36
90 524 85
91 92 74
91 127 56
91 133 9
91 140 4
91 145 8
91 164 67
91 327 83
91 410 11
91 418 62
91 444 61
91 457 57
91 484 67
91 495 71
91 525 94
91 535 78
91 557 16
91 564 26
91 597 19
92 93 10
92 113 52
92 167 54
92 181 13
92 183 69
92 192 64
92 256 34
92 262 61
92 287 100
92 295 49
92 300 93
92 333 98
92 395 99
92 403 43
92 409 8
92 416 54
92 544 88
92 564 27
92 585 85
92 595 57
92 597 100
93 94 61
93 129 51
93 160 85
93 163 56
93 249 36
93 252 52
93 318 14
93 364 9
93 375 61
93 393 13
93 409 87
93 411 14
93 439 64
93 452 11
93 481 91
93 483 29
93 492 56
93 503 10
93 514 55
93 566 70
93 570 25
94 95 46
94 114 53
94 152 44
94 222 7
94 229 26
94 336 6
94 404 23
94 468 11
94 478 59
94 491 84
94 546 36
94 565 82
94 570 98
94 584 73
95 96 71
95 114 70
95 127 77
95 135 69
95 138 54
95 139 91
95 186 95
95 196 16
95 215 24
95 225 34
95 239 86
95 276 24
95 342 38
95 345 38
95 369 55
95 390 40
95 396 15
95 438 33
95 581 81
96 97 2
96 98 89
96 110 2
96 130 75
96 142 76
96 156 49
96 178 59
96 186 39
96 191 40
96 222 4
96 293 39
96 302 94
96 306 20
96 391 42
96 498 9
96 585 98
97 98 69
97 101 81
97 124 35
97 162 31
97 176 58
97 191 20
97 211 10
97 236 90
97 270 35
97 292 14
97 300 29
97 407 79
97 423 38
97 424 35
97 430 9
97 491 53
97 492 7
97 520 92
97 524 75
97 527 68
97 528 3
97 538 25
97 541 7
97 544 75
98 99 93
98 101 31
98 110 100
98 126 75
98 167 23
98 220 12
98 237 93
98 258 63
98 280 99
98 291 66
98 301 19
98 372 51
98 374 45
98 392 52
98 396 53
98 404 54
98 449 33
98 462 80
98 500 1
98 509 14
98 516 55
98 526 65
98 538 11
98 547 74
98 549 66
98 584 57
99 100 35
99 120 60
99 187 76
99 212 50
99 214 46
99 238 50
99 319 63
99 334 7
99 369 74
99 382 88
99 384 47
99 409 64
99 530 5
99 544 36
99 591 76
100 101 91
100 121 94
100 122 74
100 123 36
100 134 31
100 144 51
100 145 64
100 190 33
100 227 80
100 231 60
100 234 86
100 254 18
100 276 43
100 294 79
100 295 23
100 306 27
100 352 86
100 373 32
100 426 76
100 436 10
100 441 92
100 491 31
100 556 63
100 580 63
101 102 3
101 131 86
101 136 89
101 146 6
101 162 24
101 208 26
101 209 54
101 228 33
101 281 64
101 292 92
101 347 17
101 355 26
101 370 24
101 380 19
101 385 44
101 404 21
101 470 72
101 474 7
101 486 74
101 506 13
101 555 17
101 597 66
102 103 74
102 138 30
102 156 40
102 235 34
102 258 63
102 272 27
102 288 83
102 344 64
102 354 88
102 411 77
102 453 52
102 459 24
102 462 61
102 515 45
102 517 9
102 533 72
102 595 18
103 104 16
103 144 86
103 187 32
103 279 6
103 285 30
103 314 80
103 319 43
103 405 48
103 411 48
103 459 71
103 528 43
103 545 42
103 576 30
103 598 17
104 105 53
104 110 23
104 136 66
104 167 35
104 193 68
104 208 41
104 271 76
104 328 5
104 424 45
104 528 97
104 545 24
104 581 53
105 106 22
105 163 74
105 180 22
105 212 2
105 255 92
105 289 4
105 298 67
105 330 7
105 333 1
105 335 36
105 411 96
105 520 68
105 537 15
105 539 67
105 565 18
106 107 60
106 156 100
106 210 71
106 239 74
106 303 82
106 310 61
106 319 65
106 340 85
106 362 90
106 364 29
106 385 75
106 470 98
106 522 16
106 578 43
107 108 11
107 167 52
107 203 26
107 218 3
107 227 63
107 248 20
107 262 50
107 264 14
107 269 36
107 271 74
107 314 29
107 324 44
107 339 94
107 351 11
107 354 54
107 356 75
107 499 87
107 507 100
107 529 85
107 551 52
108 109 68
108 111 12
108 124 58
108 136 81
108 143 94
108 186 28
108 189 60
108 197 85
108 198 19
108 217 9
108 291 63
108 302 3
108 318 66
108 326 72
108 373 47
108 377 60
108 424 31
108 433 22
108 436 35
108 437 10
108 440 44
108 467 11
108 526 11
108 527 13
108 538 69
108 575 60
109 110 23
109 116 83
109 127 91
109 135 42
109 143 61
109 148 14
109 160 56
109 239 44
109 242 3
109 264 69
109 272 29
109 325 94
109 330 17
109 348 35
109 383 80
109 414 11
109 467 95
109 491 37
109 547 60
109 575 32
109 581 19
109 583 62
110 111 69
110 112 2
110 178 2
110 198 67
110 245 41
110 280 28
110 303 14
110 306 97
110 333 9
110 341 82
110 349 16
110 416 5
110 575 55
111 112 97
111 160 18
111 201 33
111 214 82
111 251 53
111 281 37
111 282 50
111 334 43
111 349 18
111 401 18
111 409 86
111 423 63
111 424 74
111 497 52
111 538 55
111 540 98
111 545 21
111 569 82
112 113 76
112 134 41
112 186 48
112 190 24
112 280 48
112 306 10
112 379 94
112 382 38
112 386 71
112 416 53
112 449 93
112 471 94
112 502 64
112 554 76
112 581 9
113 114 67
113 144 71
113 225 98
113 228 63
113 235 12
113 272 91
113 333 81
113 393 43
113 441 2
113 468 25
113 471 52
113 488 79
113 489 86
113 532 91
113 535 23
113 543 78
114 115 47
114 128 63
114 158 31
114 163 37
114 165 69
114 177 64
114 278 17
114 285 50
114 295 75
114 310 87
114 330 57
114 349 80
114 355 5
114 377 60
114 382 39
114 383 87
114 400 22
114 441 64
114 447 46
114 468 53
114 473 28
114 488 64
114 543 61
114 568 51
114 578 53
114 584 93
114 591 12
114 595 91
115 116 28
115 147 12
115 218 87
115 221 76
115 251 79
115 255 78
115 260 41
115 330 83
115 378 4
115 381 47
115 401 9
115 408 68
115 411 92
115 426 56
115 483 43
115 486 69
115 498 45
115 503 5
115 534 12
115 546 11
115 573 12
115 585 25
116 117 51
116 131 33
116 172 91
116 178 58
116 202 100
116 248 68
116 284 15
116 305 15
116 324 58
116 333 91
116 335 6
116 347 87
116 349 12
116 385 58
116 398 13
116 403 26
116 416 56
116 471 35
116 477 27
116 487 20
116 493 40
116 522 68
116 534 41
116 570 2
117 118 90
117 135 49
117 147 60
117 179 33
117 233 100
117 241 44
117 257 16
117 362 9
117 403 53
117 414 10
117 562 26
117 582 2
118 119 71
118 135 33
118 147 63
118 155 57
118 241 64
118 307 81
118 379 38
118 406 32
118 412 100
118 424 11
118 436 40
118 437 65
118 439 92
118 531 69
118 545 88
118 573 6
118 595 16
119 120 19
119 172 48
119 184 38
119 257 48
119 285 58
119 335 45
119 349 61
119 351 27
119 383 32
119 405 3
119 469 63
119 474 56
119 515 87
119 521 54
119 551 29
119 560 15
119 591 22
119 595 46
120 121 41
120 133 80
120 134 98
120 170 38
120 192 61
120 209 40
120 224 88
120 231 74
120 233 91
120 251 94
120 287 17
120 289 13
120 334 24
120 351 39
120 364 32
120 387 94
120 415 43
120 474 90
120 506 67
120 512 87
120 533 65
120 562 36
120 571 65
121 122 97
121 130 62
121 152 68
121 163 7
121 190 84
121 194 30
121 202 35
121 206 99
121 230 18
121 257 80
121 295 82
121 343 26
121 362 93
121 425 30
121 434 12
121 465 23
121 558 1
121 569 45
121 570 37
121 572 64
122 123 66
122 148 84
122 159 88
122 185 88
122 204 30
122 221 29
122 278 87
122 302 29
122 324 1
122 355 64
122 377 49
122 422 31
122 423 36
122 500 22
122 522 46
123 124 8
123 165 98
123 192 45
123 204 15
123 282 65
123 292 5
123 317 2
123 324 3
123 328 62
123 332 35
123 344 72
123 372 2
123 384 18
123 414 94
123 431 99
123 449 23
123 465 1
123 468 53
123 485 11
123 494 86
123 521 38
123 532 23
123 535 87
123 542 75
123 596 55
124 125 47
124 163 77
124 174 2
124 182 86
124 183 25
124 202 13
124 235 81
124 314 22
124 318 91
124 404 21
124 446 31
124 459 24
124 482 50
124 556 22
124 574 51
124 583 31
125 126 6
125 161 1
125 169 6
125 196 9
125 210 62
125 259 7
125 260 5
125 306 55
125 330 94
125 331 65
125 338 7
125 434 4
125 499 28
125 524 39
125 571 95
126 127 20
126 137 91
126 152 66
126 162 53
126 167 71
126 197 97
126 260 38
126 261 9
126 328 32
126 367 75
126 385 7
126 391 66
126 400 35
126 458 44
126 467 74
126 481 80
126 483 94
126 540 11
126 554 11
126 576 45
127 128 38
127 156 45
127 191 97
127 202 54
127 209 35
127 252 55
127 268 76
127 310 59
127 316 3
127 334 49
127 339 45
127 361 35
127 372 79
127 387 5
127 392 89
127 403 78
127 419 93
127 441 57
127 481 61
127 502 66
127 521 47
127 525 57
127 588 68
128 129 88
128 135 62
128 160 6
128 163 19
128 196 74
128 213 97
128 239 63
128 270 40
128 283 56
128 311 97
128 328 26
128 356 67
128 401 92
128 417 100
128 418 9
128 434 83
128 436 51
128 442 74
128 506 85
128 515 27
128 533 30
128 547 71
129 130 95
129 142 62
129 159 64
129 178 39
129 202 19
129 231 12
129 265 81
129 278 37
129 287 54
129 289 6
129 291 86
129 294 80
129 322 56
129 348 59
129 366 77
129 397 7
129 436 85
129 441 23
129 478 38
129 539 9
129 565 20
130 131 96
130 175 84
130 213 69
130 221 93
130 238 4
130 242 10
130 257 64
130 282 92
130 290 94
130 311 12
130 318 32
130 322 53
130 338 58
130 359 60
130 370 13
130 393 4
130 428 62
130 433 97
130 475 83
130 544 20
130 582 75
130 598 93
131 132 50
131 161 2
131 163 12
131 189 80
131 218 90
131 273 32
131 279 95
131 304 2
131 320 92
131 352 20
131 356 80
131 358 71
131 469 51
131 548 87
131 549 72
131 574 25
131 590 27
132 133 59
132 158 28
132 165 19
132 199 25
132 216 27
132 241 100
132 266 26
132 277 38
132 285 6
132 318 5
132 333 98
132 384 77
132 397 100
132 412 39
132 441 60
132 460 43
132 472 70
132 520 81
132 560 5
132 576 87
132 592 12
133 134 9
133 136 43
133 169 5
133 185 14
133 198 86
133 201 28
133 249 46
133 268 32
133 281 13
133 289 55
133 290 28
133 292 100
133 338 68
133 351 75
133 359 83
133 419 84
133 457 27
133 514 7
133 536 52
133 574 53
133 578 30
134 135 92
134 167 1
134 210 55
134 225 55
134 241 78
134 256 45
134 272 33
134 307 4
134 312 6
134 317 98
134 337 69
134 358 80
134 367 61
134 420 9
134 467 40
134 490 48
134 544 73
134 560 75
135 136 11
135 177 56
135 180 56
135 246 47
135 257 5
135 266 4
135 267 44
135 270 56
135 319 60
135 353 76
135 387 9
135 413 60
135 459 81
135 462 68
135 468 21
135 470 42
135 509 55
135 568 86
135 580 16
135 581 26
135 588 23
135 590 76
135 599 40
136 137 80
136 165 15
136 182 26
136 215 51
136 232 13
136 255 100
136 269 3
136 341 79
136 353 87
136 395 85
136 437 97
136 438 14
136 475 32
136 503 16
136 571 45
137 138 1
137 173 66
137 216 63
137 217 9
137 244 64
137 274 66
137 317 84
137 364 38
137 386 92
137 431 82
137 443 72
137 467 26
137 546 74
138 139 73
138 154 42
138 167 39
138 174 27
138 181 67
138 214 82
138 249 5
138 262 78
138 289 3
138 316 25
138 322 37
138 324 7
138 334 4
138 360 8
138 361 53
138 419 45
138 461 46
138 556 51
138 565 29
138 566 16
138 594 98
139 140 92
139 225 79
139 254 71
139 278 45
139 288 20
139 311 31
139 319 100
139 441 4
139 458 12
139 472 58
139 476 100
139 500 63
139 521 25
139 568 79
139 578 59
139 589 99
140 141 92
140 202 48
140 204 1
140 232 61
140 280 26
140 332 97
140 355 73
140 362 86
140 366 59
140 370 93
140 433 98
140 436 5
140 437 65
140 475 88
140 502 36
140 551 42
140 565 1
141 142 63
141 167 37
141 183 31
141 260 77
141 262 64
141 285 6
141 291 16
141 303 71
141 322 53
141 326 31
141 373 82
141 396 85
141 422 70
141 427 93
141 459 80
141 467 90
141 475 21
141 499 58
141 519 97
141 539 63
141 541 6
141 544 78
141 552 80
141 553 20
141 593 32
142 143 72
142 159 47
142 177 13
142 202 21
142 216 91
142 227 5
142 240 86
142 246 45
142 273 7
142 315 45
142 328 45
142 347 35
142 349 70
142 386 90
142 387 46
142 389 72
142 396 9
142 463 57
142 476 78
142 482 64
142 502 57
142 512 6
142 577 66
142 579 21
142 597 90
142 598 62
143 144 82
143 253 32
143 292 49
143 294 39
143 315 28
143 318 64
143 364 65
143 381 52
143 411 10
143 452 40
143 455 94
143 463 35
143 490 21
143 518 12
143 547 33
143 569 84
143 591 2
143 592 53
144 145 83
144 150 29
144 170 48
144 232 27
144 251 96
144 256 49
144 281 10
144 295 69
144 305 15
144 321 22
144 343 16
144 362 39
144 390 99
144 434 29
144 459 17
144 469 80
144 491 77
144 522 6
144 564 95
144 571 9
145 146 98
145 164 89
145 205 8
145 232 69
145 241 59
145 280 64
145 346 75
145 349 81
145 366 20
145 465 1
145 486 14
145 497 46
145 507 73
145 548 91
146 147 27
146 152 83
146 253 35
146 254 2
146 290 61
146 328 36
146 338 97
146 344 12
146 357 65
146 360 15
146 365 1
146 396 4
146 421 49
146 429 78
146 431 82
146 456 96
146 508 68
146 536 75
146 570 23
147 148 12
147 151 80
147 164 36
147 256 43
147 260 55
147 330 52
147 390 17
147 394 9
147 397 2
147 442 50
147 464 34
147 475 40
147 501 34
147 520 9
147 559 8
147 564 27
147 574 93
147 578 60
147 597 1
148 149 41
148 175 98
148 191 2
148 195 29
148 211 68
148 270 60
148 322 100
148 357 16
148 405 63
148 413 73
148 445 31
148 450 70
148 454 80
148 461 51
148 495 12
148 502 61
149 150 51
149 166 11
149 170 55
149 179 18
149 206 37
149 272 68
149 334 56
149 379 57
149 416 67
149 439 92
149 445 21
149 453 28
149 457 28
149 465 17
149 526 47
149 527 86
149 554 29
149 572 57
149 590 37
149 598 11
150 151 97
150 167 42
150 197 50
150 239 10
150 241 7
150 351 78
150 366 25
150 408 97
150 412 27
150 417 66
150 438 93
150 439 74
150 449 35
150 456 34
150 460 86
150 463 39
150 543 56
150 546 43
150 552 72
150 579 99
150 589 57
150 594 34
151 152 69
151 165 56
151 206 22
151 238 86
151 306 48
151 404 13
151 409 4
151 432 22
151 497 57
151 498 96
151 499 17
151 510 19
151 514 28
151 527 39
151 557 9
151 560 61
151 581 45
151 589 91
152 153 7
152 162 67
152 178 33
152 215 93
152 240 56
152 257 30
152 292 8
152 316 35
152 357 45
152 407 83
152 443 93
152 491 34
152 526 27
152 529 68
152 542 18
152 582 64
152 589 66
153 154 36
153 164 46
153 209 11
153 239 4
153 283 24
153 317 85
153 322 29
153 356 69
153 390 24
153 420 14
153 499 15
154 155 9
154 174 6
154 180 28
154 216 57
154 255 46
154 273 80
154 342 47
154 374 67
154 399 59
154 449 45
154 469 22
154 488 33
154 510 69
154 561 35
155 156 30
155 161 67
155 183 94
155 205 96
155 213 32
155 307 43
155 315 59
155 320 96
155 405 77
155 406 42
155 412 72
155 416 73
155 438 21
155 480 94
155 487 89
155 498 33
155 546 30
155 555 38
155 582 85
155 596 48
156 157 60
156 163 60
156 178 98
156 179 29
156 188 38
156 195 14
156 213 1
156 218 81
156 237 16
156 260 89
156 298 97
156 358 15
156 383 74
156 391 20
156 426 67
156 446 87
156 455 91
156 459 55
156 481 50
156 496 56
157 158 55
157 165 25
157 189 25
157 196 15
157 229 4
157 304 9
157 373 95
157 425 52
157 454 85
157 531 95
157 568 8
157 576 30
157 580 29
157 596 8
158 159 45
158 182 42
158 197 44
158 244 39
158 293 99
158 368 39
158 391 83
158 392 9
158 398 60
158 406 68
158 424 56
158 464 50
158 471 5
158 475 23
158 516 49
158 517 38
158 518 24
158 545 9
158 574 86
159 160 90
159 196 52
159 244 86
159 315 88
159 348 9
159 405 52
159 447 45
159 476 82
159 559 87
159 570 51
159 599 90
160 161 83
160 205 90
160 213 80
160 216 66
160 244 46
160 260 8
160 289 32
160 300 83
160 311 80
160 338 24
160 340 90
160 386 21
160 389 90
160 425 46
160 437 83
160 452 38
160 472 65
160 496 50
160 550 5
160 578 3
160 581 19
161 162 51
161 176 16
161 200 54
161 236 15
161 238 29
161 284 25
161 315 75
161 340 99
161 343 48
161 397 32
161 416 6
161 425 82
161 435 60
161 474 78
161 558 53
162 163 37
162 221 64
162 226 96
162 232 63
162 354 100
162 378 17
162 424 9
162 451 89
162 453 6
162 463 53
162 479 64
162 489 55
162 531 3
162 532 96
162 540 3
162 566 46
162 571 19
162 581 90
163 164 40
163 190 12
163 203 79
163 211 17
163 241 65
163 268 26
163 274 56
163 292 3
163 337 24
163 364 36
163 390 11
163 412 6
163 453 24
163 465 51
163 500 67
163 508 3
163 516 32
163 521 100
163 528 65
163 529 55
163 538 39
163 596 99
164 165 12
164 173 87
164 265 94
164 269 73
164 279 34
164 284 7
164 312 68
164 331 89
164 351 65
164 403 1
164 427 66
164 582 18
164 597 24
165 166 36
165 177 16
165 183 98
165 196 8
165 201 55
165 211 69
165 229 98
165 240 44
165 283 95
165 302 6
165 357 41
165 445 41
165 508 47
165 514 5
165 517 72
165 524 23
165 580 58
165 592 17
166 167 46
166 196 6
166 203 67
166 209 52
166 223 25
166 232 17
166 269 27
166 281 62
166 293 18
166 301 82
166 339 1
166 360 53
166 369 100
166 433 25
166 435 95
166 455 44
166 523 63
167 168 86
167 192 87
167 208 35
167 219 17
167 289 2
167 296 34
167 332 55
167 394 79
167 433 88
167 541 52
167 542 76
167 565 56
167 575 98
167 580 14
167 594 80
168 169 13
168 207 90
168 211 52
168 257 15
168 311 22
168 323 87
168 372 39
168 394 15
168 403 85
168 436 20
168 461 45
168 465 18
168 489 100
168 507 7
169 170 91
169 173 16
169 251 40
169 252 67
169 309 74
169 406 24
169 514 24
169 540 38
169 566 55
169 580 34
170 171 13
170 176 4
170 182 63
170 232 31
170 238 47
170 247 49
170 288 86
170 339 63
170 346 44
170 349 63
170 369 87
170 382 13
170 474 19
170 513 96
170 516 11
170 592 29
170 595 62
171 172 15
171 179 11
171 228 22
171 238 41
171 240 61
171 287 10
171 338 41
171 407 83
171 429 86
171 430 66
171 440 67
171 523 92
171 530 93
171 541 22
171 544 80
172 173 88
172 182 75
172 220 15
172 249 16
172 250 97
172 264 48
172 265 53
172 268 40
172 290 43
172 368 45
172 370 75
172 382 76
172 425 68
172 429 95
172 432 26
172 450 6
172 475 14
172 533 70
172 589 53
172 593 88
172 594 72
173 174 83
173 214 26
173 258 68
173 354 57
173 417 56
173 441 76
173 452 22
173 454 8
173 480 39
173 500 53
173 509 100
173 510 88
173 537 46
173 551 43
173 559 40
174 175 46
174 184 78
174 200 57
174 204 72
174 277 74
174 284 100
174 302 63
174 318 90
174 353 60
174 414 55
174 485 65
174 512 2
174 525 79
174 555 4
174 561 73
174 572 74
175 176 19
175 240 21
175 302 64
175 351 94
175 401 52
175 421 27
175 470 37
175 502 90
176 177 41
176 227 92
176 235 98
176 251 20
176 263 84
176 266 22
176 298 73
176 304 9
176 334 16
176 338 21
176 380 11
176 387 20
176 433 85
176 491 28
176 503 18
177 178 76
177 241 4
177 270 79
177 415 86
177 419 81
177 487 65
177 531 54
177 539 70
177 557 53
177 571 33
178 179 90
178 236 73
178 238 70
178 254 29
178 293 4
178 301 52
178 314 10
178 343 21
178 359 95
178 368 81
178 385 22
178 409 42
178 446 97
178 479 1
178 480 4
178 513 84
178 577 99
179 180 45
179 191 92
179 216 89
179 228 84
179 231 26
179 253 44
179 261 40
179 316 6
179 327 51
179 373 95
179 375 50
179 397 59
179 497 52
179 505 15
179 521 56
179 526 56
179 597 71
180 181 24
180 203 68
180 227 49
180 236 57
180 312 82
180 370 82
180 375 87
180 376 70
180 392 26
180 409 8
180 448 2
180 469 21
180 492 93
180 502 61
180 513 37
180 581 40
180 598 17
181 182 3
181 205 12
181 222 71
181 270 12
181 382 91
181 398 85
181 459 34
181 475 41
181 483 56
181 522 62
182 183 98
182 244 60
182 255 9
182 304 68
182 319 44
182 333 14
182 339 67
182 347 100
182 362 32
182 386 1
182 424 47
182 459 40
182 528 63
182 554 38
182 571 18
183 184 10
183 271 34
183 300 49
183 303 68
183 309 11
183 332 13
183 500 87
183 520 31
183 558 91
183 583 27
184 185 34
184 199 95
184 244 92
184 252 12
184 275 15
184 278 64
184 285 99
184 298 24
184 299 83
184 363 63
184 371 32
184 420 56
184 424 16
184 427 66
184 454 59
184 459 12
184 465 12
184 470 19
184 533 57
184 561 24
184 562 18
184 566 99
184 568 29
185 186 41
185 187 64
185 250 32
185 288 95
185 331 50
185 340 29
185 341 74
185 362 69
185 409 76
185 444 77
185 457 53
185 506 41
185 525 73
185 578 81
185 579 16
186 187 1
186 210 54
186 250 78
186 281 26
186 319 22
186 402 34
186 457 90
186 485 27
186 572 70
186 581 24
187 188 49
187 193 28
187 225 43
187 280 12
187 381 92
187 417 91
187 441 84
187 444 16
187 460 95
187 469 43
187 497 15
187 559 61
187 578 64
188 189 6
188 210 27
188 249 83
188 301 8
188 320 50
188 375 5
188 380 53
188 384 1
188 402 84
188 407 27
188 420 36
188 423 18
188 458 85
188 470 53
188 528 9
188 534 52
188 549 14
188 563 87
188 570 10
188 578 67
188 583 68
189 190 42
189 208 98
189 209 48
189 267 44
189 286 89
189 292 54
189 294 6
189 328 14
189 351 88
189 419 76
189 425 72
189 441 82
189 443 39
189 445 41
189 469 11
189 470 58
189 515 6
189 530 69
189 532 55
189 558 64
189 564 15
189 565 62
190 191 87
190 205 91
190 206 89
190 265 3
190 272 49
190 343 74
190 388 99
190 398 34
190 420 97
190 430 26
190 459 79
190 492 50
190 499 9
190 519 24
190 551 75
190 563 20
191 192 22
191 198 62
191 231 9
191 275 31
191 307 93
191 316 74
191 344 88
191 364 86
191 424 53
191 438 36
191 467 60
191 518 57
191 549 27
191 557 52
191 581 99
191 591 17
192 193 40
192 211 69
192 213 60
192 216 88
192 226 96
192 229 88
192 239 6
192 259 1
192 266 51
192 321 91
192 378 63
192 381 57
192 394 75
192 416 6
192 458 32
192 492 13
192 505 53
192 572 80
193 194 9
193 244 52
193 316 94
193 331 40
193 334 60
193 342 89
193 370 89
193 451 62
193 483 55
193 485 45
193 487 19
193 488 12
193 520 25
193 529 39
193 540 40
193 562 42
193 573 35
193 595 42
194 195 47
194 271 59
194 289 90
194 379 48
194 397 4
194 420 61
194 424 85
194 427 83
194 431 68
194 439 71
194 540 17
195 196 14
195 197 100
195 249 52
195 260 46
195 272 9
195 296 85
195 330 58
195 344 83
195 421 35
195 429 2
195 438 99
195 467 33
195 471 8
195 505 42
195 521 62
195 531 15
195 538 10
196 197 45
196 227 86
196 233 78
196 251 94
196 263 81
196 275 99
196 298 86
196 380 18
196 381 45
196 445 100
196 448 4
196 568 70
196 590 15
196 598 26
197 198 6
197 251 55
197 253 7
197 259 34
197 271 76
197 281 80
197 293 4
197 322 92
197 344 86
197 358 71
197 421 26
197 449 71
197 487 74
197 547 86
197 563 69
197 592 39
198 199 29
198 215 37
198 358 10
198 369 78
198 381 10
198 393 60
198 428 33
198 473 31
198 500 6
198 513 69
198 530 17
198 551 35
198 555 70
198 567 23
199 200 5
199 263 88
199 286 99
199 302 34
199 305 84
199 313 52
199 320 36
199 334 60
199 356 38
199 421 58
199 442 13
199 457 5
199 471 87
199 496 82
199 500 88
199 516 38
199 592 39
199 598 20
200 201 31
200 219 63
200 228 35
200 257 75
200 282 66
200 308 6
200 334 70
200 406 46
200 423 99
200 424 49
200 440 86
200 444 45
200 454 6
200 455 50
200 461 3
200 463 41
200 464 72
200 471 93
200 501 36
200 531 76
201 202 26
201 209 7
201 237 65
201 258 47
201 299 85
201 329 9
201 416 33
201 424 39
201 429 28
201 476 30
201 522 51
201 530 22
202 203 40
202 283 15
202 305 59
202 319 96
202 337 36
202 339 9
202 373 68
202 392 99
202 417 99
202 422 69
202 453 49
202 494 36
202 502 39
202 507 95
202 554 47
202 557 26
202 578 13
202 583 18
203 204 73
203 221 19
203 225 67
203 265 34
203 283 56
203 305 43
203 332 92
203 350 100
203 357 18
203 369 57
203 396 14
203 412 38
203 437 16
203 449 43
203 501 41
203 586 50
203 587 62
204 205 61
204 228 90
204 231 90
204 235 12
204 272 32
204 274 38
204 345 16
204 367 28
204 397 12
204 440 24
204 480 100
204 485 46
204 493 42
204 504 7
204 535 68
204 540 84
204 577 79
205 206 70
205 301 21
205 330 84
205 343 2
205 378 87
205 460 78
205 510 36
205 511 39
205 524 14
205 531 93
205 550 13
206 207 77
206 213 31
206 249 29
206 286 86
206 305 31
206 331 66
206 332 67
206 467 52
206 471 63
206 488 94
206 497 100
206 541 89
206 546 4
206 572 7
207 208 63
207 245 74
207 267 48
207 297 37
207 330 87
207 347 97
207 372 93
207 386 6
207 397 56
207 405 71
207 478 33
207 527 94
207 528 4
207 587 60
207 588 77
207 591 23
207 595 86
208 209 50
208 225 74
208 227 54
208 256 52
208 263 90
208 277 61
208 294 12
208 300 93
208 313 24
208 324 65
208 345 44
208 348 35
208 469 43
208 512 21
208 539 78
209 210 88
209 213 29
209 264 6
209 270 100
209 276 20
209 297 77
209 322 90
209 346 72
209 376 91
209 415 5
209 475 24
209 512 36
209 519 32
209 533 41
210 211 76
210 239 29
210 255 21
210 298 45
210 312 54
210 318 86
210 337 91
210 340 30
210 361 37
210 408 21
210 431 93
210 520 14
210 534 19
210 576 30
211 212 88
211 258 33
211 293 27
211 296 42
211 304 25
211 309 8
211 325 46
211 356 83
211 384 59
211 387 9
211 401 95
211 418 87
211 436 31
211 437 80
211 453 61
212 213 76
212 233 41
212 271 31
212 323 28
212 384 2
212 401 32
212 434 12
212 443 30
212 450 4
212 469 13
212 478 54
212 525 17
212 557 11
212 591 63
212 595 48
213 214 89
213 262 81
213 308 33
213 392 89
213 451 67
213 458 54
213 460 57
213 494 31
213 498 36
213 503 47
213 526 73
213 543 27
213 587 77
213 590 81
214 215 84
214 226 48
214 255 10
214 256 50
214 333 1
214 388 60
214 438 9
214 462 51
214 510 4
214 548 81
214 550 4
214 571 63
214 590 85
215 216 76
215 264 69
215 276 73
215 293 24
215 303 43
215 327 68
215 338 34
215 341 34
215 470 94
215 472 45
215 508 54
215 513 14
215 535 14
215 547 61
215 579 38
215 597 7
216 217 38
216 228 75
216 342 13
216 373 11
216 390 95
216 413 88
216 517 97
216 521 78
216 540 49
216 596 3
217 218 19
217 244 79
217 297 26
217 314 37
217 375 65
217 390 85
217 432 50
217 444 47
217 490 56
217 508 26
217 596 79
218 219 80
218 229 26
218 238 92
218 250 79
218 269 88
218 305 58
218 314 35
218 349 88
218 358 18
218 366 21
218 431 71
218 437 8
218 441 95
218 449 54
218 462 79
218 484 31
218 508 66
218 519 10
218 551 20
219 220 76
219 256 37
219 259 56
219 272 16
219 286 79
219 301 6
219 398 53
219 414 30
219 449 43
219 478 100
219 479 95
219 522 21
219 547 47
220 221 14
220 223 35
220 254 60
220 279 66
220 285 81
220 291 36
220 427 17
220 430 77
220 455 17
220 462 94
221 222 40
221 239 81
221 287 17
221 326 72
221 331 49
221 347 79
221 349 87
221 354 69
221 435 22
221 452 4
221 479 21
221 500 47
221 512 43
221 576 62
221 585 75
222 223 38
222 248 65
222 268 57
222 277 51
222 321 51
222 376 84
222 384 65
222 396 14
222 408 21
222 420 20
222 467 75
222 486 18
222 507 72
222 523 94
222 565 74
222 571 43
222 576 37
222 587 15
223 224 40
223 233 92
223 241 84
223 266 72
223 327 54
223 351 63
223 389 84
223 456 60
223 495 84
223 503 33
223 504 59
223 521 13
223 548 100
223 575 8
224 225 82
224 270 67
224 339 59
224 341 94
224 413 93
224 418 55
224 439 77
224 443 14
224 479 73
224 487 88
224 521 79
224 530 86
224 547 15
224 551 26
224 567 28
224 575 27
225 226 43
225 241 14
225 260 30
225 283 85
225 325 1
225 340 58
225 354 59
225 449 4
225 525 80
225 548 17
225 559 34
225 561 96
225 568 53
225 580 42
226 227 12
226 234 34
226 280 41
226 282 78
226 288 74
226 339 75
226 355 53
226 370 81
226 394 52
226 415 5
226 445 84
226 502 23
226 558 21
227 228 31
227 268 50
227 308 74
227 331 22
227 332 54
227 340 1
227 343 22
227 362 100
227 425 11
227 484 36
227 510 65
227 548 60
227 592 28
228 229 6
228 289 66
228 293 45
228 318 64
228 358 5
228 397 91
228 457 18
228 464 89
228 480 14
228 521 25
228 536 32
228 539 22
228 569 30
229 230 70
229 238 23
229 250 20
229 303 49
229 310 57
229 344 37
229 352 90
229 375 84
229 398 85
229 460 47
229 467 90
229 496 60
229 526 99
229 530 4
229 539 40
229 559 43
230 231 74
230 234 25
230 257 3
230 258 11
230 274 48
230 322 60
230 328 12
230 358 66
230 373 98
230 379 1
230 387 97
230 428 59
230 432 83
230 467 100
230 483 17
230 550 10
230 577 18
230 580 82
231 232 40
231 243 48
231 304 81
231 328 90
231 348 53
231 410 93
231 423 38
231 460 92
231 469 37
231 519 24
231 521 94
231 536 39
231 575 19
231 586 67
231 587 66
232 233 53
232 293 61
232 305 98
232 322 94
232 394 59
232 521 90
232 522 68
232 552 47
232 583 28
233 234 22
233 261 35
233 335 72
233 356 13
233 365 84
233 368 42
233 371 27
233 373 54
233 398 55
233 419 17
233 438 45
233 483 79
233 589 20
234 235 74
234 270 7
234 305 47
234 323 69
234 348 35
234 407 63
234 454 21
234 471 21
234 499 15
234 583 93
234 596 82
235 236 73
235 310 63
235 338 95
235 370 70
235 422 58
235 459 95
235 485 1
235 493 66
235 500 7
235 518 32
235 520 83
235 541 100
235 558 11
235 562 63
235 577 35
235 595 52
236 237 21
236 251 85
236 254 85
236 411 66
236 437 18
236 448 47
236 466 61
236 470 6
236 483 57
236 530 57
236 571 25
236 578 60
236 587 40
236 596 82
237 238 5
237 267 27
237 295 7
237 303 68
237 316 80
237 320 40
237 404 9
237 409 91
237 433 93
237 440 11
237 448 80
237 471 46
237 480 95
237 483 73
237 499 98
237 505 94
237 522 63
237 537 24
237 580 14
238 239 14
238 242 47
238 248 12
238 259 17
238 311 93
238 356 34
238 422 76
238 459 87
238 460 43
238 491 3
238 495 89
238 534 45
238 577 48
239 240 45
239 245 92
239 255 29
239 283 43
239 295 71
239 297 36
239 303 47
239 322 97
239 338 22
239 394 24
239 527 10
239 551 80
239 570 18
239 571 85
239 575 57
240 241 65
240 287 64
240 294 76
240 349 1
240 366 44
240 367 5
240 369 68
240 391 36
240 396 1
240 428 76
240 455 55
240 469 54
240 471 64
240 485 87
240 488 94
240 490 96
240 498 66
240 505 8
240 533 48
240 538 12
240 590 47
241 242 47
241 243 88
241 254 59
241 270 94
241 292 69
241 310 16
241 328 53
241 341 37
241 347 54
241 419 60
241 421 6
241 437 86
241 468 48
241 470 97
241 471 54
241 513 97
241 580 86
241 586 8
242 243 75
242 286 75
242 298 11
242 320 23
242 341 98
242 373 19
242 416 73
242 425 97
242 431 98
242 457 2
242 493 11
242 567 72
243 244 73
243 276 37
243 279 60
243 280 47
243 322 3
243 326 75
243 381 84
243 390 47
243 412 27
243 425 18
243 464 45
243 532 82
243 558 53
243 571 90
243 578 41
244 245 27
244 287 24
244 302 59
244 312 29
244 330 9
244 415 22
244 477 88
244 534 63
244 549 50
244 552 52
244 574 91
244 594 39
245 246 9
245 263 78
245 277 31
245 286 29
245 325 6
245 332 39
245 432 84
245 485 84
245 491 38
245 528 71
245 533 91
245 548 60
245 556 59
245 578 49
245 596 91
246 247 43
246 279 54
246 338 96
246 376 6
246 429 10
246 460 81
246 500 36
246 566 6
246 583 42
246 586 5
246 596 28
247 248 21
247 276 97
247 315 90
247 337 41
247 370 99
247 419 32
247 426 51
247 428 38
247 459 72
247 466 95
247 479 33
247 487 16
247 530 48
248 249 58
248 299 66
248 373 91
248 376 73
248 403 18
248 406 94
248 416 37
248 433 44
248 561 12
248 572 77
249 250 2
249 267 40
249 271 85
249 291 24
249 385 13
249 484 38
249 489 2
249 505 67
249 515 99
249 549 41
249 573 50
249 592 80
250 251 41
250 266 75
250 278 19
250 286 51
250 287 66
250 325 31
250 377 46
250 435 66
250 489 95
250 528 91
250 531 59
250 579 20
251 252 17
251 259 21
251 269 56
251 292 16
251 312 62
251 335 9
251 367 10
251 378 87
251 455 28
251 469 27
251 510 94
251 511 36
252 253 7
252 288 25
252 322 62
252 324 67
252 373 93
252 384 98
252 428 37
252 463 61
252 496 91
252 502 83
252 523 5
252 526 50
253 254 5
253 264 58
253 292 97
253 295 45
253 307 21
253 323 82
253 326 53
253 358 43
253 367 25
253 387 78
253 445 90
253 459 25
253 486 54
253 532 93
253 561 19
253 575 53
253 594 66
254 255 52
254 273 61
254 283 58
254 303 26
254 311 66
254 358 53
254 392 49
254 412 27
254 420 60
254 453 69
254 454 37
254 461 33
254 471 46
254 473 42
254 483 3
254 543 54
254 564 63
255 256 49
255 258 87
255 357 30
255 366 99
255 426 83
255 430 45
255 451 17
255 467 82
255 476 62
255 489 67
255 516 33
255 549 40
255 555 43
255 567 20
255 583 18
255 597 65
256 257 77
256 333 79
256 356 2
256 361 86
256 376 44
256 417 53
256 448 38
256 494 23
256 519 82
256 583 76
256 593 27
257 258 18
257 355 70
257 409 44
257 432 54
257 444 69
257 458 95
257 502 58
257 510 57
258 259 38
258 323 69
258 420 29
258 424 87
258 454 85
258 483 67
258 536 49
258 561 98
258 582 42
259 260 99
259 261 19
259 299 65
259 302 86
259 324 28
259 352 87
259 356 9
259 463 73
259 482 74
259 508 7
259 535 24
259 573 52
259 579 88
259 582 90
260 261 81
260 265 25
260 274 29
260 278 96
260 290 92
260 299 90
260 311 60
260 351 56
260 442 21
260 452 34
260 459 50
260 495 11
260 528 60
260 539 26
260 541 47
260 573 98
261 262 48
261 270 2
261 324 56
261 398 25
261 421 57
261 541 25
261 554 94
261 593 61
262 263 23
262 277 97
262 301 50
262 350 32
262 389 10
262 406 1
262 452 3
262 468 72
262 476 17
262 490 69
262 499 87
262 501 4
262 558 18
262 564 83
262 581 65
263 264 62
263 302 91
263 304 52
263 316 50
263 354 66
263 364 41
263 376 77
263 377 40
263 400 92
263 404 60
263 426 11
263 447 73
263 451 42
263 480 22
263 490 85
263 491 96
263 559 26
263 563 30
263 564 40
264 265 43
264 279 78
264 351 76
264 407 41
264 409 63
264 513 2
264 520 50
265 266 98
265 320 31
265 330 7
265 359 95
265 410 1
265 456 5
265 458 66
265 475 57
265 508 44
265 538 12
265 548 35
265 580 41
266 267 6
266 274 32
266 282 59
266 290 96
266 322 94
266 335 34
266 342 14
266 349 78
266 415 39
266 417 96
266 478 82
266 517 59
266 529 90
266 531 71
266 546 94
267 268 82
267 294 29
267 316 89
267 441 55
267 448 11
267 494 67
267 495 45
267 497 42
267 505 25
267 512 23
267 540 50
267 551 14
267 572 95
267 578 10
268 269 19
268 303 61
268 331 50
268 366 51
268 394 41
268 399 42
268 418 23
268 426 22
268 440 92
268 475 28
268 497 31
268 515 93
268 536 74
268 573 33
269 270 99
269 292 66
269 306 99
269 400 17
269 408 16
269 451 56
269 465 27
269 491 29
269 505 53
269 506 83
269 546 99
269 583 12
269 593 28
270 271 6
270 276 89
270 281 55
270 282 94
270 303 51
270 339 70
270 349 20
270 429 39
270 492 78
270 527 22
270 530 44
270 543 30
271 272 52
271 280 71
271 296 49
271 305 39
271 376 25
271 396 63
271 424 35
271 451 53
272 273 62
272 277 47
272 283 72
272 297 4
272 322 2
272 337 35
272 403 71
272 414 60
272 434 75
272 437 66
272 460 18
272 461 98
272 481 40
272 506 65
272 515 37
272 540 59
272 542 12
272 556 45
272 581 47
273 274 33
273 339 12
273 344 46
273 447 33
273 463 87
273 471 64
273 570 41
273 572 54
273 573 38
274 275 25
274 282 7
274 287 93
274 310 66
274 332 47
274 380 38
274 384 4
274 403 9
274 405 60
274 406 51
274 420 56
274 427 26
274 439 76
274 454 58
274 464 53
274 467 100
274 471 75
274 478 97
274 508 26
274 546 86
275 276 90
275 317 85
275 329 93
275 345 84
275 384 8
275 426 60
275 522 20
275 536 94
275 548 6
275 591 41
276 277 84
276 313 6
276 368 92
276 387 14
276 414 45
276 445 80
276 487 48
276 495 33
276 503 16
276 514 19
276 575 68
277 278 30
277 290 20
277 296 2
277 299 5
277 345 3
277 348 18
277 350 86
277 388 93
277 392 20
277 428 67
277 458 1
277 477 56
277 500 11
277 566 73
277 569 79
278 279 83
278 318 79
278 320 82
278 328 89
278 405 51
278 416 21
278 421 74
278 424 79
278 428 26
278 430 90
278 454 44
278 457 31
278 546 9
278 548 5
278 567 28
279 280 70
279 285 59
279 339 82
279 412 97
279 482 15
279 520 47
279 528 57
279 586 38
280 281 21
280 319 43
280 321 32
280 363 95
280 395 62
280 399 91
280 435 26
280 448 99
280 450 74
280 514 21
280 518 14
281 282 10
281 359 42
281 365 37
281 379 6
281 419 42
281 432 91
281 477 51
281 505 86
281 513 99
281 554 35
281 595 89
282 283 62
282 328 94
282 347 81
282 348 76
282 390 6
282 406 24
282 483 56
282 486 75
282 503 2
283 284 27
283 298 91
283 333 13
283 396 99
283 397 88
283 417 88
283 467 19
283 518 33
283 548 86
283 584 53
284 285 90
284 313 73
284 356 71
284 419 100
284 464 37
284 590 16
285 286 62
285 356 45
285 362 100
285 370 63
285 387 91
285 399 23
285 475 71
285 497 4
285 529 61
285 547 19
285 597 52
286 287 40
286 290 6
286 312 17
286 325 38
286 347 67
286 392 77
286 399 100
286 447 92
286 455 3
286 498 22
286 546 63
286 563 75
287 288 73
287 293 90
287 314 13
287 315 98
287 345 30
287 365 55
287 370 58
287 422 68
287 476 35
287 503 42
287 559 82
287 574 100
288 289 53
288 385 3
288 457 45
288 479 75
288 552 86
288 598 72
289 290 38
289 363 21
289 387 40
289 443 68
289 497 24
289 502 83
289 515 91
289 521 39
289 530 34
289 551 98
290 291 44
290 351 14
290 391 40
290 412 73
290 426 63
291 292 89
291 293 60
291 343 80
291 359 42
291 432 15
291 436 16
291 479 25
291 557 69
292 293 91
292 320 59
292 325 80
292 337 54
292 353 44
292 434 38
292 442 37
292 468 10
292 497 3
292 512 8
292 590 29
293 294 94
293 313 58
293 343 2
293 347 51
293 364 100
293 391 56
293 486 30
293 513 90
293 516 9
293 571 92
293 594 52
294 295 3
294 316 22
294 332 52
294 337 53
294 372 59
294 404 24
294 407 69
294 496 26
294 504 80
294 506 32
294 575 32
295 296 14
295 312 48
295 316 56
295 348 85
295 350 5
295 355 54
295 361 4
295 371 80
295 398 33
295 405 9
295 408 19
295 592 65
295 596 46
296 297 1
296 306 9
296 363 54
296 401 38
296 505 85
296 509 100
296 516 49
296 518 33
296 524 45
296 535 95
296 563 13
296 566 88
296 576 86
297 298 17
297 301 60
297 325 13
297 333 7
297 336 58
297 343 90
297 358 20
297 378 68
297 391 72
297 431 4
297 492 71
297 511 4
297 512 82
297 549 55
297 554 94
297 558 97
297 572 99
297 576 50
297 583 73
298 299 93
298 379 26
298 396 60
298 425 7
298 448 9
298 449 45
298 477 59
298 496 48
298 535 7
298 566 16
298 567 41
299 300 34
299 329 57
299 387 46
299 445 11
299 463 62
299 480 52
299 494 95
299 538 44
299 552 84
299 564 61
299 581 57
299 584 28
299 588 2
300 301 94
300 303 68
300 363 2
300 385 39
300 432 28
300 438 96
300 445 92
300 465 3
300 485 35
300 487 1
300 493 84
300 496 45
300 510 37
300 511 70
300 516 64
300 532 97
300 540 38
300 549 72
301 302 20
301 315 41
301 349 12
301 352 18
301 424 57
301 443 67
301 466 74
301 468 45
301 472 88
301 487 68
301 492 12
301 494 5
301 512 57
301 531 39
301 542 80
301 550 99
301 597 55
302 303 97
302 307 9
302 330 66
302 332 49
302 350 92
302 369 50
302 394 3
302 402 60
302 443 1
302 488 90
302 502 58
302 522 9
302 524 91
302 544 72
302 546 53
302 557 65
303 304 35
303 309 36
303 396 58
303 447 33
303 496 71
303 576 56
303 596 99
304 305 48
304 315 31
304 338 37
304 342 78
304 344 77
304 372 94
304 419 94
304 436 97
304 470 43
304 492 12
304 539 66
304 548 100
304 567 15
304 573 93
305 306 13
305 313 92
305 336 43
305 342 45
305 349 48
305 390 100
305 397 31
305 419 69
305 440 51
305 443 61
305 467 72
305 471 98
306 307 41
306 352 67
306 370 79
306 417 5
306 495 29
306 524 77
306 558 72
307 308 76
307 323 36
307 340 21
307 358 76
307 507 23
307 534 9
307 567 51
307 584 82
308 309 51
308 352 61
308 375 49
308 431 32
308 440 69
308 451 88
308 509 28
308 510 47
308 572 94
309 310 28
309 334 63
309 370 11
309 424 43
309 439 74
309 489 7
309 534 76
309 539 16
309 551 88
309 552 77
309 572 72
309 590 53
310 311 81
310 334 62
310 381 76
310 422 58
310 490 28
310 528 96
310 589 90
311 312 76
311 379 72
311 386 48
311 387 50
311 419 77
311 438 52
311 533 26
311 576 80
311 586 79
312 313 9
312 345 35
312 450 97
312 522 46
312 539 42
312 566 66
313 314 18
313 430 8
313 468 18
313 506 63
313 512 97
313 516 35
313 521 47
313 554 40
313 569 7
313 580 17
314 315 7
314 352 95
314 358 48
314 362 31
314 367 52
314 372 88
314 416 20
314 417 71
314 451 46
314 527 74
314 554 11
314 561 6
314 589 88
314 599 38
315 316 17
315 340 11
315 374 65
315 416 17
315 467 88
315 518 85
315 536 82
315 541 6
315 543 4
316 317 6
316 360 1
316 388 65
316 429 52
316 527 13
316 562 31
317 318 28
317 343 65
317 351 38
317 357 23
317 374 50
317 410 15
317 424 79
317 481 90
317 492 43
317 553 84
317 563 6
318 319 4
318 338 91
318 357 25
318 379 72
318 418 16
318 449 81
318 451 2
318 465 64
318 514 9
318 548 21
318 592 15
319 320 6
319 370 43
319 388 15
319 397 55
319 415 12
319 453 52
319 454 81
319 465 96
319 502 61
319 545 24
319 586 71
319 598 10
320 321 49
320 333 18
320 349 65
320 371 3
320 391 12
320 422 73
320 441 76
320 462 10
320 548 98
320 563 39
320 567 86
320 575 91
321 322 78
321 353 40
321 375 95
321 404 69
321 427 17
321 464 22
321 519 59
321 544 5
322 323 70
322 326 17
322 366 57
322 399 16
322 432 82
322 456 15
322 494 36
322 499 3
322 534 53
322 549 55
322 560 83
323 324 54
323 325 79
323 369 92
323 455 51
323 521 49
323 541 26
323 572 29
323 589 29
323 597 29
324 325 4
324 335 70
324 351 12
324 394 89
324 409 28
324 449 15
324 503 67
324 519 93
324 534 1
324 586 21
325 326 6
325 396 77
325 454 8
325 463 81
325 467 13
325 490 1
325 518 3
325 533 91
325 542 16
325 549 73
326 327 95
326 359 38
326 405 95
326 453 2
326 456 62
326 466 28
326 516 53
326 540 7
326 543 34
326 554 100
326 593 9
327 328 66
327 342 93
327 373 67
327 406 45
327 407 35
327 410 14
327 412 63
327 413 34
327 448 26
327 496 3
327 500 14
327 523 8
327 587 89
327 597 41
327 598 41
327 599 23
328 329 40
328 398 43
328 400 9
328 460 56
328 502 14
328 510 53
328 519 29
328 548 75
328 562 51
329 330 45
329 499 50
329 518 28
329 578 12
330 331 16
330 387 79
330 396 35
330 475 81
330 478 46
330 489 14
330 503 30
330 510 13
330 553 84
331 332 46
331 338 29
331 354 98
331 368 28
331 380 38
331 405 13
331 407 96
331 440 24
331 485 51
331 495 19
331 505 47
331 507 96
331 517 62
331 532 22
331 542 50
331 560 60
331 579 48
332 333 83
332 373 76
332 428 58
332 456 50
332 465 60
332 488 87
332 491 70
332 494 23
332 502 40
332 522 20
332 552 7
332 591 5
332 596 90
332 597 89
333 334 19
333 341 45
333 352 38
333 362 32
333 381 96
333 383 13
333 410 18
333 421 50
333 443 50
333 448 26
333 518 43
334 335 66
334 341 48
334 346 39
334 364 78
334 385 68
334 435 45
334 438 11
334 520 9
334 532 98
334 555 50
335 336 59
335 350 57
335 362 86
335 536 75
335 541 64
335 543 5
335 574 86
335 581 99
335 590 1
336 337 8
336 361 16
336 386 66
336 407 92
336 480 51
336 501 71
336 503 53
336 505 7
336 535 72
336 569 44
336 570 71
336 599 11
337 338 17
337 344 97
337 415 61
337 432 62
337 472 17
338 339 67
338 346 4
338 353 78
338 365 98
338 377 12
338 433 57
338 470 45
338 479 100
338 497 4
338 525 65
339 340 10
339 364 23
339 402 54
339 431 84
339 456 17
339 486 59
339 497 57
339 502 19
339 514 11
339 526 55
339 577 40
340 341 81
340 391 84
340 401 36
340 464 1
340 496 65
340 509 98
340 510 14
340 513 13
340 597 47
341 342 81
341 402 100
341 408 91
341 427 24
341 429 34
341 443 69
341 460 64
341 541 48
341 544 19
341 553 96
341 564 13
341 566 78
341 574 33
341 585 42
342 343 33
342 370 84
342 375 58
342 384 7
342 388 48
342 447 23
342 461 80
342 486 89
342 501 83
342 522 95
342 564 24
342 569 49
342 597 89
343 344 23
343 364 81
343 430 70
343 447 61
343 467 61
344 345 4
344 388 66
344 429 80
344 476 2
344 495 13
344 556 11
344 574 38
344 578 37
344 584 7
344 594 23
345 346 56
345 369 77
345 394 56
345 411 7
345 428 51
345 450 74
345 491 88
345 532 82
345 542 87
345 550 20
345 556 62
346 347 5
346 348 38
346 359 30
346 407 40
346 410 56
346 412 95
346 421 87
346 490 94
346 497 89
346 540 2
346 569 36
346 570 6
346 579 27
347 348 28
347 394 61
347 408 78
347 412 34
347 429 50
347 445 39
347 449 42
347 496 85
347 513 64
347 559 7
348 349 47
348 357 99
348 396 54
348 399 45
348 412 1
348 447 68
348 537 83
349 350 73
349 352 32
349 387 43
349 426 18
349 451 68
349 492 28
349 517 87
349 551 15
349 569 12
349 581 100
349 584 6
349 589 90
350 351 38
350 417 53
350 444 68
350 508 58
350 533 44
350 593 84
351 352 7
351 358 59
351 371 27
351 416 47
351 431 14
351 469 71
351 494 25
351 531 96
351 541 46
351 543 72
351 564 17
351 596 54
352 353 5
352 387 7
352 391 70
352 421 12
352 476 26
352 520 34
352 566 93
352 594 15
353 354 71
353 361 81
353 363 77
353 364 97
353 500 7
353 508 53
354 355 25
354 359 49
354 413 31
354 510 6
354 515 75
354 555 3
354 559 6
354 578 36
355 356 56
355 373 100
355 403 66
355 407 36
355 437 9
355 440 99
355 474 44
355 483 46
355 484 54
355 559 59
355 571 20
355 588 93
356 357 61
356 365 55
356 417 26
356 433 96
356 446 14
356 514 89
357 358 79
357 440 26
357 481 30
357 522 33
357 525 60
357 559 40
357 565 84
357 585 54
358 359 14
358 399 28
358 403 54
358 430 77
358 446 93
358 471 77
358 488 2
358 490 48
358 513 72
358 570 11
358 579 24
359 360 56
359 362 25
359 388 92
359 392 9
359 442 73
359 449 26
359 457 30
359 483 15
359 488 6
359 493 37
359 515 68
359 531 32
359 559 36
359 578 38
360 361 86
360 369 3
360 438 90
360 473 72
360 502 22
360 523 43
360 567 65
360 572 85
360 577 100
360 582 98
361 362 35
361 377 36
361 410 38
361 423 52
361 461 7
361 480 17
361 492 8
361 550 98
361 552 8
361 553 49
361 556 8
361 565 69
362 363 31
362 376 92
362 431 97
362 441 66
362 481 46
362 528 40
362 539 94
362 597 70
363 364 15
363 394 34
363 430 62
363 433 53
363 464 75
363 484 14
363 493 49
363 526 7
363 528 61
363 548 62
363 560 17
363 588 38
363 595 9
364 365 97
364 367 57
364 382 14
364 386 71
364 467 45
364 473 27
364 496 3
364 532 80
364 538 74
364 541 63
365 366 48
365 437 73
365 451 10
365 455 74
365 527 77
365 571 33
365 587 55
366 367 22
366 408 84
366 413 87
366 416 67
366 419 22
366 479 54
367 368 81
367 374 60
367 389 58
367 411 52
367 423 70
367 460 42
367 461 39
367 466 36
367 490 94
367 514 77
367 538 36
367 543 30
368 369 88
368 423 78
368 448 44
368 469 64
368 474 26
368 556 30
368 572 52
369 370 1
369 394 9
369 420 77
369 431 18
369 434 4
369 435 78
369 438 90
369 445 39
369 448 28
369 465 23
369 475 54
369 510 21
369 523 76
369 531 5
369 534 38
369 550 71
369 562 100
369 582 68
370 371 59
370 408 20
370 424 52
370 459 29
370 471 17
370 483 6
370 491 56
370 548 72
371 372 22
371 431 79
371 459 28
371 466 74
371 471 90
371 557 74
371 583 13
372 373 32
372 432 17
372 439 6
372 441 39
372 479 7
372 483 72
372 504 58
372 521 31
372 537 6
372 556 88
372 575 70
372 593 89
373 374 2
373 448 57
373 545 3
373 567 44
373 573 75
374 375 6
374 416 73
374 455 36
374 460 57
374 477 13
374 482 80
374 509 83
374 513 66
374 541 29
374 569 96
374 580 92
375 376 43
375 438 29
375 449 19
375 469 76
375 470 38
375 515 17
375 539 28
375 567 53
375 568 9
375 577 47
375 586 39
376 377 33
376 429 66
376 453 65
376 459 35
376 465 43
376 471 42
376 488 18
376 506 74
376 543 94
376 574 80
377 378 27
377 382 10
377 415 25
377 420 8
377 425 3
377 429 24
377 458 56
377 473 6
377 478 58
377 495 47
377 500 64
377 540 76
377 596 5
377 598 49
378 379 58
378 397 48
378 403 8
378 414 58
378 512 98
378 516 77
378 562 64
378 587 28
378 597 35
379 380 54
379 395 56
379 420 99
379 424 1
379 431 38
379 433 38
379 437 71
379 459 85
379 532 4
379 578 98
379 595 8
380 381 96
380 392 56
380 424 81
380 521 2
380 524 54
380 530 76
380 542 50
380 549 10
380 551 29
380 565 28
381 382 37
381 395 37
381 417 20
381 441 73
381 444 13
381 469 53
381 508 42
381 550 32
381 571 65
381 582 32
381 595 18
382 383 69
382 408 74
382 446 95
382 449 98
382 450 3
382 477 68
382 502 98
382 508 19
382 544 37
382 575 44
383 384 10
383 407 81
383 441 78
383 452 59
383 479 74
383 538 97
383 552 71
383 568 77
383 585 44
383 595 60
383 596 94
384 385 98
384 409 99
384 420 71
384 423 37
384 494 66
384 501 80
384 521 72
384 525 58
384 562 12
385 386 77
385 407 25
385 427 22
385 448 5
385 507 62
385 551 46
386 387 54
386 408 34
386 410 65
386 428 76
386 496 41
386 510 43
386 572 17
387 388 99
387 464 39
387 496 77
387 523 22
387 562 44
387 572 49
387 586 46
388 389 19
388 424 19
388 468 54
388 500 84
388 551 25
388 560 83
388 565 40
388 594 86
389 390 29
389 418 18
389 419 27
389 430 91
389 451 29
389 453 1
389 503 47
389 549 83
389 554 20
390 391 80
390 394 65
390 444 89
390 460 23
390 512 52
390 581 43
390 583 60
390 584 67
391 392 6
391 402 83
391 405 65
391 450 79
391 516 31
391 519 13
391 528 51
391 547 63
391 572 42
391 580 49
392 393 20
392 437 97
392 458 7
392 491 17
392 497 57
392 513 96
392 536 12
392 538 78
392 543 68
393 394 24
393 421 10
393 482 2
393 505 19
393 509 50
393 512 6
393 525 55
393 531 57
393 539 36
393 543 39
393 550 85
393 556 79
393 584 22
394 395 80
394 412 99
394 417 11
394 453 31
394 457 67
394 511 57
394 598 95
395 396 30
395 439 67
395 452 31
395 476 99
395 521 86
395 533 83
395 567 27
395 582 88
396 397 52
396 400 3
396 406 18
396 407 12
396 410 81
396 422 78
396 423 68
396 430 80
396 448 78
396 514 14
396 595 100
397 398 75
397 433 95
397 511 35
398 399 49
398 414 31
398 442 79
398 450 23
398 459 22
398 474 34
398 477 19
398 497 100
398 511 27
398 515 50
399 400 57
399 462 49
399 592 30
400 401 25
400 408 9
400 409 18
400 432 39
400 490 25
400 519 39
400 529 95
400 552 77
400 568 29
400 577 48
400 581 8
401 402 45
401 414 50
401 422 35
401 543 75
401 571 17
401 581 66
402 403 90
402 422 98
402 460 91
402 477 71
402 480 84
402 534 8
402 580 20
402 589 40
403 404 4
403 407 41
403 417 80
403 550 84
403 552 44
404 405 36
404 447 45
404 456 48
404 472 69
404 473 77
404 478 26
404 504 21
404 505 99
404 559 61
404 575 49
405 406 28
405 408 42
405 410 56
405 428 64
405 461 92
405 517 2
405 536 95
405 541 16
405 544 14
405 563 68
405 582 60
406 407 87
406 409 15
406 427 32
406 473 88
406 476 55
406 486 93
406 509 21
406 518 56
406 578 62
406 593 9
406 598 28
407 408 57
407 486 61
407 545 64
407 558 70
407 563 77
408 409 92
408 446 11
408 550 40
408 569 53
408 572 47
408 591 63
409 410 37
409 425 46
409 448 46
409 494 70
409 509 20
409 545 20
409 565 10
409 572 90
409 576 73
409 577 53
409 589 77
410 411 9
410 417 46
410 437 48
410 489 30
410 514 14
410 515 97
410 529 78
411 412 28
411 448 35
411 479 16
411 517 14
411 551 13
411 565 76
411 581 22
411 596 72
412 413 82
412 436 19
412 494 93
412 525 51
412 542 14
412 579 100
412 596 77
413 414 71
413 415 82
413 439 14
413 470 43
413 515 32
413 542 67
413 549 93
414 415 21
414 475 56
414 504 29
414 591 19
415 416 82
415 429 31
415 479 48
415 498 68
415 512 20
415 526 29
415 533 91
415 544 92
415 562 66
415 568 8
416 417 6
416 438 5
416 444 96
416 479 90
416 501 32
416 522 54
416 539 68
416 548 17
416 584 91
416 588 51
416 593 68
417 418 18
417 419 68
417 449 83
417 461 68
417 463 37
417 473 55
417 531 63
417 532 15
418 419 31
418 499 94
418 507 79
418 514 92
418 544 40
419 420 71
419 437 16
419 439 88
419 450 7
419 453 75
419 492 1
419 507 9
419 511 85
419 534 1
419 538 77
419 570 95
419 584 39
420 421 1
420 429 37
420 446 99
420 487 3
420 515 2
420 581 55
421 422 72
421 424 12
421 429 32
421 441 96
421 450 67
421 469 94
421 497 30
421 540 50
421 556 47
421 562 12
421 567 61
421 592 86
422 423 1
422 441 63
422 470 36
422 479 50
422 482 77
422 502 57
422 552 69
422 578 5
422 597 61
423 424 35
423 455 5
423 478 54
423 479 60
423 521 37
423 551 37
424 425 49
424 466 20
424 491 49
424 514 25
424 562 99
424 588 71
425 426 58
425 457 69
425 473 75
425 492 81
425 519 86
425 542 13
426 427 93
426 431 43
426 496 84
426 498 94
426 500 66
426 510 23
426 522 37
426 573 12
426 574 18
427 428 36
427 482 65
427 518 20
428 429 77
428 455 91
428 473 50
428 479 1
428 508 73
428 528 81
428 559 33
428 567 72
428 570 44
428 576 98
429 430 93
429 464 90
429 507 69
429 552 15
430 431 6
430 455 31
430 471 100
430 556 55
430 574 58
430 597 70
431 432 88
431 434 96
431 503 49
431 504 71
431 536 5
431 572 78
432 433 7
432 496 71
432 522 73
432 530 9
432 557 61
432 563 79
432 577 59
432 582 44
432 590 31
433 434 63
433 447 22
433 475 27
433 545 86
434 435 81
434 462 40
434 538 26
434 543 82
434 555 77
435 436 33
435 448 57
435 500 14
435 537 6
435 563 88
435 580 67
435 592 53
436 437 90
436 452 73
436 522 87
436 526 69
436 544 76
436 587 50
437 438 45
437 475 73
437 482 82
437 504 28
437 515 95
437 525 69
437 532 98
437 567 57
437 588 92
438 439 37
438 461 47
439 440 50
439 464 80
439 472 63
439 497 68
440 441 68
440 443 1
440 467 99
440 537 88
440 545 97
440 546 12
440 566 76
441 442 60
441 469 35
441 510 100
441 545 92
442 443 81
442 487 36
442 490 47
442 494 60
442 516 23
442 540 6
442 596 80
443 444 61
443 456 65
443 491 32
443 513 61
443 524 81
443 545 90
444 445 64
444 533 24
444 540 44
444 546 17
444 548 10
444 551 57
444 596 33
445 446 67
445 447 89
445 450 44
445 488 28
445 540 76
445 561 95
445 582 33
446 447 31
446 460 49
446 482 28
446 511 34
446 513 82
446 549 58
447 448 86
447 457 12
447 487 57
447 545 96
447 570 16
447 577 5
448 449 18
448 502 70
448 538 12
448 552 73
448 582 47
448 586 28
449 450 82
449 475 34
449 527 11
449 579 43
450 451 83
450 515 7
450 518 67
450 583 38
451 452 98
451 477 29
451 508 77
451 529 26
451 550 61
451 558 25
451 589 1
452 453 66
452 456 23
452 473 67
452 517 55
453 454 63
453 489 34
453 562 6
453 565 89
454 455 51
454 474 9
454 479 88
454 480 55
454 499 20
454 596 17
454 598 32
455 456 37
455 461 85
455 467 77
455 489 87
455 503 29
455 513 22
455 526 6
455 528 7
455 590 8
455 592 12
456 457 24
456 463 98
456 485 66
456 491 70
456 498 54
456 562 96
456 563 89
456 596 99
457 458 33
457 508 91
457 530 21
457 533 71
457 577 39
457 593 23
458 459 55
458 464 42
458 507 29
458 561 49
458 599 54
459 460 77
459 471 36
459 476 73
459 512 30
459 529 55
459 537 85
459 548 74
459 581 34
460 461 75
460 482 72
460 528 62
460 557 100
460 565 28
460 581 40
461 462 29
461 481 56
461 566 76
462 463 73
462 467 39
462 470 42
462 472 55
462 494 86
462 528 93
462 545 23
462 569 64
462 598 7
462 599 51
463 464 99
463 469 40
463 474 27
463 496 91
463 519 100
463 524 61
463 540 84
463 552 72
464 465 79
464 471 85
464 573 37
464 586 28
465 466 39
465 471 22
465 486 75
465 491 36
465 506 34
465 553 38
466 467 68
466 511 100
466 522 2
466 541 21
466 542 77
466 565 55
466 577 40
467 468 99
467 473 70
467 480 90
467 548 54
467 555 30
467 557 44
467 558 36
467 569 95
467 574 9
467 583 22
468 469 53
468 552 92
468 556 94
469 470 56
469 479 27
469 498 71
469 548 48
469 596 71
470 471 53
470 563 41
471 472 25
471 486 31
471 504 22
471 528 51
471 539 14
471 593 82
472 473 42
472 539 50
472 542 54
472 578 87
472 587 100
473 474 7
473 491 51
473 503 55
473 537 68
473 538 85
473 554 63
473 569 47
473 575 86
474 475 33
474 483 44
474 534 78
474 536 53
474 539 22
474 548 4
474 578 21
475 476 45
475 496 3
475 554 3
475 568 54
476 477 28
476 498 82
476 554 29
477 478 88
477 502 31
477 547 87
477 568 26
477 581 33
478 479 12
478 507 98
478 520 79
478 554 35
478 565 4
479 480 5
479 485 29
479 511 38
479 521 24
479 525 19
479 547 9
479 552 50
479 574 95
479 594 95
480 481 85
480 489 36
480 545 19
480 558 20
480 566 26
481 482 1
481 571 95
482 483 38
482 504 78
482 518 49
483 484 98
483 549 94
484 485 93
484 503 34
484 514 37
484 516 22
484 529 11
484 543 13
484 550 71
484 567 84
484 569 74
484 571 72
485 486 13
485 511 95
485 535 54
485 538 18
485 552 81
485 556 90
486 487 48
486 527 66
486 531 53
486 555 16
487 488 57
487 521 21
487 522 44
487 548 31
487 585 22
487 587 39
488 489 76
488 497 36
488 514 26
488 537 42
488 539 79
488 542 69
488 549 53
488 592 62
488 599 24
489 490 56
489 510 63
489 535 58
489 538 84
489 549 46
489 553 79
489 560 3
490 491 57
490 538 20
490 586 99
490 593 22
491 492 36
491 536 82
491 554 18
491 569 16
492 493 56
492 494 81
492 500 49
492 524 82
492 538 32
492 546 99
492 582 45
493 494 41
493 512 82
493 560 5
493 567 40
493 587 45
493 594 77
493 599 23
494 495 50
494 507 54
494 540 22
494 594 39
495 496 43
495 521 64
495 535 67
495 541 59
496 497 83
496 531 29
496 544 13
496 551 70
497 498 96
497 522 25
497 536 5
497 569 16
498 499 29
498 524 49
498 531 69
498 554 14
499 500 43
499 501 67
499 518 76
499 540 79
499 576 52
499 590 47
500 501 61
500 503 60
500 542 36
500 584 38
501 502 7
501 516 73
501 588 21
502 503 15
502 590 12
503 504 36
503 568 100
503 580 94
503 592 46
504 505 87
504 508 21
504 516 34
504 553 71
505 506 30
505 508 51
505 530 5
505 569 38
505 578 33
505 579 36
505 581 63
506 507 83
506 564 4
506 580 32
506 581 93
506 590 53
507 508 9
507 562 28
507 598 70
508 509 33
508 511 22
508 538 92
508 546 12
508 572 39
509 510 90
509 567 43
509 593 84
510 511 40
510 521 5
510 542 3
510 549 33
510 578 4
510 597 43
511 512 79
511 519 52
511 520 10
511 527 95
511 593 22
512 513 3
512 544 21
512 562 64
512 592 66
513 514 96
513 533 96
513 545 32
513 569 84
513 573 74
514 515 99
514 560 63
514 561 48
514 583 67
515 516 48
515 526 44
515 534 11
515 544 100
515 568 30
516 517 75
516 518 35
516 520 24
516 580 80
517 518 71
517 522 11
518 519 44
518 569 5
518 586 45
519 520 41
519 521 46
519 565 48
519 594 40
520 521 6
520 580 65
521 522 28
521 568 83
521 572 52
521 596 60
522 523 79
522 599 63
523 524 57
523 532 83
523 543 25
523 563 26
523 589 27
523 593 24
524 525 28
524 531 77
524 595 10
525 526 15
525 553 20
525 554 65
525 560 90
525 563 8
525 570 13
525 583 16
526 527 15
526 532 2
526 577 49
527 528 50
527 531 67
527 565 73
528 529 42
528 585 39
528 595 75
529 530 83
529 538 100
529 554 79
530 531 61
530 546 20
530 553 88
530 594 68
531 532 99
531 588 12
532 533 59
532 539 94
532 550 1
532 593 81
533 534 47
534 535 54
534 587 30
535 536 7
535 561 2
535 577 70
535 585 49
535 587 62
536 537 53
536 567 77
537 538 34
537 580 100
538 539 98
538 570 54
538 584 86
539 540 35
539 565 50
539 597 7
540 541 51
540 584 1
541 542 40
541 546 72
541 580 74
542 543 92
542 574 84
542 586 93
542 598 72
543 544 2
543 546 64
543 555 3
543 578 65
543 584 24
543 596 17
544 545 41
544 597 71
545 546 92
545 548 41
545 551 9
545 587 42
546 547 47
546 575 66
546 577 35
547 548 57
548 549 30
548 554 36
548 555 44
548 583 66
549 550 89
549 557 83
549 560 30
549 563 78
549 572 19
550 551 3
551 552 74
551 567 7
551 577 50
551 588 76
552 553 96
552 565 44
553 554 48
553 562 98
553 567 99
553 597 93
554 555 10
554 570 8
554 578 34
555 556 36
556 557 57
557 558 56
558 559 21
558 587 18
559 560 93
559 597 39
559 599 6
560 561 77
560 577 72
560 578 20
560 590 2
560 599 60
561 562 78
561 598 14
562 563 1
562 566 63
562 582 87
563 564 52
563 565 86
563 582 84
564 565 37
565 566 34
566 567 6
567 568 39
567 585 50
568 569 38
568 595 96
569 570 22
569 576 11
569 581 73
570 571 10
570 579 93
570 588 44
571 572 30
571 589 43
572 573 38
572 590 44
572 596 67
573 574 32
573 580 51
574 575 29
575 576 33
575 580 30
575 581 14
575 587 19
576 577 4
577 578 9
577 588 50
578 579 66
578 597 36
579 580 51
579 583 72
580 581 28
581 582 26
582 583 88
582 590 30
583 584 94
583 593 4
583 594 60
583 599 39
584 585 95
585 586 37
585 588 100
585 599 94
586 587 83
587 588 5
587 589 26
587 597 36
588 589 85
589 590 77
590 591 55
591 592 6
592 593 71
593 594 33
593 597 29
594 595 7
594 599 68
595 596 92
596 597 91
597 598 96
598 599 76
599 600 88
