500 4894 167 1828
   2  55 117 176 228 292 353 424 487
   8  56 119 178 231 295 354 425 489
  11  61 122 181 232 298 356 426 492
  12  64 123 182 233 302 364 430 495
  19  67 126 183 234 309 365 432 496
  20  68 130 187 237 310 367 437 498
  21  70 137 190 240 313 368 438 500
  27  74 139 192 241 315 370 441
  29  76 140 195 244 318 381 451
  30  80 143 201 249 324 383 452
  31  81 147 204 255 326 385 453
  32  82 148 211 259 332 392 454
  33  91 152 212 260 333 394 458
  37  92 153 215 262 334 396 464
  39  97 160 216 266 336 410 465
  43  98 161 217 277 337 412 470
  44 100 162 221 278 339 413 473
  50 102 168 222 280 342 417 476
  51 105 169 223 284 343 422 481
  52 116 173 225 290 346 423 483
1 2 87
1 54 55
1 121 52
1 152 44
1 155 63
1 170 50
1 182 11
1 190 20
1 263 60
1 291 53
1 323 31
1 375 73
1 385 50
1 427 60
1 454 37
1 457 46
1 481 94
1 489 50
1 500 85
2 3 11
2 25 6
2 82 77
2 112 30
2 113 90
2 218 61
2 270 49
2 277 90
2 394 34
2 425 92
2 452 90
2 476 43
2 496 51
3 4 40
3 29 33
3 63 89
3 64 38
3 150 16
3 168 77
3 176 71
3 190 65
3 207 31
3 223 90
3 250 67
3 257 49
3 265 9
3 274 24
3 292 8
3 293 97
3 333 62
3 354 44
3 473 17
3 487 34
3 489 25
4 5 83
4 61 67
4 62 40
4 121 23
4 143 89
4 151 68
4 161 81
4 217 8
4 246 11
4 267 26
4 278 24
4 279 20
4 292 96
4 382 44
4 454 64
4 485 17
5 6 30
5 15 28
5 22 45
5 33 1
5 54 15
5 120 33
5 159 95
5 173 68
5 197 54
5 252 45
5 263 68
5 283 83
5 285 14
5 325 46
5 327 36
5 329 38
5 419 46
5 426 37
5 458 100
5 474 15
6 7 73
6 58 80
6 59 79
6 82 41
6 130 6
6 146 72
6 147 87
6 153 90
6 216 18
6 221 72
6 226 19
6 243 36
6 255 77
6 319 33
6 350 12
6 395 56
6 415 81
7 8 7
7 33 32
7 57 49
7 82 48
7 116 47
7 125 96
7 126 39
7 132 78
7 139 70
7 184 41
7 266 69
7 273 35
7 307 63
7 313 54
7 386 11
7 411 10
7 422 98
7 453 52
7 455 48
8 9 6
8 41 6
8 59 61
8 75 4
8 85 26
8 96 12
8 104 12
8 128 27
8 157 50
8 158 76
8 171 92
8 185 91
8 187 36
8 207 79
8 210 22
8 211 31
8 226 55
8 260 41
8 283 85
8 287 57
8 319 100
8 326 89
8 443 24
8 446 70
8 479 97
8 484 52
9 10 55
9 53 100
9 82 96
9 112 52
9 167 35
9 227 61
9 262 76
9 268 77
9 272 90
9 295 97
9 315 95
9 336 26
9 355 36
9 366 86
9 429 87
9 436 28
9 447 91
9 477 55
9 495 22
10 11 88
10 14 98
10 43 68
10 47 94
10 86 58
10 105 33
10 185 75
10 225 93
10 246 19
10 267 82
10 310 43
10 331 68
10 346 62
10 367 57
10 396 78
10 414 48
10 426 8
10 444 74
11 12 81
11 144 74
11 210 3
11 275 55
11 306 74
11 355 11
11 362 67
11 367 97
11 411 92
11 412 73
11 436 39
11 452 89
11 454 93
11 474 14
11 476 76
12 13 73
12 31 56
12 43 83
12 75 45
12 80 61
12 83 22
12 202 46
12 214 55
12 335 35
12 338 61
12 362 72
12 374 98
13 14 4
13 16 16
13 83 93
13 98 55
13 156 3
13 239 77
13 304 37
13 312 6
13 340 22
13 425 96
13 427 58
14 15 87
14 48 79
14 66 25
14 91 84
14 101 93
14 106 56
14 114 77
14 175 47
14 177 30
14 233 18
14 297 58
14 317 63
14 348 48
14 354 56
14 356 21
14 385 93
14 431 7
15 16 33
15 45 13
15 67 43
15 68 51
15 113 23
15 136 25
15 180 13
15 267 58
15 329 79
15 345 64
15 347 79
15 349 73
15 373 14
15 396 8
15 458 38
15 466 25
15 477 62
16 17 95
16 32 80
16 59 62
16 68 22
16 77 60
16 113 97
16 114 61
16 137 91
16 155 53
16 229 36
16 231 63
16 249 21
16 252 4
16 266 14
16 315 7
16 317 28
16 353 8
16 354 18
16 372 78
16 405 12
16 436 43
16 466 4
16 476 38
16 481 13
17 18 9
17 21 39
17 29 14
17 54 87
17 60 46
17 73 29
17 81 11
17 87 41
17 139 33
17 166 31
17 183 49
17 187 43
17 227 81
17 240 29
17 248 88
17 283 74
17 303 70
17 411 38
18 19 96
18 76 61
18 151 88
18 154 11
18 166 86
18 199 4
18 246 22
18 247 34
18 305 89
18 336 96
18 395 68
18 478 37
19 20 55
19 29 86
19 43 43
19 73 78
19 98 39
19 115 63
19 153 98
19 184 32
19 190 81
19 211 16
19 249 17
19 253 24
19 260 17
19 273 94
19 298 63
19 387 88
19 390 95
19 428 50
20 21 3
20 25 45
20 36 1
20 60 21
20 62 1
20 65 92
20 72 28
20 75 8
20 85 83
20 141 42
20 154 7
20 159 84
20 186 63
20 194 78
20 227 63
20 245 21
20 269 1
20 317 82
20 351 43
20 381 37
20 419 73
20 462 80
21 22 3
21 25 38
21 82 42
21 98 96
21 187 76
21 206 7
21 235 58
21 239 86
21 247 49
21 257 41
21 289 6
21 297 30
21 298 81
21 311 21
21 315 54
21 316 27
21 325 97
21 326 77
21 336 68
21 352 40
21 393 2
21 433 54
21 460 4
21 466 60
21 477 44
22 23 31
22 44 42
22 88 50
22 127 5
22 144 11
22 159 48
22 205 60
22 238 34
22 334 73
22 338 45
22 344 79
22 354 80
22 366 70
22 374 64
22 377 52
22 396 49
22 398 4
22 432 43
22 464 47
22 482 9
23 24 50
23 64 32
23 78 7
23 81 73
23 126 93
23 147 85
23 193 66
23 200 44
23 276 71
23 282 82
23 329 60
23 350 68
23 365 14
23 411 57
23 440 86
24 25 57
24 30 63
24 46 90
24 101 6
24 103 90
24 156 21
24 161 21
24 172 18
24 217 56
24 276 58
24 286 38
24 290 6
24 291 89
24 317 92
24 350 81
24 382 36
24 383 94
24 393 43
24 412 45
25 26 45
25 112 28
25 114 88
25 130 86
25 248 99
25 261 47
25 315 81
25 362 16
25 367 100
25 418 51
25 419 71
25 451 64
25 452 19
25 463 83
25 469 11
25 474 67
26 27 15
26 32 17
26 55 15
26 69 65
26 109 8
26 129 78
26 148 24
26 157 66
26 161 92
26 232 53
26 248 55
26 267 89
26 275 95
26 297 80
26 298 2
26 338 34
26 390 88
26 398 9
26 412 81
26 417 80
26 443 88
26 454 18
26 473 17
26 474 26
26 495 87
27 28 18
27 38 69
27 104 39
27 177 19
27 276 76
27 300 73
27 459 14
27 471 97
28 29 35
28 35 69
28 38 75
28 71 24
28 87 93
28 120 32
28 139 40
28 140 76
28 154 79
28 198 64
28 221 93
28 249 53
28 305 96
28 343 7
28 344 28
28 384 94
28 406 51
28 460 11
28 480 71
29 30 50
29 152 23
29 174 77
29 239 77
29 252 35
29 260 51
29 278 93
29 288 5
29 350 86
29 354 42
29 361 1
29 382 4
29 438 37
29 466 87
29 473 4
29 487 79
29 496 65
30 31 38
30 34 6
30 40 24
30 58 49
30 66 26
30 76 16
30 79 43
30 91 16
30 111 74
30 164 99
30 198 99
30 210 33
30 216 85
30 242 3
30 243 93
30 293 60
30 295 25
30 375 1
30 492 68
30 497 9
31 32 24
31 76 22
31 113 78
31 139 16
31 143 51
31 154 26
31 162 85
31 177 17
31 181 52
31 232 68
31 236 84
31 238 13
31 303 94
31 334 28
31 341 84
31 398 13
31 444 62
31 449 67
31 452 93
32 33 98
32 34 70
32 67 89
32 72 95
32 79 80
32 93 94
32 115 45
32 141 97
32 151 28
32 181 48
32 207 12
32 209 15
32 220 65
32 238 66
32 248 61
32 280 23
32 329 4
32 369 24
32 448 17
32 465 82
32 473 14
32 498 33
33 34 16
33 54 38
33 60 11
33 116 21
33 188 29
33 190 72
33 191 66
33 215 13
33 247 9
33 322 3
33 333 43
33 352 19
33 356 90
33 383 51
33 402 8
34 35 29
34 138 34
34 157 1
34 164 17
34 165 53
34 206 58
34 266 45
34 278 65
34 281 80
34 336 2
34 362 48
34 416 8
34 433 75
34 446 85
34 465 96
34 466 73
34 498 43
35 36 96
35 39 94
35 44 64
35 53 28
35 119 96
35 131 66
35 190 97
35 216 9
35 230 38
35 237 48
35 316 40
35 319 25
35 349 18
35 357 72
35 391 7
35 401 51
35 412 45
35 421 98
35 457 82
36 37 63
36 44 72
36 45 58
36 53 4
36 77 16
36 90 81
36 121 6
36 135 57
36 146 81
36 252 3
36 284 11
36 303 90
36 353 66
36 355 44
36 368 21
36 369 63
36 370 42
36 377 84
36 415 26
36 426 59
36 467 55
37 38 61
37 50 58
37 54 40
37 78 68
37 89 36
37 117 46
37 119 67
37 127 31
37 131 5
37 135 48
37 167 63
37 174 66
37 195 67
37 236 86
37 272 31
37 305 86
37 347 67
37 376 20
37 406 60
37 421 11
37 448 67
37 456 67
37 468 40
38 39 30
38 103 7
38 229 26
38 239 72
38 269 80
38 277 83
38 286 80
38 298 58
38 305 6
38 323 76
38 340 77
38 369 71
38 392 78
38 399 26
38 456 81
38 471 22
38 473 40
39 40 2
39 61 42
39 116 76
39 138 6
39 179 66
39 190 74
39 194 29
39 198 54
39 207 85
39 242 26
39 274 1
39 376 36
39 380 10
39 427 50
39 428 77
39 439 68
39 485 41
39 486 59
40 41 21
40 84 79
40 148 46
40 151 16
40 157 45
40 220 87
40 254 41
40 344 93
40 350 63
40 433 60
40 472 16
40 477 27
40 482 42
40 485 35
40 486 51
41 42 84
41 90 19
41 111 60
41 154 69
41 166 30
41 199 47
41 205 94
41 264 5
41 364 36
41 414 41
41 448 70
41 477 58
41 496 97
42 43 83
42 69 16
42 70 59
42 80 75
42 89 4
42 105 81
42 281 24
42 315 55
42 322 81
42 337 90
42 367 70
42 380 36
42 408 20
42 409 51
43 44 39
43 130 78
43 141 27
43 159 3
43 164 43
43 168 31
43 169 47
43 213 7
43 224 18
43 231 7
43 237 91
43 257 27
43 286 2
43 303 85
43 348 9
43 358 62
43 384 12
43 460 63
44 45 11
44 194 27
44 245 7
44 247 93
44 268 52
44 292 88
44 294 98
44 306 13
44 326 20
44 357 92
44 359 93
44 451 87
44 468 64
44 472 71
44 474 83
45 46 72
45 48 89
45 61 95
45 62 3
45 180 17
45 195 66
45 266 40
45 278 33
45 347 78
45 384 10
45 416 70
45 433 56
45 476 28
46 47 83
46 131 15
46 165 90
46 217 66
46 277 80
46 316 84
46 332 4
46 357 17
46 369 17
46 388 35
46 407 34
46 441 25
46 487 100
46 499 87
47 48 55
47 70 45
47 90 95
47 112 21
47 124 72
47 127 39
47 132 37
47 138 91
47 228 60
47 230 96
47 252 1
47 260 24
47 268 6
47 310 38
47 344 5
47 390 35
47 408 50
47 427 72
47 499 14
48 49 66
48 93 60
48 201 17
48 218 18
48 227 7
48 368 81
48 390 89
48 407 59
48 419 89
48 438 5
48 478 11
48 490 26
49 50 96
49 208 13
49 281 95
49 297 42
49 304 73
49 354 2
49 367 41
49 399 46
49 451 84
49 479 3
50 51 47
50 53 41
50 54 46
50 57 79
50 63 42
50 80 12
50 236 99
50 248 54
50 359 23
50 378 84
50 382 100
50 390 48
50 400 11
50 414 19
50 416 99
50 431 45
50 436 8
50 458 32
50 478 34
50 481 96
50 482 16
50 483 10
51 52 54
51 60 19
51 66 26
51 101 26
51 117 36
51 120 5
51 159 15
51 169 15
51 174 75
51 177 35
51 187 38
51 200 62
51 205 37
51 225 37
51 226 3
51 287 99
51 298 19
51 319 74
51 341 27
51 454 98
51 474 49
51 487 42
52 53 29
52 73 15
52 89 68
52 104 4
52 125 60
52 129 83
52 143 47
52 154 82
52 178 84
52 227 1
52 300 47
52 304 61
52 361 95
52 362 54
52 376 13
52 398 12
52 422 62
52 471 3
52 483 70
53 54 91
53 96 9
53 104 66
53 135 97
53 155 100
53 276 10
53 306 35
53 312 96
53 317 3
53 336 53
53 355 24
53 403 18
53 405 91
53 426 79
53 440 57
53 499 46
54 55 3
54 63 76
54 71 86
54 94 80
54 151 36
54 193 53
54 209 89
54 230 19
54 287 30
54 329 19
54 368 66
54 375 43
54 384 12
54 401 6
54 402 8
54 406 44
54 429 73
54 467 59
55 56 94
55 105 28
55 108 95
55 122 38
55 228 18
55 243 23
55 346 80
55 371 82
55 381 72
55 388 99
55 400 59
55 405 8
55 498 44
56 57 62
56 62 32
56 66 100
56 81 47
56 151 68
56 179 29
56 181 90
56 207 46
56 244 32
56 261 55
56 288 16
56 304 56
56 310 73
56 317 58
56 318 20
56 319 76
56 443 99
56 480 14
56 487 35
57 58 29
57 94 94
57 102 71
57 131 53
57 149 36
57 167 16
57 172 68
57 192 4
57 232 5
57 255 70
57 274 39
57 297 81
57 302 15
57 367 86
57 386 46
57 400 13
57 423 20
57 497 11
58 59 72
58 68 87
58 118 91
58 169 77
58 199 59
58 201 69
58 238 67
58 265 70
58 300 68
58 319 37
58 349 81
58 353 7
58 425 88
58 461 100
59 60 73
59 65 94
59 207 95
59 220 23
59 245 36
59 272 81
59 302 100
59 348 30
59 354 70
59 375 39
59 383 80
59 394 80
59 434 11
59 459 91
59 465 1
59 467 1
59 475 46
59 484 78
60 61 37
60 89 46
60 91 38
60 139 85
60 179 60
60 185 55
60 200 27
60 249 26
60 266 44
60 297 99
60 320 21
60 333 76
60 347 4
60 353 9
60 357 51
60 379 15
60 389 50
60 406 43
60 410 12
60 418 61
60 430 51
60 445 46
60 463 52
60 478 70
60 489 70
61 62 86
61 65 90
61 99 47
61 121 43
61 129 86
61 184 18
61 209 33
61 216 69
61 278 83
61 303 84
61 388 16
61 403 93
61 449 5
61 462 6
62 63 66
62 85 62
62 90 33
62 100 66
62 103 3
62 104 4
62 134 4
62 148 28
62 189 40
62 212 38
62 221 37
62 252 89
62 353 54
62 411 23
62 421 6
62 453 58
62 470 20
62 471 8
62 475 5
63 64 28
63 83 55
63 91 43
63 103 97
63 109 87
63 158 34
63 178 95
63 192 75
63 287 53
63 366 73
63 392 10
63 422 57
63 423 97
63 441 56
63 448 50
63 487 90
64 65 82
64 128 19
64 130 84
64 148 38
64 165 11
64 199 5
64 220 95
64 258 61
64 296 89
64 299 98
64 347 4
64 414 6
64 432 57
64 452 19
64 455 30
64 467 43
65 66 29
65 137 77
65 139 36
65 141 17
65 147 60
65 198 97
65 203 35
65 210 83
65 236 73
65 256 90
65 264 3
65 314 100
65 337 2
65 347 39
65 352 48
65 369 15
65 381 80
65 397 96
65 444 91
65 493 18
66 67 31
66 109 44
66 136 28
66 202 66
66 231 42
66 238 96
66 242 100
66 273 29
66 277 91
66 281 56
66 297 100
66 300 67
66 331 76
66 363 60
66 364 54
66 365 71
66 389 14
66 398 73
66 465 74
66 489 14
67 68 57
67 116 52
67 145 59
67 159 14
67 163 86
67 174 32
67 223 93
67 226 52
67 264 96
67 308 59
67 380 89
67 453 67
67 477 11
67 491 88
68 69 47
68 88 10
68 94 82
68 214 11
68 246 52
68 273 5
68 280 75
68 331 49
68 349 70
68 384 55
68 415 88
68 450 81
68 469 29
68 474 90
68 491 24
68 497 42
69 70 76
69 90 69
69 98 76
69 118 90
69 153 58
69 163 55
69 276 47
69 362 10
69 372 45
69 390 16
69 398 54
69 399 77
69 415 64
69 485 76
70 71 2
70 88 50
70 122 18
70 166 3
70 167 26
70 170 77
70 207 76
70 235 20
70 237 70
70 241 98
70 242 22
70 265 28
70 291 7
70 295 43
70 343 95
70 373 47
70 410 86
70 441 83
70 443 24
70 477 37
70 493 36
71 72 9
71 165 24
71 182 53
71 191 72
71 221 67
71 234 22
71 265 73
71 308 3
71 363 95
71 372 41
71 450 88
71 491 87
72 73 22
72 132 31
72 161 34
72 202 75
72 223 82
72 250 22
72 297 11
72 318 13
72 326 33
72 342 20
72 381 98
72 388 33
72 399 96
72 405 44
72 439 97
73 74 27
73 139 83
73 223 72
73 244 77
73 250 25
73 264 28
73 274 76
73 282 13
73 301 83
73 364 1
73 402 96
73 453 49
73 460 55
73 482 33
73 498 69
73 499 58
74 75 3
74 188 79
74 194 28
74 212 94
74 230 6
74 263 40
74 308 74
74 310 21
74 323 1
74 352 45
74 372 63
74 373 34
74 376 99
74 460 52
75 76 53
75 95 67
75 159 45
75 185 14
75 190 17
75 214 45
75 219 67
75 301 80
75 329 62
75 335 95
75 353 63
75 378 33
75 440 82
75 443 30
75 461 97
76 77 17
76 102 49
76 128 74
76 152 45
76 168 49
76 169 57
76 187 57
76 199 23
76 200 51
76 216 92
76 274 23
76 275 85
76 307 45
76 313 51
76 323 18
76 326 47
76 341 58
76 418 99
76 458 45
76 472 81
76 480 49
77 78 100
77 89 20
77 100 43
77 133 70
77 155 42
77 164 16
77 169 33
77 196 84
77 210 58
77 216 2
77 230 17
77 303 77
77 304 98
77 332 9
77 338 28
77 386 8
77 399 50
77 411 13
77 496 30
77 498 68
78 79 28
78 105 24
78 124 78
78 142 91
78 189 49
78 232 2
78 233 95
78 273 61
78 285 88
78 310 97
78 368 99
78 458 85
79 80 52
79 148 21
79 168 7
79 171 10
79 183 88
79 191 71
79 214 46
79 242 17
79 246 16
79 247 11
79 260 18
79 304 18
79 385 41
79 387 29
79 389 54
79 391 94
79 415 44
79 419 11
79 481 3
79 484 70
80 81 100
80 120 83
80 184 53
80 224 86
80 246 67
80 272 42
80 275 22
80 287 28
80 300 4
80 305 17
80 323 86
80 409 41
80 451 82
81 82 34
81 105 80
81 156 42
81 184 65
81 238 46
81 251 65
81 265 6
81 324 60
81 352 44
81 355 56
81 366 31
81 372 81
81 383 32
82 83 77
82 133 73
82 140 87
82 221 99
82 250 45
82 342 66
82 352 92
82 366 90
82 400 64
82 402 11
82 438 88
82 493 63
83 84 49
83 91 11
83 107 91
83 120 21
83 128 55
83 177 47
83 223 62
83 240 99
83 293 81
83 338 43
83 379 69
83 387 76
84 85 59
84 134 15
84 162 63
84 166 38
84 217 41
84 242 9
84 251 24
84 263 68
84 276 16
84 351 57
85 86 53
85 128 73
85 137 16
85 173 10
85 187 60
85 196 9
85 242 71
85 246 23
85 291 28
85 294 64
85 331 86
85 348 7
85 354 61
85 363 81
85 379 55
85 426 86
85 440 78
85 465 8
85 491 19
86 87 72
86 146 53
86 235 77
86 236 70
86 287 85
86 295 26
86 348 48
86 353 44
86 378 42
86 385 72
86 409 75
86 411 51
86 417 26
86 420 91
86 424 88
86 428 100
86 447 86
86 458 16
86 488 11
87 88 34
87 94 66
87 143 48
87 154 73
87 157 32
87 182 82
87 218 20
87 256 95
87 260 27
87 284 3
87 364 63
87 401 82
88 89 38
88 96 1
88 98 14
88 107 94
88 115 15
88 163 91
88 184 69
88 198 30
88 222 3
88 239 57
88 263 57
88 302 91
88 334 60
88 347 36
88 424 92
88 452 84
88 469 15
88 479 78
89 90 79
89 128 19
89 224 96
89 229 6
89 244 100
89 290 75
89 313 5
89 353 7
89 380 77
89 392 77
89 400 43
89 404 64
89 410 20
89 414 58
89 483 76
89 496 20
90 91 56
90 126 28
90 135 78
90 192 88
90 199 11
90 226 67
90 254 6
90 257 60
90 344 73
90 359 13
90 395 20
90 427 26
90 429 34
90 482 53
90 487 2
91 92 59
91 98 90
91 128 77
91 133 7
91 151 52
91 159 70
91 190 14
91 196 87
91 213 87
91 272 67
91 328 81
91 340 5
91 356 42
91 395 58
91 404 45
91 406 61
91 426 15
91 435 6
91 437 47
91 449 50
91 455 1
91 487 34
92 93 7
92 134 87
92 140 52
92 146 76
92 198 79
92 279 28
92 372 32
92 418 88
92 420 54
92 439 71
92 495 48
93 94 79
93 163 22
93 164 48
93 176 74
93 186 59
93 209 51
93 264 19
93 267 71
93 315 43
93 324 24
93 342 36
93 381 95
93 385 38
93 424 13
93 459 87
93 467 31
93 474 46
93 482 24
93 498 29
94 95 22
94 162 17
94 188 30
94 221 92
94 247 66
94 267 82
94 279 90
94 296 19
94 298 64
94 337 38
94 355 89
94 365 46
94 411 43
94 419 94
94 430 2
94 445 24
94 447 55
95 96 46
95 99 48
95 106 69
95 201 72
95 205 3
95 211 13
95 267 32
95 276 25
95 290 57
95 345 65
95 365 76
95 410 4
95 415 71
95 454 94
96 97 79
96 103 46
96 116 60
96 133 89
96 183 74
96 200 14
96 223 90
96 256 7
96 278 32
96 291 30
96 327 83
96 339 71
96 340 85
96 396 16
96 398 25
96 424 48
97 98 40
97 110 54
97 171 36
97 215 43
97 236 46
97 261 82
97 262 95
97 356 66
97 378 94
97 391 88
97 415 63
97 421 49
97 423 55
97 460 44
97 494 33
98 99 41
98 135 40
98 148 34
98 149 2
98 192 67
98 227 61
98 252 69
98 258 34
98 261 34
98 270 5
98 300 16
98 333 90
98 339 35
98 373 10
98 374 86
98 382 1
98 416 30
98 430 65
98 467 73
98 485 99
98 488 66
99 100 65
99 181 11
99 203 37
99 214 37
99 221 15
99 232 9
99 263 25
99 306 93
99 343 23
99 344 72
99 369 87
99 415 70
99 417 85
99 419 10
99 463 94
99 478 12
100 101 46
100 108 94
100 115 24
100 118 80
100 122 51
100 149 66
100 201 32
100 207 54
100 251 14
100 273 98
100 360 94
100 379 50
100 407 50
100 488 67
101 102 88
101 106 69
101 127 21
101 131 10
101 220 32
101 253 61
101 256 60
101 281 68
101 315 8
101 358 23
101 447 82
101 467 88
101 473 82
102 103 16
102 151 77
102 198 99
102 244 72
102 324 43
102 343 87
102 370 74
102 390 40
102 454 81
102 464 17
102 473 64
103 104 40
103 110 60
103 111 11
103 122 33
103 154 73
103 174 36
103 191 36
103 225 75
103 268 70
103 285 35
103 304 20
103 311 50
103 362 55
103 375 65
103 495 36
104 105 20
104 136 16
104 161 56
104 164 30
104 170 41
104 174 66
104 206 47
104 229 88
104 249 61
104 275 36
104 289 86
104 340 75
104 379 17
104 381 62
104 385 80
104 391 26
104 400 27
104 401 48
104 412 88
104 434 80
104 454 85
104 476 37
105 106 37
105 108 28
105 207 68
105 219 66
105 248 45
105 254 21
105 276 11
105 316 71
105 351 95
105 378 75
105 382 48
105 396 70
105 420 33
105 439 60
105 488 88
105 497 78
106 107 82
106 126 32
106 159 59
106 161 58
106 165 60
106 183 60
106 259 69
106 323 34
106 348 98
106 354 73
106 384 28
106 412 11
106 436 22
106 437 85
106 476 54
107 108 10
107 163 11
107 173 100
107 207 69
107 241 28
107 263 37
107 310 51
107 338 92
107 347 52
107 456 14
107 461 88
107 493 93
108 109 63
108 112 59
108 132 35
108 152 27
108 173 21
108 180 6
108 183 86
108 188 61
108 320 90
108 323 60
108 325 31
108 326 97
108 352 94
108 389 19
108 399 5
108 403 44
108 408 91
108 424 14
108 429 1
108 431 44
108 432 87
108 458 58
109 110 43
109 112 84
109 134 64
109 174 48
109 197 2
109 234 2
109 235 5
109 243 67
109 257 59
109 260 34
109 310 48
109 330 27
109 408 30
109 450 29
109 469 40
110 111 1
110 183 89
110 190 28
110 218 98
110 241 31
110 322 53
110 396 86
110 413 5
110 420 12
110 447 58
110 494 38
110 496 32
111 112 88
111 128 69
111 175 35
111 195 47
111 198 46
111 200 78
111 206 100
111 327 69
111 415 90
111 420 69
111 443 9
112 113 92
112 123 55
112 132 35
112 186 79
112 232 7
112 330 34
112 344 54
112 381 78
112 418 9
112 441 64
112 442 46
112 451 48
112 492 55
113 114 42
113 139 84
113 170 53
113 178 69
113 204 28
113 225 57
113 226 73
113 248 16
113 416 27
113 453 53
113 470 79
113 487 7
113 489 69
114 115 10
114 116 60
114 177 57
114 234 4
114 264 60
114 406 8
114 424 53
114 452 49
114 488 86
115 116 22
115 171 58
115 203 28
115 216 54
115 220 82
115 223 72
115 228 74
115 256 11
115 259 74
115 262 52
115 334 4
115 349 36
115 374 98
115 388 59
115 422 18
115 437 29
115 455 43
115 462 98
115 481 70
115 484 46
116 117 85
116 130 53
116 138 53
116 173 48
116 192 21
116 200 55
116 273 75
116 327 83
116 359 73
116 430 74
116 452 51
117 118 22
117 196 74
117 202 80
117 261 32
117 263 70
117 418 78
117 456 85
117 479 32
117 493 91
118 119 21
118 163 100
118 179 6
118 222 1
118 233 80
118 238 46
118 239 78
118 248 25
118 255 60
118 260 95
118 287 64
118 314 42
118 384 99
118 392 84
118 406 28
118 436 29
119 120 16
119 153 91
119 158 21
119 190 24
119 196 18
119 225 15
119 233 58
119 302 82
119 313 39
119 371 54
119 395 14
119 411 63
119 414 49
119 419 50
119 423 38
119 491 25
120 121 49
120 125 10
120 140 39
120 158 77
120 210 42
120 257 42
120 281 82
120 300 82
120 315 14
120 349 99
120 354 10
120 378 24
120 417 50
120 427 43
120 428 60
120 442 84
120 469 20
120 491 37
121 122 84
121 179 88
121 210 17
121 218 95
121 227 11
121 315 89
121 354 41
121 371 42
121 452 68
121 475 23
121 496 58
122 123 90
122 127 60
122 192 23
122 201 62
122 210 98
122 218 42
122 222 34
122 259 31
122 275 1
122 312 50
122 315 31
122 316 10
122 347 74
122 395 12
122 420 72
122 422 30
122 490 62
122 499 23
123 124 56
123 233 43
123 278 42
123 294 38
123 314 84
123 392 21
123 413 86
123 423 89
123 427 38
123 463 99
123 466 44
123 467 20
124 125 28
124 180 65
124 188 9
124 211 8
124 230 32
124 256 27
124 294 83
124 302 72
124 330 22
124 374 36
124 377 32
124 381 13
124 395 52
124 402 53
124 440 73
124 463 63
124 467 57
124 488 67
125 126 5
125 146 31
125 167 40
125 213 44
125 255 56
125 261 57
125 285 46
125 353 32
125 363 95
125 374 64
125 468 54
126 127 74
126 163 48
126 171 11
126 191 92
126 204 42
126 205 34
126 276 33
126 287 30
126 321 73
126 326 55
126 331 41
126 343 92
126 384 22
126 416 97
126 421 100
126 446 96
126 456 42
126 458 27
127 128 89
127 143 52
127 153 28
127 159 15
127 195 34
127 247 56
127 248 70
127 282 79
127 288 17
127 305 100
127 331 49
127 393 10
127 438 38
127 470 49
128 129 33
128 185 62
128 193 78
128 205 13
128 235 27
128 267 66
128 284 68
128 331 44
128 403 82
128 437 100
128 441 13
128 454 5
128 465 40
129 130 70
129 136 67
129 187 1
129 232 48
129 257 17
129 272 51
129 388 80
129 419 1
129 433 23
129 456 61
130 131 24
130 159 27
130 170 33
130 208 97
130 210 51
130 228 88
130 231 58
130 237 45
130 241 53
130 286 73
130 301 2
130 308 19
130 310 20
130 321 46
130 335 58
130 371 47
130 394 95
130 406 57
130 435 26
130 477 39
131 132 46
131 175 7
131 269 10
131 325 43
131 344 77
131 349 19
131 381 98
131 399 62
131 456 14
131 483 27
132 133 37
132 218 98
132 241 33
132 243 66
132 245 52
132 261 66
132 298 92
132 299 75
132 319 46
132 336 55
132 364 81
132 420 31
132 469 82
132 474 2
132 478 43
133 134 66
133 144 95
133 186 32
133 206 13
133 214 20
133 250 68
133 275 11
133 283 42
133 298 64
133 299 47
133 329 59
133 365 76
133 439 6
133 465 62
134 135 8
134 175 100
134 181 49
134 184 94
134 192 28
134 227 2
134 298 38
134 308 21
134 312 47
134 340 8
134 369 87
134 371 64
134 384 79
134 430 79
134 450 53
135 136 83
135 195 15
135 220 95
135 244 80
135 267 27
135 272 97
135 276 86
135 284 86
135 327 87
135 335 46
135 383 44
135 390 14
135 452 41
135 485 61
135 497 93
136 137 81
136 145 70
136 150 47
136 195 50
136 221 96
136 336 1
136 352 51
136 388 48
136 413 7
136 414 92
136 451 68
136 461 98
136 466 59
136 489 85
137 138 3
137 143 50
137 194 5
137 201 74
137 202 83
137 211 17
137 227 63
137 246 4
137 272 4
137 286 5
137 349 81
137 358 12
137 461 91
137 480 24
137 486 6
137 488 65
138 139 98
138 144 88
138 159 30
138 160 8
138 172 27
138 194 63
138 217 57
138 254 77
138 264 43
138 283 1
138 292 24
138 294 28
138 364 11
138 375 74
138 424 59
138 463 23
138 487 71
139 140 38
139 158 5
139 175 62
139 184 27
139 192 34
139 196 60
139 241 43
139 249 16
139 268 29
139 297 24
139 300 80
139 339 44
139 417 69
139 440 77
140 141 68
140 167 99
140 192 54
140 204 48
140 208 54
140 265 88
140 295 86
140 301 58
140 332 33
140 349 22
140 350 100
140 422 45
140 427 46
140 474 84
140 482 99
141 142 89
141 149 73
141 152 78
141 186 36
141 200 27
141 210 91
141 248 6
141 258 55
141 269 1
141 369 46
141 389 5
141 407 17
141 496 47
142 143 57
142 164 71
142 191 17
142 192 2
142 221 94
142 263 22
142 345 80
142 349 19
142 428 88
142 433 10
142 437 38
142 463 46
142 474 4
142 483 90
143 144 79
143 149 59
143 205 48
143 277 90
143 286 97
143 372 100
143 402 44
143 403 93
144 145 57
144 159 4
144 166 80
144 212 79
144 293 62
144 296 1
144 312 83
144 327 97
144 335 55
144 343 66
144 361 20
144 414 58
144 429 70
144 440 32
144 441 4
144 456 71
144 462 17
144 468 14
144 487 25
144 488 41
145 146 21
145 221 54
145 226 99
145 248 78
145 291 17
145 292 12
145 293 31
145 329 39
145 356 61
145 376 1
145 378 55
145 398 73
145 403 12
145 432 64
145 475 87
146 147 55
146 183 71
146 186 92
146 192 83
146 232 23
146 283 100
146 303 32
146 404 19
146 406 40
146 470 9
146 483 54
147 148 49
147 205 72
147 217 91
147 220 5
147 346 8
147 350 92
147 375 75
147 394 50
147 414 47
148 149 54
148 201 17
148 269 100
148 287 48
148 298 43
148 326 79
148 389 50
148 421 67
148 435 24
148 465 86
148 486 58
149 150 10
149 152 21
149 188 39
149 205 35
149 211 19
149 267 50
149 268 55
149 285 54
149 290 75
149 299 59
149 303 72
149 320 17
149 346 20
149 390 55
149 452 53
149 494 95
150 151 53
150 222 64
150 234 57
150 279 74
150 290 34
150 298 33
150 327 69
150 346 17
150 348 71
150 461 32
151 152 34
151 154 76
151 155 62
151 157 3
151 171 11
151 188 27
151 219 12
151 271 99
151 294 34
151 303 90
151 324 68
151 364 37
151 394 19
151 401 86
151 429 4
151 498 21
152 153 18
152 185 46
152 192 35
152 209 56
152 299 82
152 335 71
152 394 29
152 492 50
153 154 51
153 161 83
153 245 81
153 351 48
153 373 84
153 404 93
153 454 91
153 461 64
153 475 21
153 479 47
154 155 9
154 156 6
154 201 96
154 207 59
154 349 60
154 365 79
154 368 66
154 372 18
154 377 19
154 436 77
155 156 44
155 161 75
155 165 57
155 185 87
155 310 95
155 364 9
155 435 23
155 478 53
155 484 40
156 157 54
156 161 70
156 164 15
156 215 98
156 232 2
156 278 30
156 319 22
156 324 20
156 377 33
156 380 7
156 410 80
156 413 26
156 416 59
156 444 68
156 477 65
157 158 18
157 198 76
157 219 97
157 242 79
157 257 91
157 301 59
157 335 20
157 350 13
157 368 47
157 390 62
157 394 40
158 159 15
158 161 22
158 162 53
158 165 67
158 189 72
158 210 73
158 213 82
158 221 76
158 292 52
158 344 38
158 346 11
158 347 32
158 384 35
158 389 85
158 416 41
158 496 97
159 160 22
159 166 97
159 195 68
159 209 71
159 244 10
159 249 85
159 267 73
159 277 15
159 286 95
159 298 87
159 311 90
159 327 61
159 346 89
159 406 52
159 421 32
159 435 12
159 442 93
159 471 56
159 496 46
159 499 77
160 161 54
160 172 92
160 198 97
160 218 20
160 247 91
160 298 30
160 350 39
160 352 62
160 355 31
160 373 6
160 377 96
160 390 43
160 398 5
160 418 62
160 437 22
160 462 43
160 479 64
161 162 95
161 222 34
161 237 71
161 246 65
161 251 92
161 329 95
161 371 4
161 376 96
161 389 39
161 393 5
161 412 20
161 428 21
161 471 15
161 472 1
161 483 60
162 163 89
162 222 67
162 235 86
162 351 1
162 354 32
162 427 81
162 459 4
162 462 84
162 491 58
162 498 100
163 164 97
163 183 81
163 225 100
163 244 48
163 305 54
163 323 30
163 396 6
163 427 97
163 494 90
164 165 81
164 188 98
164 192 8
164 202 21
164 218 55
164 226 54
164 235 87
164 248 36
164 249 51
164 276 79
164 283 39
164 293 75
164 308 89
164 319 71
164 389 22
164 405 33
164 488 58
164 492 46
165 166 100
165 182 89
165 214 96
165 235 31
165 241 21
165 258 27
165 262 32
165 301 65
165 304 29
165 307 50
165 388 68
165 478 96
166 167 59
166 172 81
166 178 73
166 225 70
166 264 16
166 272 8
166 284 30
166 292 47
166 300 33
166 314 46
166 319 56
166 323 73
166 347 22
166 417 63
166 484 53
167 168 6
167 172 76
167 174 57
167 182 70
167 239 21
167 245 87
167 247 89
167 250 14
167 294 98
167 316 85
167 331 16
167 356 54
167 361 98
167 374 49
167 379 69
167 380 23
167 495 37
168 169 25
168 171 45
168 267 94
168 275 29
168 295 26
168 411 94
168 464 48
168 471 44
169 170 65
169 198 69
169 205 63
169 206 27
169 240 84
169 255 53
169 291 57
169 362 14
169 371 41
169 401 13
169 405 41
169 415 76
169 477 100
170 171 47
170 194 13
170 200 93
170 204 29
170 218 20
170 250 42
170 260 49
170 270 90
170 286 61
170 344 96
170 346 3
170 370 73
170 397 83
170 422 63
171 172 53
171 194 89
171 199 13
171 207 46
171 210 32
171 242 45
171 370 39
171 402 47
171 412 51
171 442 36
171 451 92
171 476 59
171 493 53
172 173 84
172 210 88
172 229 86
172 256 70
172 320 65
172 322 84
172 324 9
172 350 31
172 351 10
172 402 68
172 414 2
172 425 85
172 456 20
172 476 39
172 477 95
172 496 74
173 174 8
173 179 4
173 195 46
173 232 90
173 235 34
173 300 24
173 321 39
173 330 21
173 359 6
173 373 99
173 391 37
173 417 98
173 424 54
173 456 10
174 175 15
174 209 34
174 219 76
174 240 19
174 243 89
174 253 15
174 261 63
174 269 13
174 279 37
174 314 54
174 347 30
174 350 91
174 450 92
174 464 94
174 485 100
175 176 57
175 217 16
175 255 59
175 265 30
175 310 64
175 337 60
175 349 33
175 357 59
175 372 91
175 405 51
175 430 3
175 432 70
175 484 84
176 177 7
176 186 21
176 205 2
176 208 57
176 237 39
176 256 7
176 334 28
176 347 55
176 399 9
176 443 3
176 485 76
177 178 69
177 196 98
177 203 16
177 218 81
177 313 1
177 323 16
177 324 77
177 419 34
177 426 16
177 447 55
177 453 73
177 460 54
178 179 66
178 251 6
178 272 7
178 302 63
178 308 65
178 310 54
178 359 79
178 429 13
178 450 8
178 481 97
178 493 3
179 180 99
179 196 25
179 206 82
179 218 26
179 244 19
179 268 69
179 295 72
179 313 18
180 181 79
180 298 5
180 318 62
180 407 8
180 432 35
180 452 26
180 485 23
180 488 72
180 493 59
180 499 4
181 182 77
181 227 88
181 247 44
181 269 68
181 303 82
181 350 57
181 356 96
181 358 43
181 380 23
181 411 40
181 459 29
182 183 20
182 201 81
182 306 25
182 478 2
182 481 31
183 184 36
183 213 26
183 284 56
183 304 87
183 339 43
183 354 52
183 373 35
183 457 89
183 463 12
184 185 74
184 213 91
184 215 4
184 263 72
184 280 46
184 326 58
184 332 52
184 356 82
184 376 85
184 439 48
184 456 88
185 186 52
185 255 3
185 274 22
185 275 89
185 277 96
185 308 79
185 328 40
185 368 69
185 379 42
185 393 85
185 404 30
185 450 20
185 468 81
185 475 41
185 480 19
185 492 98
186 187 6
186 201 43
186 210 22
186 215 25
186 253 1
186 265 82
186 273 11
186 312 79
186 351 76
186 403 83
186 430 22
187 188 80
187 253 61
187 268 31
187 273 37
187 342 29
187 407 14
187 415 54
187 437 13
187 441 72
187 442 19
187 453 90
187 457 66
187 463 30
188 189 46
188 204 80
188 231 3
188 250 56
188 266 63
188 272 92
188 288 42
188 319 47
188 326 78
188 373 64
188 427 51
188 429 42
188 468 57
188 491 33
189 190 78
189 193 38
189 201 89
189 221 33
189 226 78
189 330 8
189 334 29
189 338 17
189 349 24
189 396 72
189 420 33
189 424 91
189 431 92
189 476 87
189 481 17
190 191 5
190 193 37
190 194 60
190 200 42
190 223 45
190 228 27
190 245 46
190 250 23
190 259 57
190 262 22
190 271 87
190 282 2
190 293 26
190 314 24
190 372 27
190 379 82
190 429 91
190 449 81
190 468 58
190 490 6
191 192 19
191 241 44
191 304 72
191 309 37
191 317 64
191 322 41
191 335 56
191 442 64
191 445 77
192 193 33
192 198 47
192 303 100
192 420 91
192 421 12
192 437 10
192 482 73
193 194 71
193 197 52
193 201 93
193 219 32
193 220 65
193 247 72
193 271 11
193 298 57
193 304 25
193 313 2
193 341 3
193 359 35
193 386 29
193 394 80
193 434 75
193 435 84
193 457 19
193 472 73
193 494 89
194 195 67
194 198 17
194 247 76
194 259 8
194 279 49
194 386 31
194 416 95
194 487 64
195 196 87
195 249 19
195 251 100
195 314 29
195 316 38
195 337 46
195 366 35
195 396 61
195 407 77
195 423 70
195 443 54
195 447 26
195 451 63
195 478 66
196 197 26
196 206 69
196 341 11
196 346 86
196 353 65
196 381 1
196 459 24
197 198 19
197 224 12
197 241 48
197 274 86
197 309 13
197 317 100
197 326 57
197 354 76
197 396 68
197 405 61
197 421 99
197 452 92
197 496 39
198 199 56
198 330 4
198 377 45
198 413 86
198 417 61
198 421 74
198 431 20
198 439 65
198 469 93
198 480 1
199 200 12
199 206 36
199 255 54
199 261 75
199 290 37
199 364 93
199 454 52
200 201 74
200 206 74
200 214 84
200 287 83
200 309 35
200 319 85
200 380 10
200 457 63
200 480 21
200 482 15
200 484 6
200 489 47
201 202 49
201 218 81
201 258 42
201 263 77
201 264 29
201 274 98
201 289 66
201 295 45
201 346 13
201 368 84
201 377 10
201 435 57
201 499 94
202 203 16
202 276 40
202 287 38
202 306 65
202 307 45
202 318 6
202 327 18
202 358 35
202 368 97
202 392 98
202 397 39
202 400 24
202 440 36
202 488 68
203 204 17
203 237 70
203 255 17
203 298 8
203 379 84
203 388 8
203 389 93
203 411 63
203 490 5
204 205 25
204 299 42
204 328 28
204 385 59
204 422 56
204 436 41
204 478 35
204 485 20
204 495 71
205 206 93
205 208 12
205 213 69
205 251 15
205 285 22
205 323 85
205 331 66
205 362 30
205 468 70
205 480 65
206 207 16
206 234 26
206 242 30
206 244 88
206 253 38
206 329 87
206 382 81
206 419 93
206 441 29
206 443 85
206 455 90
206 464 24
207 208 12
207 222 30
207 253 78
207 265 7
207 282 37
207 310 85
207 326 84
207 328 53
207 333 7
207 337 97
207 347 83
207 357 10
207 384 22
207 406 42
207 424 56
207 468 93
207 469 21
207 474 91
208 209 47
208 211 12
208 218 80
208 240 50
208 278 31
208 283 84
208 298 3
208 304 97
208 346 60
208 434 65
208 448 3
208 485 64
209 210 67
209 272 27
209 324 45
209 370 6
210 211 35
210 238 83
210 251 10
210 271 56
210 290 78
210 312 83
210 343 65
210 381 21
210 385 63
210 407 40
210 413 18
210 417 53
210 418 41
211 212 84
211 253 31
211 276 32
211 383 30
211 414 81
211 423 96
211 453 95
211 495 74
212 213 50
212 338 65
212 340 60
212 437 31
212 443 65
212 449 92
212 485 93
212 488 23
213 214 40
213 216 28
213 231 62
213 256 22
213 304 82
213 316 82
213 354 78
213 371 82
213 390 43
213 422 22
213 457 67
214 215 70
214 226 15
214 305 14
214 332 56
214 341 71
214 375 44
214 407 59
214 416 31
214 430 74
214 444 100
214 456 42
214 460 14
214 470 18
214 474 31
214 484 80
214 490 44
214 499 23
215 216 66
215 219 65
215 235 1
215 260 33
215 332 64
215 348 85
215 371 82
215 379 59
215 382 36
215 386 85
215 389 74
215 427 5
215 438 13
216 217 72
216 246 82
216 281 21
216 292 53
216 294 35
216 300 23
216 336 100
216 390 31
216 393 78
216 424 57
216 463 72
216 466 1
216 477 36
216 491 18
217 218 3
217 226 57
217 244 41
217 292 79
217 319 10
217 325 16
217 363 13
217 377 69
217 403 71
217 405 60
217 449 60
217 459 36
218 219 88
218 351 50
218 415 16
218 495 63
219 220 91
219 348 37
219 360 59
219 368 60
219 398 48
219 416 50
219 447 4
219 451 66
220 221 77
220 222 55
220 226 97
220 336 92
220 350 97
220 354 27
220 368 65
220 382 62
220 443 32
220 460 53
220 461 41
221 222 63
221 246 34
221 289 21
221 388 76
221 399 95
221 405 71
221 414 81
221 479 90
221 492 28
221 494 42
222 223 9
222 311 96
222 312 88
222 325 3
222 338 78
222 377 86
222 413 18
222 426 38
222 450 26
222 467 25
222 472 36
222 481 21
222 484 77
223 224 18
223 249 94
223 289 27
223 306 2
223 332 23
223 356 27
223 395 54
223 425 95
223 472 91
224 225 67
224 226 93
224 233 14
224 272 44
224 331 92
224 361 19
224 368 25
224 396 16
224 440 38
224 446 58
224 457 68
224 482 86
225 226 36
225 238 29
225 262 62
225 264 38
225 273 96
225 318 84
225 350 43
225 378 88
225 443 92
225 465 28
226 227 25
226 241 60
226 334 87
226 342 15
226 366 75
226 369 67
226 371 5
226 492 13
227 228 16
227 294 14
227 314 28
227 316 82
227 355 52
227 374 47
227 396 22
227 441 9
227 444 46
228 229 33
228 241 71
228 313 74
228 324 72
228 346 15
228 385 45
228 428 1
228 433 45
229 230 95
229 244 1
229 253 40
229 269 72
229 273 76
229 320 47
229 332 30
229 350 43
229 357 15
229 383 31
229 458 98
230 231 88
230 249 84
230 361 43
230 377 62
230 439 90
230 473 82
230 491 71
231 232 22
231 267 21
231 330 45
231 345 29
231 349 5
231 373 33
231 376 32
231 410 32
231 426 88
231 481 51
232 233 91
232 236 79
232 256 91
232 275 15
232 286 78
232 324 41
232 399 9
232 419 27
232 450 51
232 464 53
233 234 34
233 246 26
233 251 9
233 273 92
233 429 17
233 434 17
233 450 50
233 484 93
234 235 73
234 284 66
234 304 69
234 315 12
234 403 31
234 449 23
234 459 67
235 236 13
235 303 33
235 354 42
235 399 58
235 401 54
235 418 55
235 478 57
236 237 35
236 248 71
236 292 58
236 328 71
236 340 49
236 355 4
236 364 28
236 378 38
237 238 6
237 245 18
237 271 39
237 380 5
237 383 63
237 397 34
237 413 54
237 478 20
238 239 76
238 245 39
238 249 48
238 256 68
238 320 25
238 368 82
238 404 46
238 446 30
238 465 54
239 240 25
239 243 81
239 245 63
239 250 72
239 263 17
239 282 44
239 339 80
239 346 10
239 348 65
239 394 97
239 401 30
239 404 6
239 420 82
239 424 2
239 455 13
239 473 60
239 481 21
239 482 61
239 485 1
240 241 84
240 243 78
240 258 80
240 272 40
240 311 65
240 338 33
240 342 17
240 346 69
240 402 36
240 408 30
240 412 83
240 450 61
240 456 61
240 480 24
241 242 44
241 278 94
241 299 96
241 317 73
241 360 46
241 362 30
241 382 91
241 393 58
241 400 77
241 410 100
241 481 82
242 243 2
242 254 22
242 264 46
242 274 62
242 281 27
242 337 57
242 372 75
243 244 86
243 253 32
243 275 96
243 309 94
243 328 45
243 340 31
243 356 51
243 358 95
243 385 18
243 386 63
243 418 40
243 425 23
243 463 24
244 245 37
244 275 32
244 277 43
244 289 53
244 291 88
244 297 30
244 314 34
244 351 13
244 388 11
244 406 87
244 413 68
244 419 13
244 420 20
244 435 74
244 459 30
245 246 43
245 275 30
245 316 58
245 379 86
245 406 16
245 447 51
245 491 79
246 247 43
246 278 60
246 282 79
246 309 25
246 352 36
246 411 96
246 463 3
246 470 10
246 471 99
247 248 47
247 255 96
247 256 100
247 280 92
247 298 92
247 341 67
247 362 36
247 382 1
247 423 88
247 446 28
247 470 95
247 483 95
248 249 82
248 284 15
248 292 79
248 332 52
248 343 55
248 401 85
248 438 31
248 439 82
249 250 68
249 284 53
249 310 25
249 355 26
249 373 89
249 424 39
249 425 56
249 454 23
249 471 37
249 489 93
250 251 46
250 284 53
250 314 51
250 338 11
250 354 85
250 381 71
250 414 83
250 428 34
250 431 90
250 437 70
250 454 15
250 460 31
250 478 99
250 482 15
250 483 13
251 252 74
251 263 48
251 269 57
251 313 16
251 351 98
251 437 89
252 253 77
252 276 75
252 296 53
252 301 71
252 348 81
252 407 38
252 443 3
252 444 53
252 466 70
252 477 64
252 479 2
252 481 97
252 490 71
253 254 99
253 276 45
253 292 53
253 465 70
253 490 78
254 255 5
254 303 93
254 306 24
254 311 35
254 321 37
254 364 24
254 377 73
254 383 26
254 463 45
254 471 36
254 474 54
254 488 12
254 492 24
255 256 47
255 290 43
255 295 29
255 380 14
255 384 79
255 438 20
255 444 1
255 451 64
256 257 14
256 282 33
256 288 28
256 292 29
256 319 80
256 329 35
256 334 9
256 335 13
256 336 14
256 370 21
256 440 61
256 469 40
257 258 85
257 265 81
257 276 53
257 282 1
257 285 68
257 309 92
257 325 24
257 352 90
257 393 10
257 397 88
257 401 51
257 408 47
257 426 81
257 429 52
257 457 26
257 474 76
258 259 4
258 265 57
258 402 22
258 413 18
258 418 68
258 434 8
258 445 21
258 454 86
259 260 95
259 268 35
259 397 5
259 413 82
259 415 37
259 455 40
259 491 10
260 261 8
260 360 80
260 371 71
260 381 81
260 479 54
260 496 43
260 497 91
261 262 68
261 335 36
261 340 42
261 367 46
261 368 16
261 390 31
261 414 13
262 263 75
262 269 57
262 285 77
262 308 83
262 314 86
262 341 17
262 458 55
263 264 9
263 282 12
263 346 86
263 356 30
263 388 15
263 399 14
263 419 85
263 448 75
263 473 52
263 480 2
263 482 92
263 483 27
264 265 71
264 378 34
264 384 89
264 414 82
264 421 74
265 266 38
265 280 53
265 281 43
265 318 91
265 325 100
265 391 48
265 401 35
265 439 51
265 464 65
265 472 68
266 267 61
266 357 8
266 474 13
267 268 27
267 269 45
267 390 63
267 414 94
267 426 44
267 431 11
267 437 5
267 444 35
267 461 96
267 491 90
267 492 24
268 269 16
268 294 50
268 303 8
268 313 36
268 314 3
268 343 84
268 362 27
268 393 32
268 409 64
268 441 90
268 453 17
268 454 96
269 270 32
269 280 33
269 322 56
269 324 76
269 396 86
269 417 59
269 430 16
269 444 32
270 271 15
270 279 55
270 284 47
270 309 82
270 330 4
270 385 42
270 404 89
270 405 92
270 421 33
270 437 54
270 475 98
270 488 38
271 272 23
271 279 1
271 317 6
271 366 66
271 369 2
271 397 92
271 453 33
272 273 69
272 286 36
272 288 90
272 294 54
272 325 58
272 332 15
272 395 88
272 413 50
272 437 61
272 466 70
273 274 16
273 304 70
273 307 68
273 343 74
273 354 53
273 373 84
273 384 76
273 428 51
273 443 25
273 463 26
273 468 40
273 473 88
273 482 20
274 275 9
274 279 55
274 302 87
274 350 84
274 376 95
274 446 30
275 276 33
275 278 15
275 281 29
275 295 26
275 301 75
275 314 11
275 355 78
275 373 87
275 375 72
275 394 24
275 434 51
275 437 93
275 454 54
275 492 22
275 496 97
276 277 48
276 278 99
276 284 86
276 311 68
276 316 70
276 322 2
276 346 48
276 348 99
276 404 46
276 410 57
276 462 96
276 469 80
276 483 87
276 495 78
277 278 71
277 288 35
277 308 47
277 365 49
277 371 61
277 393 96
277 401 26
277 448 21
277 463 63
278 279 84
278 352 13
278 393 17
278 406 98
278 441 85
278 444 15
278 466 64
278 471 78
278 490 93
279 280 4
279 370 72
279 388 45
279 401 84
280 281 49
280 299 53
280 314 22
280 370 49
280 371 40
280 382 61
280 418 69
280 423 52
280 469 1
280 480 100
281 282 42
281 284 46
281 310 29
281 325 4
281 359 77
281 446 47
281 466 40
282 283 23
282 294 68
282 295 62
282 329 84
282 352 64
282 365 95
282 386 50
282 399 40
282 421 42
283 284 22
283 293 3
283 308 56
283 313 64
283 328 70
283 330 55
283 349 79
283 372 8
283 450 96
283 481 49
283 497 71
284 285 60
284 327 55
284 340 76
284 348 100
284 365 20
284 373 37
284 391 3
284 425 93
284 473 38
284 476 57
284 491 8
285 286 82
285 303 87
285 306 36
285 356 14
285 368 90
285 372 27
285 411 13
285 443 19
285 494 88
286 287 86
286 303 29
286 326 67
286 339 77
286 356 69
286 387 4
286 427 7
286 434 24
286 437 71
286 439 42
286 499 33
287 288 60
287 290 11
287 298 35
287 338 66
287 377 15
287 398 64
287 400 47
287 455 59
287 496 26
288 289 60
288 300 15
288 325 95
288 332 95
288 334 46
288 353 19
288 378 69
288 449 22
288 467 32
289 290 29
289 462 1
289 463 37
289 464 35
289 489 7
290 291 57
290 339 88
290 340 13
290 342 52
290 364 9
290 370 11
290 378 53
290 406 82
290 411 30
290 423 62
290 443 81
290 483 53
290 486 63
290 499 93
291 292 26
291 332 47
291 367 23
291 394 37
291 423 25
291 470 26
291 493 7
292 293 21
292 362 3
292 373 40
292 387 36
292 394 57
292 413 90
292 428 49
292 447 2
292 463 41
293 294 66
293 381 30
293 391 68
293 398 99
293 417 66
293 421 36
293 471 59
294 295 29
294 302 29
294 336 42
294 397 23
294 410 11
294 421 41
294 422 37
294 448 53
294 451 58
294 454 85
294 468 84
295 296 56
295 391 98
295 392 52
295 464 88
295 471 15
296 297 16
296 351 53
296 396 39
296 431 42
296 439 59
297 298 41
297 300 71
297 329 55
297 345 25
297 465 11
297 478 46
298 299 97
298 300 95
298 306 50
298 307 96
298 323 5
298 439 14
298 453 63
298 468 99
299 300 54
299 329 97
299 344 12
299 381 17
299 431 89
299 434 53
300 301 84
300 318 18
300 341 75
300 356 65
300 384 25
300 432 71
300 433 56
300 435 40
300 476 23
301 302 24
301 333 18
301 405 38
301 419 82
301 434 28
301 454 11
301 467 84
302 303 72
302 347 80
302 382 15
302 450 42
303 304 26
303 316 38
303 320 13
303 324 3
303 400 91
303 418 34
303 434 81
303 465 29
304 305 52
304 358 32
304 369 53
304 408 39
304 420 8
304 451 10
304 472 47
304 489 12
304 492 6
305 306 98
305 343 74
305 344 78
305 345 69
305 373 25
305 416 35
305 420 62
305 426 9
305 447 67
305 457 52
305 491 70
306 307 89
306 330 12
306 363 79
306 402 15
306 447 79
306 454 68
307 308 56
307 323 4
307 327 38
307 340 93
307 370 10
307 406 51
307 418 93
307 448 22
308 309 32
308 328 36
308 381 20
308 400 69
308 406 98
308 410 4
308 473 81
308 476 25
309 310 24
309 322 100
309 388 21
309 474 46
310 311 100
310 334 87
310 342 38
310 351 100
310 391 84
310 401 32
310 413 88
311 312 27
311 342 84
311 398 40
311 402 61
311 442 1
312 313 18
312 317 4
312 354 67
312 356 54
312 383 43
312 392 58
312 410 5
312 412 25
312 418 10
312 477 29
312 484 20
313 314 11
313 322 91
313 356 60
313 409 4
313 420 49
313 491 50
314 315 16
314 325 54
314 336 54
314 356 44
314 383 12
314 404 35
314 406 69
314 424 3
314 456 9
314 476 96
314 499 75
315 316 53
315 330 1
315 345 78
315 352 82
315 358 4
315 414 14
315 486 17
316 317 73
316 353 75
316 377 60
316 443 34
316 493 1
317 318 1
317 332 75
317 336 64
317 360 78
317 385 66
317 437 21
317 451 73
317 495 81
318 319 38
318 373 14
318 388 7
318 393 30
318 404 3
318 440 80
318 457 22
319 320 26
319 370 57
319 371 88
319 454 26
319 456 59
319 474 41
320 321 12
320 367 49
320 387 21
320 397 39
320 419 53
320 452 80
320 475 94
320 477 32
320 489 9
321 322 18
321 324 5
321 343 99
321 346 38
321 394 17
321 416 60
322 323 59
322 352 29
322 371 36
322 372 74
322 380 40
322 409 70
322 437 45
322 459 84
322 492 74
323 324 58
323 326 20
323 346 59
323 364 75
323 395 63
323 406 37
323 443 30
323 492 93
324 325 23
324 333 78
324 339 74
324 341 95
324 347 25
324 367 75
324 419 36
324 439 17
324 447 46
324 468 81
325 326 42
325 333 19
325 376 63
325 380 57
325 386 67
325 421 69
325 429 38
325 477 28
326 327 51
326 350 78
326 362 50
326 377 85
326 421 50
326 476 82
326 497 87
327 328 71
327 356 47
327 362 81
327 392 35
327 421 62
327 441 41
327 442 75
327 453 28
327 468 12
327 470 4
328 329 73
328 332 7
328 338 56
328 350 97
328 363 76
328 364 10
328 391 66
328 398 76
328 426 20
328 444 84
328 461 7
329 330 20
329 333 21
329 355 88
329 374 64
329 498 85
330 331 85
330 396 19
330 437 42
330 452 19
330 457 54
330 465 19
330 480 46
331 332 11
331 371 89
331 400 54
331 441 35
331 448 71
331 456 81
331 474 39
332 333 84
332 334 52
332 394 21
332 399 87
332 410 33
332 423 19
332 465 33
332 499 93
333 334 57
333 360 91
333 361 77
333 375 79
333 376 7
333 377 72
333 405 75
333 419 38
333 443 77
333 457 6
333 478 38
334 335 99
334 338 26
334 339 25
334 347 80
334 357 24
334 374 34
334 393 75
334 410 51
334 419 60
334 431 33
335 336 80
335 371 41
335 385 55
335 438 28
335 443 73
335 453 32
335 489 98
335 490 4
336 337 53
336 348 60
336 368 89
336 375 88
336 381 73
336 420 37
336 490 4
337 338 44
337 353 62
337 355 5
337 366 93
337 396 43
337 419 100
337 421 89
337 481 56
338 339 76
338 343 10
338 357 33
338 364 7
338 373 74
338 400 70
338 401 68
338 414 6
338 450 14
338 476 77
338 491 4
339 340 94
339 344 2
339 373 84
339 390 4
339 442 13
339 474 51
339 490 23
340 341 47
340 343 2
340 362 32
340 371 100
340 399 55
341 342 32
341 368 61
341 415 5
341 474 77
342 343 43
342 345 28
342 419 69
342 432 54
342 434 60
343 344 64
343 395 74
343 408 98
343 427 1
343 470 96
344 345 43
344 418 56
344 443 84
345 346 33
345 348 22
345 413 5
345 429 62
345 435 74
345 463 31
345 471 22
345 475 38
345 479 33
345 494 71
345 495 45
345 497 21
346 347 66
346 365 44
346 376 82
346 378 25
346 384 28
346 404 14
346 450 37
346 462 45
346 466 71
346 493 17
347 348 57
347 412 16
347 435 100
347 452 75
348 349 39
348 388 58
348 390 44
348 391 37
348 413 43
348 420 18
348 430 81
348 453 29
348 458 36
349 350 70
349 366 47
349 413 75
349 442 79
349 482 43
350 351 3
350 443 10
350 459 36
350 468 19
351 352 22
351 378 53
351 426 60
351 440 64
352 353 10
352 366 73
352 426 36
352 476 54
353 354 56
353 366 49
353 406 98
353 416 5
353 435 94
353 438 60
353 439 60
353 498 72
354 355 7
354 400 89
354 417 19
354 429 1
354 452 27
354 459 99
354 480 1
354 481 41
354 491 17
354 493 99
355 356 8
355 362 36
355 368 64
355 448 47
355 495 90
356 357 58
356 359 9
356 367 29
356 370 82
356 378 7
356 419 36
356 428 17
356 444 70
356 472 26
357 358 93
357 415 51
357 447 88
357 487 21
358 359 55
358 362 31
358 497 73
359 360 24
359 480 37
359 495 13
360 361 45
360 381 4
360 386 77
360 395 57
360 401 86
361 362 30
361 390 75
361 397 22
361 434 80
361 442 12
361 494 9
362 363 30
362 417 23
362 420 27
362 429 67
362 451 13
362 491 60
363 364 68
363 459 80
364 365 42
365 366 80
365 387 32
365 460 61
365 477 91
366 367 43
366 391 49
366 393 25
366 418 95
366 435 15
366 444 81
366 474 82
366 478 99
366 492 13
366 496 83
367 368 83
367 390 85
367 417 63
367 437 54
367 454 63
368 369 66
368 373 43
368 392 59
368 405 96
368 428 56
368 446 14
368 460 39
369 370 15
369 397 70
369 426 7
369 440 22
369 468 73
370 371 68
370 404 64
370 407 58
370 418 79
370 419 35
370 434 9
370 435 18
370 448 55
370 449 11
370 470 40
370 494 93
371 372 76
371 379 70
371 429 88
371 453 30
372 373 70
372 439 51
373 374 33
373 472 23
374 375 34
374 436 95
374 443 78
374 456 82
374 470 4
375 376 70
375 424 96
375 480 35
376 377 50
376 388 97
376 401 62
376 403 68
376 425 88
377 378 44
377 394 96
377 445 81
377 447 74
377 466 79
378 379 54
378 392 36
378 417 27
378 477 33
378 479 36
379 380 57
379 383 4
379 414 19
379 467 12
379 481 97
379 482 62
380 381 17
380 397 92
380 445 62
380 447 56
380 456 41
380 469 31
381 382 53
381 392 29
381 410 27
381 417 59
381 446 14
381 456 58
381 497 74
382 383 26
382 391 64
382 401 12
382 409 6
382 440 79
382 441 8
382 451 33
382 463 9
382 473 38
382 487 22
383 384 58
383 415 11
383 421 85
383 422 50
383 433 79
384 385 57
384 423 32
384 431 26
384 444 1
385 386 79
385 421 14
385 432 81
385 442 17
386 387 56
386 415 85
386 449 15
386 461 37
386 479 69
387 388 41
387 395 33
387 401 91
387 421 19
387 425 33
387 446 84
387 447 40
387 461 78
387 467 25
387 484 19
387 496 20
388 389 74
388 456 12
388 488 52
389 390 16
389 425 54
389 435 48
390 391 31
390 434 59
391 392 36
391 399 80
391 410 95
391 421 34
391 481 51
391 488 91
392 393 69
392 403 9
392 406 7
392 434 93
392 450 90
392 480 79
392 492 30
392 493 43
393 394 90
393 412 11
393 426 62
393 447 51
393 461 83
393 472 46
393 474 36
394 395 65
394 399 44
394 426 46
394 436 32
394 454 80
394 470 37
394 473 99
394 483 60
394 496 15
395 396 89
395 444 62
395 448 82
395 462 20
395 464 36
395 492 13
395 495 18
396 397 67
396 405 81
396 419 44
396 444 19
396 461 40
396 470 79
396 479 87
397 398 71
397 405 54
397 432 39
397 437 86
397 440 40
397 448 10
398 399 5
398 424 72
398 436 93
398 445 81
398 457 22
399 400 90
399 440 39
399 453 67
399 461 17
399 462 58
399 483 5
400 401 71
400 406 12
400 420 33
400 434 49
400 489 45
401 402 35
401 425 28
401 433 3
402 403 46
402 430 75
402 484 28
403 404 81
403 493 32
403 494 65
403 495 89
403 496 53
404 405 65
404 454 22
405 406 91
405 437 58
405 440 24
406 407 7
406 445 3
406 481 7
407 408 77
407 438 43
407 466 86
407 471 1
407 472 93
407 479 61
407 494 93
408 409 79
408 410 62
408 412 31
408 441 2
408 447 17
408 448 29
408 473 86
408 482 40
409 410 96
409 426 36
409 477 5
409 496 11
410 411 1
410 424 35
410 483 37
411 412 88
411 434 77
411 466 19
411 477 17
411 495 77
412 413 54
412 446 22
412 456 84
412 480 54
413 414 97
413 449 67
413 472 56
413 492 52
414 415 81
414 459 7
414 462 46
414 463 99
414 488 81
415 416 22
415 449 89
415 491 49
416 417 74
416 421 24
416 425 21
416 431 73
416 443 95
416 475 84
416 489 39
417 418 20
417 446 69
417 448 12
418 419 87
419 420 22
419 426 94
419 460 40
419 475 29
419 477 46
420 421 22
420 432 8
420 441 63
420 492 67
421 422 79
421 426 26
421 437 58
421 440 48
421 468 90
421 473 39
421 475 69
422 423 36
423 424 97
423 465 53
423 483 53
424 425 71
425 426 15
425 469 97
425 485 63
426 427 85
426 458 56
427 428 90
427 435 84
427 456 45
427 471 83
427 483 22
427 499 8
428 429 96
428 436 97
429 430 95
429 470 50
430 431 90
430 453 94
430 457 63
430 490 41
430 494 87
431 432 23
431 466 10
432 433 74
432 457 41
433 434 55
433 457 40
433 473 4
434 435 52
434 440 93
434 471 23
435 436 29
435 457 76
435 475 27
435 493 20
436 437 97
436 439 87
436 480 97
437 438 77
437 470 81
437 490 46
437 494 44
438 439 2
439 440 17
439 454 76
439 477 89
439 484 18
440 441 97
440 480 77
440 487 13
440 488 75
440 491 37
441 442 18
441 478 47
441 499 95
442 443 88
442 452 69
442 477 89
442 481 2
443 444 83
444 445 79
444 485 61
445 446 63
445 461 45
445 485 44
446 447 85
446 448 43
446 486 72
447 448 71
447 452 30
447 476 18
447 484 66
448 449 67
448 457 76
449 450 43
449 478 32
450 451 43
450 477 76
451 452 23
451 461 73
451 468 25
451 472 79
451 491 74
451 492 75
451 497 77
452 453 54
452 455 41
452 468 45
453 454 52
453 482 27
453 484 43
454 455 21
454 474 38
454 479 17
454 492 59
455 456 32
456 457 83
457 458 60
457 460 47
457 481 26
458 459 85
459 460 11
459 474 68
460 461 85
461 462 58
462 463 28
462 480 87
462 495 63
463 464 56
464 465 60
464 466 67
465 466 71
466 467 28
466 468 47
466 487 96
466 492 33
467 468 81
467 479 73
468 469 9
468 479 57
469 470 92
469 488 99
469 492 13
470 471 74
471 472 73
471 479 16
472 473 80
473 474 2
473 481 73
473 487 29
474 475 66
474 495 45
475 476 76
475 489 76
476 477 37
476 486 97
477 478 60
477 480 94
477 481 42
478 479 91
479 480 7
480 481 25
481 482 57
481 492 93
482 483 16
482 496 5
483 484 2
484 485 22
485 486 79
486 487 88
487 488 2
487 494 15
488 489 38
489 490 99
489 497 35
490 491 11
491 492 2
491 495 21
492 493 46
493 494 70
494 495 91
495 496 96
496 497 77
497 498 93
498 499 11
499 500 39
