100 193 10 4093
6 8 12 37 41 45 58 67 95 99 
1 2 24
1 37 39
1 67 48
1 100 94
2 3 49
2 36 47
2 56 85
2 83 2
2 91 7
3 4 72
3 25 50
3 56 30
3 74 98
4 5 46
4 42 15
5 6 22
5 51 80
5 96 40
6 7 86
6 27 5
6 93 5
7 8 7
7 86 36
8 9 52
8 55 46
9 10 48
10 11 72
10 31 30
10 33 54
11 12 10
11 14 94
11 50 94
11 63 79
12 13 33
12 63 23
12 81 32
12 91 63
13 14 50
14 15 98
14 21 50
14 68 80
14 73 96
14 99 91
15 16 96
16 17 39
16 36 14
16 37 12
16 87 21
17 18 89
18 19 80
18 24 26
18 37 80
18 47 78
18 53 71
18 60 54
18 86 85
19 20 77
19 36 14
19 50 94
19 65 79
20 21 3
20 58 42
20 98 32
21 22 79
22 23 45
22 77 17
22 83 95
23 24 8
23 37 2
23 55 57
23 65 45
23 71 9
24 25 84
24 53 68
25 26 22
26 27 9
26 44 55
26 54 82
27 28 71
28 29 99
28 41 64
28 60 77
29 30 77
29 97 87
30 31 65
30 64 83
30 67 15
31 32 71
32 33 18
32 44 53
32 95 37
33 34 81
33 52 41
34 35 67
34 38 56
34 67 63
35 36 11
35 61 56
36 37 21
37 38 85
37 72 38
37 84 40
38 39 62
39 40 36
40 41 1
40 73 37
41 42 52
41 52 25
42 43 100
43 44 25
43 51 57
44 45 43
44 84 41
45 46 61
45 78 56
46 47 41
46 94 75
47 48 72
48 49 93
48 72 93
48 83 43
49 50 45
49 54 84
50 51 100
50 72 4
50 88 46
51 52 27
51 64 42
51 85 27
52 53 27
53 54 76
53 97 76
54 55 49
54 99 11
55 56 71
55 97 36
56 57 24
57 58 8
57 90 98
58 59 91
58 70 18
58 91 2
59 60 81
60 61 100
61 62 83
61 94 99
62 63 27
62 84 97
63 64 58
64 65 98
64 71 15
65 66 50
66 67 5
67 68 26
68 69 94
69 70 100
69 89 64
70 71 19
71 72 58
72 73 27
73 74 94
73 81 86
73 98 3
74 75 64
75 76 48
76 77 19
77 78 83
78 79 87
79 80 56
79 88 61
79 98 77
80 81 41
81 82 1
82 83 67
83 84 37
83 96 40
84 85 69
84 96 42
85 86 52
86 87 83
87 88 6
88 89 39
89 90 1
90 91 57
91 92 60
92 93 22
93 94 99
94 95 25
95 96 11
96 97 11
97 98 54
98 99 69
99 100 7
