100 198 5 5819
7 13 65 91 99 
1 2 30
1 29 6
1 95 31
1 100 88
2 3 46
3 4 1
3 79 57
3 99 49
4 5 28
4 27 27
4 33 45
4 68 28
4 73 41
5 6 31
5 7 8
5 80 90
5 96 87
6 7 69
6 63 83
7 8 39
7 19 9
7 35 7
7 62 55
8 9 14
8 13 77
8 49 96
8 52 31
8 53 66
9 10 84
9 48 92
9 83 75
9 99 28
10 11 59
11 12 10
11 37 4
12 13 28
12 44 56
13 14 63
13 42 3
13 85 22
14 15 9
14 21 82
14 27 48
14 85 90
15 16 100
15 50 31
15 69 46
16 17 98
16 38 70
16 79 96
17 18 70
17 54 45
17 58 60
18 19 94
18 38 27
18 75 100
19 20 30
19 60 53
19 92 70
20 21 14
20 93 35
21 22 87
21 39 59
21 81 34
22 23 82
22 52 11
22 75 48
23 24 55
24 25 2
24 59 63
25 26 32
25 99 19
26 27 77
26 29 20
26 32 26
27 28 95
27 50 16
27 60 86
28 29 29
29 30 59
30 31 91
30 56 76
30 57 37
30 70 74
30 81 99
30 95 96
31 32 89
31 63 82
31 69 53
32 33 50
32 99 35
33 34 40
33 49 77
33 73 88
33 88 8
34 35 88
34 94 52
35 36 94
35 60 5
35 80 46
36 37 60
37 38 21
37 81 14
38 39 89
38 62 56
39 40 47
39 76 89
40 41 63
40 54 52
41 42 45
41 44 80
41 76 42
42 43 46
42 45 68
42 57 5
42 85 34
43 44 24
44 45 77
45 46 60
45 59 33
45 68 19
46 47 45
47 48 50
47 58 68
48 49 93
48 98 53
49 50 22
50 51 84
51 52 16
51 64 89
52 53 85
52 60 34
52 95 96
53 54 68
53 74 50
54 55 93
54 59 75
54 86 35
55 56 37
55 95 47
56 57 26
57 58 29
58 59 38
58 73 37
59 60 10
60 61 32
61 62 67
61 65 73
62 63 66
62 94 96
63 64 52
64 65 19
65 66 39
65 94 61
66 67 12
66 97 81
67 68 86
68 69 72
69 70 73
69 85 51
70 71 65
71 72 2
72 73 8
73 74 96
74 75 43
75 76 39
75 91 33
76 77 61
76 91 51
77 78 90
78 79 8
78 91 32
79 80 58
80 81 91
80 91 84
81 82 58
81 95 54
82 83 13
83 84 79
84 85 59
85 86 28
86 87 46
87 88 24
87 91 17
88 89 63
89 90 81
90 91 14
90 94 63
90 95 96
91 92 52
92 93 64
93 94 75
94 95 71
95 96 51
96 97 75
97 98 57
98 99 31
99 100 49
