600 7042 200 1989
480 30 314 54 435 5 322 24 510 105 255 380 132 599 32 465 291 116 33 249 471 334 145 526 430 574 165 150 301 328 511 355 158 448 108 215 600 382 394 374 227 431 143 461 533 175 207 125 532 28 46 390 420 442 243 346 70 197 386 190 278 333 391 229 194 19 120 336 123 399 558 456 80 401 287 596 422 95 113 169 16 467 206 551 170 139 177 319 265 497 208 597 358 186 299 233 304 168 101 231 407 179 103 184 136 523 236 562 524 389 64 284 317 531 548 404 503 122 363 424 458 153 564 528 35 396 154 451 263 507 212 225 459 545 49 583 554 151 173 305 144 273 343 519 325 21 97 316 352 223 318 239 508 419 530 360 277 92 137 9 256 17 163 192 281 180 571 406 383 55 41 261 320 468 344 7 529 56 572 306 499 303 69 540 221 160 559 478 90 210 252 288 131 245 515 525 294 283 477 109 
1 2 60
1 27 2
1 114 96
1 145 85
1 146 37
1 174 30
1 197 38
1 212 20
1 282 10
1 295 22
1 297 55
1 348 52
1 349 27
1 377 89
1 421 22
1 443 27
1 446 90
1 449 50
1 491 11
1 496 87
1 513 12
1 515 93
1 519 3
1 522 61
1 548 72
1 550 29
1 600 20
2 3 15
2 7 62
2 57 3
2 71 91
2 129 48
2 130 94
2 145 26
2 224 63
2 252 90
2 256 40
2 273 88
2 281 24
2 287 77
2 289 72
2 312 2
2 320 7
2 338 17
2 343 51
2 365 8
2 379 30
2 387 38
2 418 21
2 422 35
2 450 82
2 457 14
2 477 2
2 478 36
2 563 31
3 4 46
3 82 32
3 123 34
3 137 9
3 150 32
3 151 83
3 190 90
3 284 84
3 518 56
3 532 57
3 585 87
4 5 4
4 9 11
4 36 9
4 56 73
4 177 9
4 186 72
4 225 98
4 263 15
4 284 75
4 290 89
4 328 18
4 434 1
4 437 77
4 461 2
4 468 78
4 486 52
4 496 2
4 538 58
4 554 100
4 556 40
4 597 99
5 6 72
5 30 93
5 88 7
5 140 4
5 159 45
5 249 45
5 262 67
5 285 2
5 294 28
5 331 74
5 355 22
5 394 71
5 415 3
5 449 94
5 469 55
5 513 98
5 529 41
5 559 83
5 560 20
5 585 75
5 593 96
6 7 22
6 29 55
6 63 35
6 126 66
6 173 59
6 187 88
6 200 98
6 206 16
6 222 85
6 232 71
6 262 89
6 333 5
6 349 14
6 362 36
6 364 11
6 478 51
7 8 21
7 59 92
7 60 82
7 98 73
7 218 11
7 240 24
7 246 47
7 263 61
7 279 32
7 294 58
7 323 83
7 346 36
7 389 98
7 392 23
7 402 52
7 502 75
7 541 62
7 544 93
7 584 19
8 9 31
8 20 40
8 28 47
8 35 65
8 70 51
8 87 91
8 91 89
8 159 41
8 176 21
8 177 64
8 182 37
8 193 64
8 225 83
8 233 16
8 275 16
8 284 15
8 337 65
8 355 9
8 369 54
8 374 58
8 384 20
8 419 94
8 426 38
8 494 43
8 510 29
8 551 37
8 575 95
8 578 52
9 10 4
9 16 94
9 46 11
9 65 98
9 159 20
9 172 9
9 174 77
9 203 67
9 218 55
9 228 94
9 244 10
9 257 39
9 269 2
9 273 42
9 276 59
9 453 23
9 501 3
9 518 79
9 593 8
10 11 21
10 35 39
10 41 77
10 54 63
10 58 35
10 63 70
10 77 19
10 107 31
10 129 98
10 145 74
10 146 86
10 172 34
10 176 93
10 185 12
10 241 85
10 253 30
10 265 46
10 274 19
10 280 22
10 304 74
10 313 95
10 399 14
10 419 11
10 420 18
10 467 29
10 477 32
10 510 60
10 512 6
10 527 59
10 541 23
10 554 38
10 580 44
11 12 83
11 33 64
11 100 39
11 145 56
11 170 3
11 229 88
11 340 53
11 381 40
11 384 10
11 389 95
11 423 70
11 493 89
11 527 31
11 529 7
11 555 94
11 568 48
12 13 4
12 55 33
12 65 11
12 81 46
12 153 94
12 157 25
12 197 77
12 234 27
12 235 4
12 243 9
12 248 28
12 254 52
12 258 62
12 267 97
12 305 99
12 339 99
12 341 31
12 352 16
12 367 2
12 384 73
12 394 75
12 413 46
12 423 95
12 459 88
12 470 2
12 471 3
12 497 44
12 501 23
12 521 95
12 540 29
12 552 56
12 575 28
12 585 86
12 599 26
13 14 70
13 50 26
13 55 1
13 134 13
13 147 20
13 165 42
13 173 43
13 180 35
13 203 56
13 253 13
13 266 19
13 275 12
13 278 86
13 302 36
13 344 91
13 398 40
13 446 95
13 449 9
13 490 22
13 528 4
13 580 53
13 591 84
14 15 61
14 50 61
14 105 82
14 148 9
14 167 22
14 241 97
14 264 23
14 301 67
14 354 22
14 376 51
14 378 9
14 413 29
14 433 30
14 439 25
14 465 2
14 481 60
14 482 21
14 517 81
14 544 9
14 578 11
15 16 82
15 37 100
15 44 65
15 65 18
15 133 23
15 146 56
15 192 71
15 209 34
15 221 71
15 235 82
15 247 16
15 273 100
15 298 37
15 352 26
15 358 90
15 388 77
15 415 66
15 430 75
15 458 37
15 471 4
15 488 73
15 506 87
15 522 20
15 586 49
16 17 45
16 88 46
16 91 1
16 101 82
16 104 77
16 120 80
16 152 50
16 181 4
16 183 22
16 216 34
16 242 91
16 248 86
16 289 75
16 296 6
16 313 69
16 335 68
16 339 33
16 351 81
16 415 61
16 416 33
16 417 2
16 421 88
16 454 68
16 476 49
16 517 21
16 518 40
16 526 99
16 530 24
16 540 54
16 542 77
16 560 86
16 574 72
17 18 2
17 58 31
17 60 51
17 72 78
17 84 42
17 135 35
17 230 86
17 245 81
17 264 47
17 377 36
17 390 31
17 415 82
17 498 76
17 505 14
17 513 88
17 534 55
17 577 93
17 585 80
17 588 83
18 19 22
18 29 6
18 69 31
18 72 23
18 83 26
18 121 91
18 132 21
18 139 7
18 248 60
18 300 58
18 301 75
18 309 26
18 335 14
18 341 17
18 364 25
18 404 70
18 434 69
18 486 45
18 512 48
18 531 56
18 537 13
18 543 75
18 544 89
18 583 73
18 585 41
19 20 55
19 25 54
19 33 91
19 36 25
19 45 36
19 177 81
19 194 20
19 199 37
19 217 57
19 235 43
19 287 87
19 357 41
19 359 79
19 370 40
19 472 43
19 508 61
19 530 83
19 542 34
20 21 78
20 60 61
20 63 34
20 68 90
20 89 84
20 114 30
20 146 58
20 166 75
20 226 26
20 227 1
20 236 30
20 251 68
20 252 23
20 314 66
20 345 88
20 432 24
20 453 21
20 461 49
20 483 93
20 489 51
20 501 65
20 524 15
20 525 50
20 528 66
20 563 54
20 586 100
20 595 86
21 22 94
21 168 93
21 172 24
21 180 82
21 190 77
21 204 16
21 220 24
21 236 41
21 273 80
21 276 52
21 296 74
21 340 73
21 371 47
21 405 90
21 408 22
21 447 47
21 500 14
21 536 92
21 552 41
22 23 63
22 38 6
22 124 10
22 134 13
22 162 14
22 166 73
22 172 41
22 183 48
22 219 94
22 247 38
22 278 96
22 283 8
22 297 49
22 313 55
22 350 6
22 383 86
22 419 59
22 453 87
22 465 75
22 478 76
22 519 5
22 535 20
22 599 46
23 24 35
23 39 85
23 45 27
23 73 40
23 82 10
23 99 65
23 143 73
23 184 6
23 225 47
23 226 23
23 250 53
23 255 79
23 270 55
23 281 85
23 321 91
23 345 13
23 407 32
23 442 56
23 481 35
23 495 36
23 503 87
23 564 57
24 25 30
24 33 22
24 89 81
24 99 92
24 117 47
24 178 88
24 193 10
24 229 51
24 232 4
24 233 57
24 253 9
24 260 26
24 271 6
24 317 6
24 332 97
24 347 26
24 386 62
24 414 95
24 468 93
24 495 7
24 587 47
24 592 42
25 26 11
25 54 51
25 63 46
25 103 89
25 118 91
25 122 66
25 142 86
25 166 39
25 199 15
25 212 77
25 233 52
25 322 7
25 343 17
25 352 63
25 366 97
25 382 31
25 402 99
25 420 45
25 426 62
25 467 4
25 533 53
25 557 13
25 558 71
25 592 74
26 27 5
26 45 82
26 56 2
26 67 73
26 92 74
26 106 20
26 108 98
26 198 77
26 201 68
26 217 25
26 276 62
26 287 91
26 324 9
26 338 5
26 388 22
26 472 95
26 498 31
26 506 28
26 585 80
27 28 99
27 41 57
27 114 47
27 131 13
27 134 9
27 163 15
27 165 84
27 192 60
27 223 79
27 269 45
27 299 88
27 309 15
27 354 96
27 383 40
27 395 35
27 400 37
27 411 56
27 453 35
27 523 61
27 588 59
28 29 75
28 168 76
28 218 10
28 252 92
28 380 29
28 410 39
28 439 50
28 448 20
28 452 60
28 484 36
28 490 40
28 500 83
28 536 24
28 566 29
29 30 1
29 37 35
29 136 20
29 151 81
29 156 27
29 174 45
29 190 81
29 254 79
29 269 59
29 278 19
29 354 60
29 372 55
29 378 92
29 386 57
29 425 42
29 443 20
29 446 50
29 481 39
29 488 39
29 512 37
29 537 45
29 551 52
29 567 13
29 574 13
30 31 57
30 47 41
30 94 41
30 128 75
30 207 72
30 223 5
30 236 46
30 240 84
30 258 87
30 287 11
30 347 81
30 364 80
30 370 89
30 440 78
30 442 22
30 447 2
30 459 85
30 461 58
30 464 52
30 485 38
30 492 4
30 515 73
30 564 62
30 578 48
30 590 12
30 596 52
31 32 41
31 38 48
31 80 49
31 81 57
31 172 28
31 176 64
31 187 58
31 217 48
31 272 55
31 293 94
31 352 2
31 368 23
31 376 78
31 496 20
31 533 42
31 544 75
31 548 87
32 33 12
32 40 72
32 51 9
32 53 31
32 73 3
32 115 69
32 135 68
32 147 66
32 153 46
32 186 40
32 224 64
32 259 62
32 264 61
32 287 59
32 291 17
32 303 12
32 312 84
32 325 96
32 330 66
32 345 74
32 346 94
32 366 71
32 381 100
32 465 19
32 495 87
32 511 27
32 519 10
32 526 59
32 541 79
33 34 75
33 64 20
33 85 88
33 119 92
33 160 18
33 223 54
33 244 96
33 259 90
33 272 33
33 273 90
33 282 20
33 328 21
33 365 30
33 376 48
33 461 25
33 492 47
33 496 71
33 526 77
33 543 97
33 553 71
33 565 94
33 578 74
34 35 68
34 43 72
34 107 50
34 120 46
34 158 35
34 203 83
34 220 52
34 227 74
34 326 10
34 356 59
34 377 56
34 393 59
34 424 10
34 461 36
34 508 48
34 551 3
34 594 15
35 36 57
35 39 14
35 110 80
35 147 38
35 176 57
35 202 51
35 207 90
35 252 23
35 408 77
35 419 96
35 491 8
35 525 41
35 536 90
35 576 66
35 586 40
36 37 36
36 58 50
36 117 63
36 197 19
36 199 88
36 360 45
36 374 70
36 399 5
36 408 59
36 433 37
36 441 83
36 520 64
36 571 52
37 38 17
37 83 79
37 98 19
37 111 89
37 115 23
37 137 91
37 169 11
37 178 79
37 203 29
37 211 96
37 250 9
37 256 44
37 262 49
37 332 88
37 431 69
37 510 7
37 570 85
37 585 39
38 39 54
38 90 5
38 140 58
38 162 7
38 175 37
38 207 93
38 210 61
38 238 73
38 243 99
38 249 27
38 353 16
38 357 85
38 384 56
38 393 14
38 442 93
38 484 74
38 494 36
38 520 91
38 538 39
38 551 35
38 577 32
38 593 31
39 40 18
39 46 79
39 48 86
39 50 52
39 76 72
39 135 70
39 147 21
39 185 68
39 199 19
39 223 9
39 264 44
39 270 30
39 283 65
39 332 75
39 386 79
39 399 55
39 400 87
39 431 48
39 458 38
39 492 11
39 534 98
39 557 60
39 587 36
39 597 25
40 41 60
40 62 38
40 77 32
40 157 60
40 161 42
40 175 18
40 216 26
40 227 3
40 233 9
40 234 65
40 239 20
40 267 57
40 287 36
40 302 94
40 373 28
40 422 24
40 437 87
40 448 9
40 477 65
40 480 86
40 498 44
40 499 24
40 553 29
41 42 24
41 43 49
41 85 4
41 95 4
41 151 65
41 181 2
41 234 68
41 293 41
41 296 28
41 307 95
41 353 53
41 469 2
41 511 45
41 560 80
41 565 93
41 568 8
42 43 33
42 48 44
42 69 9
42 114 75
42 132 87
42 216 59
42 278 30
42 298 37
42 386 31
42 463 60
42 469 33
42 495 21
42 539 29
42 545 91
42 547 53
43 44 35
43 71 53
43 88 45
43 91 5
43 95 50
43 98 38
43 103 15
43 142 76
43 188 32
43 212 45
43 220 17
43 278 47
43 284 79
43 286 89
43 290 11
43 291 62
43 314 100
43 342 83
43 348 88
43 349 8
43 352 98
43 357 48
43 432 46
43 439 13
43 448 61
43 449 84
43 467 38
43 551 55
44 45 43
44 71 20
44 81 10
44 84 91
44 129 10
44 140 85
44 166 65
44 177 64
44 184 61
44 190 47
44 197 8
44 198 74
44 210 16
44 222 24
44 225 75
44 262 60
44 312 67
44 336 33
44 398 55
44 404 97
44 428 94
44 485 62
44 521 31
44 544 57
44 550 77
44 558 75
44 572 24
44 575 18
45 46 2
45 65 37
45 69 70
45 106 72
45 109 80
45 175 43
45 182 42
45 245 78
45 262 9
45 288 87
45 312 66
45 343 83
45 351 17
45 373 47
45 449 16
45 474 86
45 489 97
45 552 24
45 553 80
45 594 46
46 47 83
46 60 92
46 83 57
46 106 61
46 115 76
46 121 34
46 127 24
46 134 39
46 152 15
46 284 63
46 308 2
46 348 87
46 406 69
46 457 4
46 498 94
46 515 50
46 562 79
46 570 89
47 48 63
47 61 4
47 92 1
47 108 16
47 133 76
47 173 44
47 193 11
47 213 97
47 222 1
47 224 36
47 265 70
47 293 74
47 300 25
47 302 25
47 318 65
47 392 74
47 451 42
47 463 2
47 499 31
47 501 2
47 509 4
47 512 38
47 515 19
47 552 68
47 566 98
47 573 84
47 575 78
48 49 67
48 55 4
48 95 85
48 120 37
48 233 30
48 245 12
48 279 85
48 299 77
48 314 69
48 326 16
48 328 73
48 334 12
48 337 11
48 343 89
48 361 68
48 362 94
48 378 73
48 437 85
48 475 89
48 480 61
48 496 65
48 501 50
48 516 58
48 518 51
48 538 95
48 545 52
48 555 87
48 574 89
48 587 68
49 50 78
49 59 23
49 67 97
49 118 98
49 189 20
49 246 1
49 252 18
49 359 3
49 463 9
49 465 23
49 474 43
49 483 63
49 494 5
49 498 36
49 517 11
49 524 55
49 530 10
49 531 57
49 535 10
49 574 52
50 51 45
50 53 92
50 135 87
50 142 13
50 146 27
50 148 17
50 166 95
50 194 90
50 210 31
50 220 39
50 221 78
50 234 82
50 251 25
50 285 55
50 297 64
50 303 2
50 306 63
50 308 6
50 324 71
50 344 16
50 352 77
50 360 60
50 397 40
50 407 77
50 419 76
50 438 11
50 468 67
50 511 68
50 517 40
50 532 35
50 545 24
51 52 99
51 63 2
51 69 59
51 173 84
51 179 10
51 190 92
51 202 10
51 269 98
51 314 6
51 350 21
51 377 28
51 485 5
51 548 29
51 580 89
52 53 34
52 99 77
52 109 79
52 127 28
52 137 42
52 167 94
52 182 82
52 196 55
52 210 4
52 211 22
52 217 27
52 264 62
52 325 20
52 355 37
52 372 65
52 392 86
52 397 29
52 401 38
52 431 45
52 454 37
52 482 35
52 486 5
52 490 16
52 491 81
52 497 83
52 500 40
52 514 4
52 521 13
52 561 22
52 587 6
53 54 19
53 87 60
53 93 100
53 114 50
53 118 59
53 161 52
53 173 26
53 179 45
53 217 3
53 270 9
53 302 28
53 304 40
53 346 87
53 477 68
53 532 10
53 599 19
54 55 28
54 69 24
54 75 99
54 83 55
54 96 35
54 111 19
54 131 78
54 153 91
54 167 20
54 172 97
54 198 24
54 230 80
54 235 19
54 238 72
54 307 90
54 319 83
54 393 59
54 463 50
54 477 20
54 494 9
54 504 15
54 513 17
54 514 54
54 563 99
55 56 13
55 62 20
55 82 67
55 97 63
55 130 22
55 156 17
55 185 80
55 272 83
55 284 15
55 310 46
55 331 50
55 354 30
55 404 46
55 470 40
55 483 76
55 522 4
55 563 79
56 57 93
56 65 45
56 123 44
56 128 43
56 218 18
56 238 87
56 264 33
56 296 31
56 316 18
56 333 73
56 339 19
56 354 19
56 391 52
56 393 60
56 438 70
56 452 34
56 453 64
56 493 7
56 545 10
56 561 55
56 595 90
57 58 17
57 99 97
57 177 79
57 194 1
57 227 8
57 253 34
57 341 45
57 384 65
57 387 15
57 405 58
57 408 61
57 434 100
57 489 2
57 551 53
57 585 74
57 598 69
58 59 11
58 79 29
58 87 22
58 88 76
58 102 46
58 104 86
58 122 84
58 146 51
58 201 35
58 237 20
58 279 12
58 304 100
58 342 67
58 343 68
58 360 15
58 384 82
58 392 98
58 407 74
58 435 99
58 518 35
58 531 96
58 536 46
58 549 85
58 562 4
58 580 49
59 60 6
59 120 48
59 162 76
59 174 83
59 204 45
59 247 64
59 266 72
59 270 59
59 273 91
59 289 78
59 303 24
59 313 58
59 318 70
59 521 35
59 532 98
59 572 2
59 573 9
59 587 66
59 593 61
60 61 19
60 82 21
60 83 40
60 118 56
60 126 88
60 148 75
60 174 23
60 177 39
60 231 52
60 233 62
60 234 31
60 263 41
60 291 69
60 317 40
60 321 10
60 388 84
60 418 76
60 438 52
60 441 12
60 454 36
60 496 64
60 498 72
60 499 3
60 515 68
60 531 81
60 565 36
60 573 59
61 62 55
61 68 11
61 189 47
61 251 63
61 286 25
61 333 94
61 366 51
61 383 69
61 432 98
61 435 61
61 445 40
61 462 94
61 465 24
61 487 85
61 541 27
61 590 72
61 599 99
62 63 16
62 64 91
62 89 79
62 118 9
62 119 89
62 141 67
62 277 4
62 301 83
62 346 8
62 348 40
62 360 92
62 402 79
62 454 38
62 463 19
62 473 5
62 484 80
62 552 38
62 555 74
62 577 87
63 64 6
63 83 74
63 170 35
63 172 60
63 203 80
63 211 59
63 215 17
63 217 94
63 230 33
63 273 37
63 309 73
63 317 12
63 350 79
63 370 32
63 376 41
63 389 65
63 446 14
63 449 68
63 495 82
63 577 22
64 65 84
64 70 95
64 88 15
64 91 49
64 107 53
64 139 99
64 171 28
64 202 77
64 219 17
64 276 20
64 280 11
64 282 82
64 301 80
64 302 76
64 314 96
64 315 28
64 344 61
64 380 96
64 384 2
64 399 82
64 424 31
64 563 33
65 66 96
65 74 11
65 85 38
65 121 59
65 129 90
65 172 16
65 281 4
65 304 53
65 306 14
65 340 58
65 341 63
65 354 55
65 358 10
65 368 73
65 449 17
65 501 76
65 570 39
65 571 36
65 580 5
65 597 77
66 67 21
66 92 71
66 114 64
66 118 78
66 138 49
66 180 25
66 196 95
66 238 24
66 257 65
66 445 8
66 457 81
66 469 41
66 490 79
66 512 32
66 518 38
66 528 61
67 68 43
67 77 94
67 81 31
67 83 19
67 134 4
67 149 45
67 161 18
67 162 99
67 166 88
67 174 40
67 247 72
67 289 15
67 297 53
67 302 42
67 425 10
67 448 4
67 475 49
67 493 56
67 499 45
67 522 41
67 540 89
67 588 6
68 69 69
68 76 9
68 81 49
68 93 50
68 98 10
68 113 44
68 157 42
68 169 3
68 177 89
68 185 44
68 188 63
68 277 5
68 290 19
68 331 43
68 344 28
68 370 48
68 373 7
68 408 15
68 439 36
68 512 14
68 524 39
68 571 60
68 599 49
69 70 35
69 71 37
69 138 64
69 164 37
69 168 40
69 204 53
69 267 18
69 305 54
69 360 8
69 381 64
69 384 81
69 406 36
69 423 35
69 481 14
69 504 5
69 527 96
69 543 84
69 555 75
70 71 26
70 85 47
70 103 97
70 130 39
70 195 25
70 220 83
70 228 42
70 319 42
70 344 32
70 374 28
70 382 54
70 386 70
70 412 47
70 414 44
70 493 41
70 539 85
70 593 78
71 72 66
71 78 76
71 142 69
71 177 41
71 224 37
71 239 49
71 260 66
71 312 28
71 319 53
71 337 41
71 345 60
71 453 61
71 465 18
71 470 57
71 531 10
71 541 57
71 578 17
72 73 80
72 84 63
72 125 9
72 131 37
72 141 89
72 145 6
72 168 79
72 191 13
72 216 15
72 235 69
72 270 19
72 339 53
72 345 74
72 350 50
72 403 88
72 404 14
72 449 58
72 463 34
72 525 69
72 538 15
72 555 74
72 571 97
72 593 44
72 595 57
73 74 14
73 110 56
73 130 77
73 145 34
73 262 83
73 303 71
73 338 59
73 348 29
73 377 28
73 387 60
73 408 9
73 414 89
73 418 33
73 453 61
74 75 67
74 114 90
74 145 27
74 171 51
74 195 77
74 196 58
74 210 16
74 280 57
74 296 95
74 320 99
74 340 82
74 346 99
74 350 82
74 353 44
74 361 72
74 394 56
74 510 98
74 526 33
74 529 4
74 539 47
74 569 78
75 76 95
75 94 99
75 125 10
75 225 43
75 246 94
75 279 10
75 303 83
75 313 69
75 386 81
75 464 24
75 494 78
75 568 86
75 583 80
75 593 17
76 77 85
76 102 24
76 117 73
76 134 79
76 142 84
76 149 25
76 150 57
76 198 35
76 214 19
76 217 97
76 220 25
76 231 17
76 249 18
76 339 45
76 345 1
76 364 99
76 377 4
76 384 43
76 452 78
76 459 79
76 467 4
76 493 75
76 512 89
76 519 52
76 525 22
76 537 36
77 78 85
77 82 5
77 108 88
77 119 28
77 125 10
77 161 26
77 175 46
77 234 92
77 268 84
77 274 46
77 298 81
77 347 7
77 397 78
77 479 100
77 482 56
77 517 47
77 584 69
77 588 20
77 599 67
78 79 55
78 92 56
78 153 48
78 169 58
78 201 27
78 203 81
78 216 87
78 221 21
78 239 59
78 246 12
78 269 4
78 326 69
78 356 26
78 420 21
78 439 6
78 480 61
78 485 32
78 515 16
78 542 83
78 548 45
78 572 70
79 80 66
79 161 36
79 171 52
79 172 90
79 188 22
79 227 92
79 228 13
79 241 66
79 262 58
79 281 2
79 303 93
79 331 98
79 404 56
79 406 47
79 465 38
79 475 13
79 485 70
79 497 39
79 589 15
80 81 54
80 112 48
80 154 38
80 196 14
80 212 61
80 225 64
80 230 91
80 231 82
80 234 28
80 240 39
80 260 78
80 268 82
80 334 87
80 372 87
80 385 96
80 409 42
80 419 96
80 474 32
80 491 41
80 494 17
80 495 22
80 561 74
80 568 11
80 580 65
81 82 19
81 84 35
81 105 77
81 156 47
81 170 24
81 171 45
81 185 99
81 187 48
81 198 49
81 241 48
81 253 92
81 265 84
81 269 86
81 286 24
81 300 16
81 339 29
81 368 48
81 377 59
81 394 17
81 411 13
81 470 79
81 480 1
81 485 76
81 525 39
81 585 66
81 587 68
82 83 17
82 87 46
82 90 54
82 163 74
82 197 50
82 220 12
82 262 74
82 312 86
82 322 50
82 360 34
82 361 69
82 405 87
82 493 94
82 498 23
82 518 2
82 539 21
82 550 48
82 571 4
83 84 93
83 89 96
83 110 2
83 120 28
83 166 13
83 264 50
83 322 1
83 372 42
83 387 10
83 495 12
83 563 61
83 598 17
84 85 46
84 130 22
84 150 81
84 191 66
84 241 93
84 283 2
84 322 52
84 325 53
84 357 86
84 362 98
84 380 90
84 403 66
84 433 55
84 456 95
84 472 76
84 479 66
84 487 96
84 527 24
84 546 77
84 551 11
84 577 6
85 86 5
85 114 80
85 117 72
85 157 9
85 188 62
85 211 8
85 286 69
85 293 12
85 324 54
85 326 81
85 365 16
85 411 65
85 494 60
85 503 24
85 534 86
85 536 8
85 538 40
85 541 75
86 87 62
86 112 63
86 132 4
86 134 36
86 142 83
86 156 16
86 189 54
86 290 24
86 324 68
86 350 49
86 388 6
86 391 99
86 406 64
86 416 41
86 436 68
86 469 26
86 475 47
86 538 52
86 577 19
87 88 80
87 110 71
87 119 27
87 151 45
87 168 44
87 179 16
87 220 77
87 263 66
87 307 71
87 375 23
87 380 17
87 388 2
87 396 66
87 399 80
87 421 49
87 438 60
87 488 94
87 510 34
87 519 93
87 522 25
87 536 95
87 537 36
87 582 45
87 586 8
87 597 97
88 89 92
88 141 48
88 175 21
88 182 15
88 189 51
88 223 45
88 291 20
88 300 95
88 320 8
88 330 32
88 411 16
88 417 67
88 419 69
88 487 28
88 493 58
88 498 39
88 524 77
88 541 80
88 597 92
89 90 54
89 109 66
89 139 74
89 149 34
89 157 85
89 166 19
89 171 83
89 227 2
89 247 70
89 248 72
89 257 53
89 271 76
89 285 77
89 300 53
89 336 19
89 434 29
89 437 83
89 439 54
89 485 86
89 489 94
89 495 60
89 542 62
89 593 58
90 91 44
90 114 87
90 137 26
90 145 78
90 146 97
90 155 30
90 168 95
90 190 66
90 201 51
90 243 19
90 267 34
90 277 80
90 283 64
90 297 13
90 415 60
90 516 5
90 533 75
91 92 19
91 94 41
91 157 26
91 167 38
91 205 77
91 224 72
91 227 52
91 229 26
91 234 96
91 259 26
91 270 23
91 293 88
91 306 30
91 349 43
91 358 18
91 442 30
91 492 83
91 546 88
91 592 52
92 93 84
92 123 77
92 201 1
92 217 2
92 261 99
92 330 86
92 363 44
92 369 41
92 395 58
92 424 85
92 436 3
92 440 54
92 448 59
92 458 81
92 490 69
92 512 54
92 540 40
92 561 49
93 94 86
93 113 86
93 124 55
93 127 85
93 164 77
93 184 48
93 185 80
93 209 60
93 210 33
93 266 25
93 267 5
93 288 50
93 304 37
93 338 21
93 365 56
93 385 11
93 389 53
93 403 36
93 421 38
93 423 13
93 427 85
93 430 54
93 433 53
93 443 86
93 478 6
93 484 24
93 546 19
93 549 79
93 567 68
93 571 43
93 592 50
93 593 100
93 598 22
94 95 58
94 98 14
94 147 72
94 161 58
94 195 67
94 214 24
94 244 61
94 250 64
94 252 56
94 288 7
94 320 25
94 378 93
94 394 17
94 432 12
94 434 11
94 443 33
94 458 63
94 487 53
94 527 17
94 539 98
94 545 68
94 548 36
95 96 5
95 121 31
95 134 44
95 167 21
95 168 48
95 189 9
95 201 25
95 220 19
95 238 88
95 326 44
95 394 87
95 397 90
95 398 50
95 403 19
95 429 4
95 457 65
95 466 19
95 477 38
95 528 98
95 559 64
95 563 43
96 97 27
96 99 100
96 151 59
96 199 69
96 220 77
96 262 23
96 283 57
96 301 100
96 314 36
96 320 59
96 333 99
96 367 51
96 408 21
96 411 99
96 418 50
96 482 32
96 502 36
96 511 25
96 525 44
96 589 18
96 596 37
97 98 99
97 165 25
97 248 15
97 262 99
97 272 56
97 327 28
97 398 28
97 430 16
97 433 85
97 445 72
97 459 24
97 464 73
97 466 29
97 489 54
97 515 49
97 540 35
97 585 31
98 99 54
98 113 46
98 119 37
98 120 99
98 186 36
98 189 68
98 190 47
98 194 76
98 234 98
98 247 98
98 261 24
98 273 32
98 296 51
98 326 78
98 334 51
98 359 95
98 360 5
98 387 51
98 391 36
98 420 31
98 498 75
98 549 72
98 555 83
98 572 89
99 100 63
99 111 49
99 117 58
99 147 86
99 252 24
99 284 3
99 288 21
99 301 44
99 303 48
99 312 2
99 373 77
99 403 70
99 568 64
99 587 81
100 101 33
100 121 75
100 133 65
100 164 36
100 223 92
100 225 25
100 231 20
100 308 7
100 312 12
100 391 47
100 415 12
100 428 26
100 436 29
100 452 72
100 458 79
100 593 22
101 102 87
101 106 30
101 201 70
101 230 14
101 242 92
101 275 88
101 282 39
101 304 21
101 317 29
101 324 67
101 338 5
101 372 53
101 385 47
101 387 1
101 411 64
101 432 5
101 464 53
101 511 81
101 562 54
101 571 90
102 103 72
102 158 92
102 218 54
102 224 94
102 235 96
102 271 92
102 288 97
102 332 15
102 383 4
102 435 99
102 449 2
102 509 11
102 532 51
102 535 15
103 104 6
103 118 68
103 131 8
103 167 36
103 175 88
103 181 50
103 184 57
103 224 75
103 286 83
103 303 34
103 402 30
103 414 66
103 441 16
103 445 43
103 462 88
103 526 18
103 536 6
103 548 96
103 578 69
104 105 4
104 114 38
104 122 56
104 139 43
104 175 91
104 183 53
104 229 13
104 241 96
104 263 91
104 301 28
104 319 93
104 327 24
104 339 31
104 367 40
104 384 93
104 436 81
104 492 70
104 512 22
104 527 37
105 106 52
105 108 13
105 116 91
105 134 77
105 165 79
105 201 78
105 202 11
105 211 32
105 243 76
105 254 100
105 277 78
105 298 80
105 308 36
105 309 96
105 317 37
105 366 8
105 376 46
105 386 65
105 411 91
105 422 78
105 485 87
105 486 93
105 488 11
105 557 94
105 577 26
106 107 42
106 131 1
106 134 74
106 255 76
106 260 90
106 268 7
106 301 90
106 346 60
106 385 10
106 408 2
106 419 88
106 467 97
106 501 23
106 502 83
106 514 67
106 522 25
106 549 44
106 576 41
106 588 60
107 108 14
107 109 73
107 111 62
107 157 11
107 204 27
107 217 93
107 224 66
107 253 58
107 272 61
107 273 9
107 315 2
107 357 50
107 375 91
107 450 29
107 499 30
107 518 23
107 523 75
107 541 19
107 554 40
107 567 99
107 575 16
108 109 46
108 143 90
108 168 75
108 260 54
108 275 49
108 286 65
108 306 25
108 313 69
108 330 62
108 347 21
108 376 72
108 417 69
108 484 99
108 502 56
108 513 12
108 519 80
108 528 32
109 110 43
109 141 62
109 161 95
109 195 81
109 228 2
109 232 92
109 302 51
109 323 34
109 327 7
109 371 57
109 459 98
109 484 9
109 495 76
109 497 44
109 517 28
109 552 34
109 573 65
109 582 57
109 591 62
110 111 51
110 137 65
110 150 18
110 202 84
110 214 5
110 233 82
110 256 56
110 258 36
110 277 66
110 296 54
110 297 39
110 306 75
110 345 62
110 360 85
110 385 86
110 417 23
110 501 6
110 527 97
110 577 47
111 112 53
111 150 52
111 198 58
111 202 40
111 239 40
111 259 45
111 319 11
111 342 77
111 356 50
111 357 59
111 404 99
111 432 85
111 442 98
111 456 56
111 472 26
111 516 66
111 535 40
111 561 32
111 575 81
112 113 5
112 178 58
112 192 55
112 193 50
112 210 48
112 213 94
112 263 16
112 268 7
112 273 67
112 274 66
112 294 29
112 332 15
112 396 19
112 398 30
112 503 8
112 511 35
112 583 71
113 114 11
113 122 26
113 141 17
113 162 100
113 166 33
113 193 78
113 199 42
113 255 27
113 294 38
113 306 55
113 308 52
113 311 71
113 351 98
113 369 100
113 376 52
113 381 64
113 396 78
113 426 92
113 443 72
113 454 39
113 508 26
113 568 70
114 115 55
114 144 58
114 153 70
114 158 78
114 214 86
114 256 12
114 259 34
114 271 80
114 298 72
114 373 12
114 383 43
114 428 60
114 433 13
114 473 27
114 526 78
114 544 14
114 571 2
115 116 63
115 125 30
115 185 64
115 206 67
115 216 96
115 252 58
115 268 92
115 287 93
115 335 9
115 340 33
115 409 13
115 482 93
115 501 8
116 117 54
116 236 55
116 290 66
116 355 35
116 380 76
116 387 55
116 455 13
116 490 72
116 504 36
116 554 66
117 118 18
117 125 2
117 139 10
117 144 89
117 149 92
117 156 40
117 161 95
117 176 20
117 187 88
117 198 34
117 202 86
117 203 99
117 218 5
117 224 72
117 237 54
117 301 57
117 331 9
117 336 92
117 379 64
117 491 67
118 119 58
118 151 50
118 169 82
118 171 30
118 184 38
118 206 99
118 281 85
118 284 9
118 317 57
118 374 96
118 400 14
118 412 96
118 447 73
118 466 17
118 501 74
118 520 29
118 536 58
118 595 30
119 120 75
119 132 57
119 139 62
119 180 63
119 190 49
119 196 6
119 225 33
119 239 83
119 266 48
119 303 28
119 403 36
119 440 7
119 459 78
119 486 100
119 490 34
119 497 85
119 517 18
119 553 71
119 592 21
120 121 98
120 126 45
120 212 76
120 248 52
120 258 59
120 262 70
120 335 5
120 388 35
120 393 78
120 404 78
120 421 55
120 428 39
120 441 5
120 455 95
120 490 1
120 509 76
120 533 59
120 541 7
120 560 66
120 561 9
120 586 84
121 122 4
121 142 47
121 147 33
121 166 18
121 277 80
121 281 59
121 284 31
121 308 78
121 320 43
121 397 37
121 407 36
121 416 6
121 477 29
121 498 92
121 515 43
121 582 35
121 589 78
121 593 28
122 123 60
122 159 83
122 207 26
122 213 54
122 228 39
122 293 45
122 297 21
122 310 69
122 322 56
122 328 38
122 349 25
122 359 54
122 376 17
122 380 67
122 406 89
122 466 56
122 483 2
122 508 52
122 542 95
122 583 83
123 124 67
123 127 20
123 135 71
123 156 85
123 158 45
123 182 6
123 189 56
123 207 43
123 221 23
123 272 10
123 293 80
123 298 1
123 372 24
123 379 5
123 419 78
123 468 41
123 524 71
123 529 23
123 547 90
123 590 46
123 598 40
124 125 99
124 127 30
124 139 3
124 166 100
124 272 31
124 307 90
124 323 4
124 324 53
124 332 49
124 346 24
124 378 56
124 448 36
124 531 84
124 548 66
125 126 81
125 172 13
125 177 28
125 184 56
125 192 66
125 216 14
125 223 94
125 239 22
125 261 62
125 302 34
125 305 69
125 323 87
125 387 17
125 409 24
125 412 57
125 425 50
125 436 44
125 446 67
125 505 52
125 512 99
125 573 79
125 577 74
126 127 87
126 128 22
126 137 82
126 205 16
126 235 19
126 273 82
126 280 81
126 288 61
126 332 53
126 339 85
126 368 27
126 379 15
126 399 71
126 424 7
126 427 24
126 438 53
126 450 26
126 503 26
126 582 62
126 587 7
127 128 49
127 143 67
127 173 5
127 181 95
127 222 93
127 236 73
127 256 63
127 264 67
127 316 70
127 344 81
127 391 51
127 407 42
127 440 58
127 473 76
127 494 29
127 495 23
127 551 83
127 569 24
127 584 35
127 597 100
128 129 45
128 223 31
128 261 81
128 263 60
128 269 80
128 292 31
128 318 95
128 332 5
128 359 6
128 389 63
128 417 70
128 426 40
128 432 92
128 452 91
128 462 25
128 467 4
128 559 65
129 130 94
129 175 98
129 194 10
129 195 71
129 230 68
129 287 99
129 328 55
129 365 13
129 391 78
129 431 71
129 449 22
129 455 31
129 468 67
129 489 46
129 523 97
129 542 65
130 131 100
130 150 24
130 158 3
130 179 14
130 195 54
130 208 69
130 303 9
130 326 85
130 403 26
130 414 43
130 433 64
130 448 78
130 506 33
130 518 26
130 527 57
131 132 82
131 200 7
131 270 70
131 279 81
131 281 11
131 312 69
131 319 53
131 329 59
131 346 21
131 354 12
131 397 36
131 418 87
131 425 29
131 445 63
131 465 82
131 593 48
132 133 77
132 183 12
132 192 98
132 232 92
132 274 93
132 322 58
132 330 27
132 338 4
132 386 49
132 387 95
132 388 18
132 435 26
132 460 29
132 468 29
132 482 35
132 489 31
132 501 72
132 520 1
132 542 4
132 568 32
132 588 39
132 596 93
133 134 22
133 282 97
133 314 23
133 360 33
133 361 43
133 457 26
133 513 45
133 538 66
133 543 85
133 563 20
133 591 2
134 135 45
134 155 64
134 167 77
134 211 85
134 259 45
134 268 31
134 355 10
134 357 37
134 469 60
134 488 70
135 136 81
135 141 20
135 154 33
135 177 2
135 182 52
135 229 40
135 273 76
135 294 92
135 315 15
135 334 69
135 352 55
135 372 80
135 381 82
135 427 29
136 137 81
136 161 86
136 219 60
136 234 59
136 300 61
136 324 49
136 330 96
136 423 14
136 439 83
136 460 56
136 503 51
136 553 46
136 571 56
136 577 81
137 138 36
137 159 43
137 182 61
137 183 86
137 210 32
137 228 16
137 231 99
137 241 18
137 242 9
137 243 76
137 279 76
137 377 16
137 391 83
137 446 23
137 459 78
137 468 56
137 486 75
137 502 97
137 544 96
137 576 23
137 589 32
137 598 85
138 139 59
138 155 85
138 188 93
138 247 17
138 254 77
138 259 85
138 265 65
138 336 8
138 341 24
138 350 43
138 417 7
138 421 99
138 507 59
138 526 13
138 589 27
139 140 29
139 167 31
139 176 35
139 219 96
139 235 29
139 237 10
139 257 11
139 310 55
139 314 50
139 319 58
139 379 73
139 380 68
139 423 39
139 514 52
139 548 27
139 573 25
139 588 1
139 589 54
140 141 27
140 152 98
140 153 99
140 280 26
140 291 18
140 299 52
140 310 70
140 329 67
140 331 37
140 363 52
140 371 100
140 373 85
140 409 93
140 419 84
140 428 16
140 438 32
140 468 64
140 473 57
140 572 85
141 142 67
141 218 42
141 225 79
141 234 17
141 254 34
141 310 42
141 312 14
141 322 15
141 395 61
141 415 27
141 436 14
141 459 68
141 486 2
141 556 38
141 564 67
141 572 22
142 143 9
142 157 10
142 159 27
142 167 72
142 175 75
142 184 75
142 190 74
142 197 21
142 200 75
142 267 26
142 273 95
142 368 29
142 493 53
142 519 96
142 527 86
142 561 12
142 569 47
142 576 66
143 144 77
143 184 57
143 215 94
143 224 25
143 258 71
143 269 48
143 276 39
143 290 10
143 301 27
143 302 54
143 318 22
143 333 76
143 342 40
143 343 17
143 367 44
143 382 73
143 384 16
143 388 76
143 427 4
143 444 4
143 497 21
143 510 27
143 542 67
143 547 6
144 145 77
144 198 87
144 207 90
144 224 15
144 228 96
144 236 65
144 245 92
144 276 2
144 339 59
144 369 38
144 431 88
144 499 16
144 511 55
144 529 44
144 533 80
144 537 47
144 541 16
144 567 76
145 146 44
145 152 67
145 273 26
145 276 7
145 295 54
145 299 19
145 307 63
145 372 4
145 409 40
145 411 77
145 490 73
145 594 73
145 597 12
146 147 25
146 182 95
146 200 25
146 216 87
146 223 7
146 229 99
146 243 39
146 298 28
146 304 93
146 305 98
146 312 22
146 320 61
146 345 73
146 372 42
146 399 60
146 415 81
146 416 78
146 496 41
146 517 55
146 541 56
147 148 73
147 173 64
147 177 81
147 200 40
147 217 40
147 242 100
147 278 5
147 282 49
147 292 34
147 305 34
147 330 86
147 438 47
147 442 61
147 444 83
147 467 56
147 516 80
147 550 94
147 551 90
147 577 15
148 149 46
148 151 11
148 200 63
148 209 73
148 226 99
148 277 5
148 298 54
148 313 33
148 333 30
148 356 50
148 376 29
148 391 14
148 444 11
148 563 37
148 582 86
148 590 32
149 150 75
149 179 48
149 212 45
149 225 100
149 236 78
149 247 30
149 317 73
149 320 86
149 383 4
149 446 1
149 449 71
149 461 68
149 467 32
149 475 10
149 517 9
149 523 28
149 528 71
150 151 72
150 213 11
150 217 46
150 272 52
150 314 67
150 330 74
150 349 24
150 362 97
150 397 14
150 415 100
150 482 80
150 494 28
150 558 100
150 576 100
150 582 98
151 152 41
151 167 56
151 174 76
151 220 30
151 251 4
151 284 58
151 317 74
151 334 38
151 450 80
151 464 61
151 523 15
151 540 16
151 565 3
151 587 43
152 153 52
152 159 78
152 192 43
152 205 53
152 209 17
152 301 85
152 310 12
152 342 3
152 355 72
152 420 21
152 422 53
152 461 14
152 462 83
152 540 11
152 550 87
152 563 2
152 595 22
153 154 30
153 173 82
153 178 45
153 206 49
153 219 54
153 297 87
153 314 24
153 322 28
153 337 20
153 346 48
153 350 72
153 353 46
153 364 19
153 385 98
153 432 78
153 458 100
153 461 40
153 478 32
153 528 76
154 155 11
154 171 52
154 179 80
154 184 97
154 195 13
154 210 42
154 224 37
154 227 83
154 250 4
154 256 90
154 313 57
154 326 6
154 347 76
154 397 52
154 398 42
154 402 43
154 449 59
154 468 20
154 482 39
154 542 60
154 546 68
154 577 91
154 594 3
155 156 58
155 160 32
155 163 85
155 165 73
155 169 82
155 185 17
155 234 40
155 285 78
155 316 65
155 395 40
155 446 83
155 447 35
155 466 84
155 507 45
155 522 54
155 529 51
155 537 82
155 578 55
155 579 40
156 157 13
156 164 63
156 165 13
156 171 56
156 207 53
156 212 40
156 235 71
156 265 35
156 314 2
156 330 54
156 337 79
156 362 33
156 461 9
157 158 63
157 174 18
157 212 77
157 230 36
157 274 100
157 301 8
157 324 89
157 344 71
157 368 10
157 391 27
157 417 19
157 468 4
157 491 13
157 495 32
157 578 6
157 598 8
158 159 97
158 168 59
158 191 85
158 399 15
158 405 11
158 429 95
158 460 18
158 462 72
158 475 24
158 514 19
158 519 10
158 521 79
158 539 67
158 556 98
159 160 60
159 176 15
159 187 46
159 195 10
159 204 58
159 224 42
159 265 3
159 267 82
159 286 6
159 290 51
159 310 39
159 368 31
159 389 85
159 405 48
159 421 16
159 432 48
159 509 97
159 557 25
160 161 83
160 195 33
160 224 3
160 235 83
160 252 82
160 253 65
160 276 33
160 291 68
160 301 33
160 320 42
160 344 89
160 353 66
160 393 11
160 459 87
160 512 47
160 517 35
160 559 20
160 579 49
161 162 35
161 168 41
161 190 54
161 252 39
161 348 20
161 372 59
161 393 26
161 396 11
161 462 72
161 491 28
161 511 50
161 519 86
161 574 78
162 163 48
162 167 31
162 173 3
162 250 99
162 287 45
162 338 81
162 351 62
162 387 91
162 430 15
162 436 51
162 442 95
162 451 6
162 500 52
162 506 91
162 592 45
163 164 4
163 184 40
163 193 69
163 206 24
163 213 22
163 233 58
163 247 10
163 268 40
163 277 65
163 310 70
163 318 32
163 364 60
163 390 54
163 418 22
163 419 37
163 424 86
163 425 91
163 437 46
163 458 56
163 459 20
163 482 21
163 495 92
164 165 23
164 183 91
164 186 38
164 225 46
164 227 24
164 254 67
164 259 19
164 321 77
164 329 23
164 354 35
164 402 14
164 405 15
164 484 27
164 498 39
164 540 57
164 548 100
164 555 24
164 563 69
164 585 20
165 166 12
165 244 12
165 301 35
165 351 91
165 358 24
165 402 67
165 410 30
165 426 7
165 439 73
165 440 40
165 463 6
165 480 41
165 504 26
165 527 26
165 533 32
165 554 69
165 597 64
166 167 30
166 228 55
166 264 43
166 282 22
166 295 86
166 301 81
166 339 20
166 345 65
166 380 27
166 385 21
166 406 53
166 414 44
166 477 3
166 505 18
166 575 93
166 595 5
167 168 14
167 189 12
167 194 36
167 209 56
167 219 70
167 249 24
167 288 11
167 329 47
167 350 33
167 362 18
167 429 8
167 440 25
167 453 50
167 464 54
167 478 76
167 505 24
167 542 51
167 544 10
167 572 89
167 595 11
168 169 61
168 214 30
168 242 14
168 297 30
168 315 68
168 352 90
168 438 15
168 461 92
168 470 50
168 475 69
168 484 100
168 491 50
168 506 21
168 517 5
168 523 28
168 579 68
168 590 72
168 591 90
169 170 58
169 184 65
169 185 71
169 234 84
169 239 16
169 262 62
169 318 48
169 344 10
169 358 32
169 360 13
169 378 79
169 395 53
169 421 59
169 462 84
169 506 7
169 513 6
169 561 3
169 572 53
170 171 68
170 183 84
170 189 4
170 223 19
170 254 61
170 319 24
170 444 46
170 462 43
170 471 65
170 520 41
170 522 2
170 537 16
170 578 1
171 172 12
171 276 50
171 301 97
171 327 18
171 371 51
171 376 82
171 389 94
171 436 62
171 454 89
171 459 48
171 463 21
171 484 27
171 526 7
171 538 9
171 566 27
171 571 3
171 579 36
172 173 89
172 262 18
172 295 16
172 366 56
172 369 13
172 410 67
172 560 47
172 564 5
172 588 16
172 597 75
173 174 1
173 183 95
173 218 71
173 258 81
173 278 61
173 320 20
173 366 36
173 380 24
173 390 77
173 442 22
173 446 12
173 499 44
173 550 60
174 175 49
174 180 87
174 237 48
174 243 83
174 255 6
174 260 53
174 271 98
174 298 5
174 398 67
174 421 48
174 456 89
174 482 44
174 549 41
174 563 50
174 565 76
174 597 21
175 176 78
175 186 29
175 200 99
175 240 66
175 297 22
175 329 38
175 342 30
175 346 61
175 351 13
175 473 65
175 509 70
175 535 88
175 589 81
175 590 12
176 177 60
176 183 95
176 214 98
176 228 85
176 295 89
176 328 73
176 404 13
176 424 21
176 446 71
176 501 83
176 503 9
176 561 45
176 568 16
177 178 34
177 190 91
177 196 7
177 233 14
177 248 7
177 251 95
177 263 92
177 270 6
177 273 31
177 306 95
177 319 100
177 376 55
177 410 65
177 411 30
177 418 41
177 444 85
177 500 12
177 525 28
177 561 87
178 179 31
178 227 29
178 252 56
178 456 85
178 466 49
178 472 41
178 533 72
178 597 6
179 180 81
179 185 60
179 192 40
179 234 99
179 249 45
179 274 87
179 277 15
179 285 53
179 426 86
179 438 5
179 516 56
179 524 50
179 534 20
179 539 27
179 551 58
180 181 83
180 209 47
180 259 80
180 348 92
180 435 29
180 436 47
180 565 67
181 182 80
181 221 34
181 222 48
181 267 55
181 285 50
181 323 79
181 335 60
181 379 56
181 380 55
181 383 50
181 385 20
181 402 10
181 414 7
181 463 95
181 502 54
181 522 62
181 532 45
181 564 53
181 570 33
181 587 28
182 183 66
182 210 95
182 211 54
182 252 43
182 284 46
182 357 94
182 392 13
182 428 48
182 430 15
182 431 84
182 495 8
182 510 63
182 520 58
182 534 89
183 184 26
183 215 69
183 264 11
183 284 12
183 289 14
183 298 90
183 317 50
183 320 59
183 327 41
183 340 47
183 436 55
183 464 45
183 488 17
183 533 86
183 542 53
183 566 48
183 594 59
184 185 57
184 207 99
184 210 57
184 263 71
184 264 33
184 278 9
184 279 15
184 293 59
184 320 36
184 326 2
184 327 72
184 359 43
184 370 100
184 372 61
184 377 81
184 390 57
184 404 40
184 500 83
184 509 97
184 559 41
185 186 30
185 252 96
185 268 42
185 297 67
185 299 46
185 315 19
185 322 3
185 347 100
185 376 97
185 381 74
185 384 51
185 399 3
185 406 69
185 416 21
185 435 4
185 455 10
185 459 38
185 469 96
185 481 8
185 493 97
185 509 13
185 532 77
185 566 81
185 584 23
185 591 76
186 187 78
186 189 44
186 220 40
186 246 34
186 262 59
186 286 33
186 316 39
186 317 65
186 334 68
186 389 65
186 479 57
186 519 52
187 188 37
187 213 21
187 228 42
187 230 81
187 242 85
187 245 94
187 276 96
187 283 74
187 348 21
187 388 25
187 486 44
187 525 43
187 530 6
187 531 89
187 545 86
187 586 26
187 594 73
187 599 37
188 189 14
188 211 13
188 221 68
188 257 57
188 275 26
188 319 57
188 327 22
188 342 65
188 347 87
188 386 79
188 403 11
188 432 23
188 464 71
188 498 44
188 505 97
188 508 28
188 526 10
188 535 94
188 565 100
188 570 39
188 598 8
189 190 33
189 207 70
189 271 93
189 298 59
189 375 82
189 382 38
189 383 75
189 436 86
189 448 92
189 523 17
189 557 36
190 191 87
190 203 5
190 217 77
190 224 44
190 246 61
190 305 67
190 311 68
190 322 73
190 325 25
190 327 48
190 330 11
190 344 97
190 403 69
190 410 94
190 422 94
190 429 57
190 444 65
190 449 18
190 486 7
190 532 99
190 562 75
190 575 90
191 192 58
191 201 4
191 241 59
191 258 29
191 311 65
191 414 93
191 443 30
191 458 43
191 460 75
191 518 16
191 536 89
191 545 81
191 563 63
191 567 94
192 193 93
192 201 34
192 289 79
192 371 5
192 382 92
192 469 37
192 493 24
192 501 65
192 502 61
192 556 93
193 194 98
193 195 74
193 207 94
193 227 92
193 244 30
193 248 28
193 251 76
193 281 3
193 312 53
193 318 27
193 339 39
193 369 43
193 379 84
193 385 77
193 443 19
193 464 63
193 476 95
193 488 59
193 535 30
193 537 6
193 544 90
193 545 9
193 553 92
193 554 92
194 195 56
194 207 95
194 279 90
194 298 94
194 315 7
194 321 1
194 347 100
194 390 71
194 459 57
194 481 63
194 483 67
194 519 87
194 521 39
194 532 77
194 553 6
195 196 13
195 221 5
195 222 51
195 282 9
195 313 77
195 343 66
195 437 22
195 466 4
195 486 60
195 493 73
195 588 87
196 197 24
196 265 93
196 269 41
196 285 62
196 317 8
196 326 3
196 333 2
196 386 33
196 392 39
196 475 71
196 517 55
196 551 5
196 564 50
196 582 28
197 198 41
197 215 59
197 232 41
197 242 40
197 277 64
197 351 68
197 391 99
197 402 50
197 435 96
197 445 69
197 452 54
197 485 23
197 492 84
197 494 64
197 539 4
197 583 47
197 588 90
197 591 55
198 199 66
198 203 22
198 215 51
198 225 79
198 258 18
198 273 27
198 299 37
198 331 76
198 446 52
198 492 43
198 532 42
198 551 82
198 553 45
198 572 5
199 200 76
199 226 41
199 244 83
199 247 18
199 260 16
199 303 53
199 352 95
199 359 59
199 370 27
199 382 22
199 389 99
199 396 36
199 428 63
199 429 67
199 455 84
199 528 6
199 570 47
200 201 89
200 241 21
200 266 91
200 305 11
200 382 29
200 409 54
200 425 70
200 446 55
200 465 12
200 483 9
200 504 68
200 548 76
200 554 85
200 571 36
201 202 95
201 220 77
201 242 37
201 248 22
201 277 93
201 290 94
201 354 65
201 360 38
201 366 42
201 395 5
201 429 44
201 430 32
201 441 47
201 452 80
201 471 61
201 523 100
201 566 39
201 578 23
201 581 3
202 203 23
202 258 59
202 275 94
202 277 34
202 366 86
202 369 60
202 423 64
202 427 90
202 431 19
202 485 52
202 522 62
202 525 31
202 560 85
203 204 88
203 295 91
203 302 22
203 320 14
203 321 44
203 334 51
203 347 17
203 367 40
203 380 63
203 381 36
203 382 55
203 474 23
203 509 89
203 560 67
203 579 11
204 205 84
204 232 74
204 262 61
204 336 32
204 338 90
204 390 40
204 413 79
204 418 24
204 419 94
204 424 91
204 430 37
204 431 1
204 458 13
204 471 50
204 515 99
204 532 13
204 535 81
204 546 83
205 206 16
205 212 9
205 216 30
205 242 46
205 270 88
205 371 36
205 390 5
205 392 16
205 403 53
205 409 39
205 425 13
205 480 87
205 510 21
205 528 27
205 545 64
205 547 90
205 587 96
206 207 28
206 224 54
206 232 56
206 295 23
206 302 49
206 313 41
206 314 13
206 391 85
206 411 18
206 422 81
206 423 62
206 427 27
206 450 96
206 470 89
206 486 54
206 545 88
206 577 100
207 208 16
207 271 59
207 297 42
207 319 75
207 341 77
207 419 13
207 492 48
207 508 22
207 540 70
207 560 31
207 584 27
208 209 81
208 213 44
208 257 9
208 260 19
208 298 16
208 335 79
208 361 23
208 379 17
208 489 61
208 537 10
208 549 19
208 563 43
209 210 9
209 271 71
209 290 8
209 339 33
209 408 71
209 413 36
209 431 54
209 436 6
209 444 91
209 466 23
209 550 92
209 558 94
209 593 82
209 594 78
210 211 17
210 217 62
210 221 71
210 230 83
210 259 2
210 300 32
210 327 40
210 368 37
210 369 83
210 389 75
210 426 91
210 434 95
210 450 35
210 462 79
210 483 53
210 513 43
210 532 23
210 586 3
211 212 14
211 244 20
211 247 61
211 248 9
211 287 45
211 333 23
211 383 91
211 390 4
211 417 84
211 425 62
211 427 78
211 428 5
211 432 89
211 458 40
211 462 47
211 470 70
211 477 35
211 480 67
211 489 36
211 556 34
211 566 71
211 567 54
211 597 86
212 213 46
212 237 30
212 238 18
212 303 15
212 305 97
212 312 81
212 314 64
212 317 100
212 358 100
212 374 87
212 416 42
212 430 81
212 438 13
212 445 36
212 456 87
212 479 91
212 494 20
212 500 11
212 503 34
212 547 37
212 580 71
213 214 9
213 241 53
213 356 91
213 373 27
213 399 38
213 463 60
213 510 46
213 527 63
213 538 63
213 579 52
213 587 55
214 215 49
214 256 68
214 315 31
214 351 64
214 361 77
214 397 66
214 430 54
214 442 1
214 443 92
214 451 60
214 459 28
214 476 39
214 479 41
214 543 68
214 560 44
214 565 44
214 582 69
214 594 68
215 216 64
215 250 59
215 256 43
215 291 22
215 316 99
215 324 78
215 344 30
215 369 36
215 371 29
215 406 85
215 439 63
215 450 82
215 452 32
215 480 93
215 529 79
215 552 92
215 560 33
215 578 50
216 217 71
216 262 20
216 266 3
216 291 7
216 330 80
216 339 4
216 341 40
216 351 52
216 357 57
216 460 86
216 486 87
216 494 91
216 564 97
216 569 70
216 592 62
217 218 12
217 237 31
217 242 35
217 244 67
217 252 49
217 257 60
217 260 43
217 268 70
217 272 24
217 281 66
217 365 100
217 425 91
217 438 43
217 449 76
217 484 23
217 493 43
217 535 91
217 570 39
217 582 61
217 593 4
218 219 84
218 246 42
218 294 7
218 300 76
218 361 65
218 365 15
218 398 39
218 403 85
218 469 9
218 509 63
218 526 4
218 533 83
218 557 37
218 585 68
219 220 4
219 226 44
219 229 63
219 230 77
219 291 58
219 334 65
219 341 19
219 350 28
219 359 89
219 361 11
219 393 14
219 408 59
219 428 71
219 450 71
219 475 90
219 486 96
219 510 39
219 541 32
219 599 90
220 221 63
220 250 74
220 270 36
220 275 22
220 277 42
220 290 45
220 299 13
220 344 5
220 352 8
220 442 64
220 516 76
220 521 38
220 569 28
220 582 93
221 222 61
221 253 23
221 292 39
221 315 2
221 321 85
221 401 40
221 404 54
221 467 98
221 497 66
221 514 66
221 520 58
221 552 61
221 592 1
222 223 17
222 261 52
222 310 4
222 313 36
222 320 30
222 333 61
222 361 9
222 367 67
222 395 24
222 410 39
222 428 39
222 495 80
222 532 84
223 224 88
223 298 45
223 397 33
223 498 93
223 511 57
223 524 74
223 533 62
223 547 42
223 560 75
224 225 33
224 268 47
224 276 58
224 296 85
224 311 66
224 351 29
224 380 71
224 398 79
224 408 7
224 514 84
224 517 73
224 525 18
224 544 7
224 580 25
225 226 32
225 230 61
225 248 38
225 266 31
225 342 100
225 348 38
225 362 4
225 398 45
225 452 9
225 479 18
225 495 34
225 542 6
225 567 16
225 569 43
225 596 22
225 597 32
226 227 8
226 235 44
226 266 98
226 306 40
226 328 72
226 353 94
226 362 31
226 367 19
226 370 54
226 397 66
226 414 53
226 454 65
226 460 86
226 560 25
226 599 13
227 228 25
227 239 92
227 322 36
227 333 35
227 343 30
227 358 31
227 400 15
227 408 99
227 478 90
227 529 49
227 537 20
227 570 73
227 579 16
227 592 52
228 229 46
228 308 23
228 338 74
228 396 29
228 411 31
228 421 91
228 425 61
228 440 38
228 488 73
228 516 94
228 556 21
228 588 16
229 230 37
229 252 65
229 263 88
229 345 42
229 391 33
229 425 7
229 437 4
229 463 81
229 520 16
229 528 11
229 536 94
229 542 53
229 573 59
229 585 37
230 231 63
230 262 4
230 286 42
230 371 47
230 423 89
230 430 8
230 455 32
230 512 11
230 527 71
230 551 45
231 232 84
231 248 34
231 264 100
231 312 21
231 313 70
231 322 55
231 342 86
231 355 79
231 370 76
231 383 48
231 399 47
231 404 98
231 477 64
231 499 21
231 510 56
231 517 76
231 552 68
232 233 42
232 246 44
232 252 45
232 278 51
232 289 29
232 324 14
232 373 21
232 377 64
232 401 35
232 496 55
232 579 66
233 234 13
233 258 1
233 264 71
233 266 71
233 291 10
233 322 53
233 336 48
233 373 86
233 376 1
233 437 42
233 484 3
233 489 52
233 494 40
233 525 42
233 538 25
233 554 56
233 568 41
233 574 91
233 589 55
234 235 4
234 279 24
234 304 61
234 371 68
234 375 14
234 391 84
234 475 89
234 479 42
234 507 78
234 521 46
234 568 62
234 577 30
234 580 56
234 598 17
235 236 100
235 242 36
235 289 62
235 314 1
235 320 34
235 356 37
235 426 42
235 472 30
235 552 92
235 554 9
236 237 61
236 338 29
236 360 97
236 436 49
236 443 29
236 453 76
236 460 63
236 481 58
236 524 70
236 543 40
236 568 55
236 580 24
236 581 45
237 238 54
237 247 40
237 253 74
237 257 83
237 260 21
237 271 17
237 311 78
237 334 25
237 354 89
237 531 44
237 582 24
238 239 57
238 263 29
238 269 94
238 323 64
238 335 20
238 370 19
238 405 76
238 407 26
238 425 46
238 436 41
238 452 53
238 462 84
238 463 3
238 538 15
238 589 59
238 595 38
239 240 36
239 258 29
239 319 43
239 329 28
239 348 72
239 358 90
239 382 40
239 401 68
239 499 27
239 501 37
239 509 56
239 595 59
240 241 62
240 259 20
240 309 56
240 312 26
240 324 82
240 372 99
240 377 7
240 501 95
240 525 26
240 574 7
240 586 15
241 242 69
241 361 56
241 392 86
241 410 30
241 443 73
241 475 52
241 568 1
241 581 6
242 243 14
242 283 94
242 284 78
242 323 63
242 340 96
242 401 92
242 424 50
242 454 70
242 477 13
242 478 72
242 496 33
242 520 24
242 523 78
242 561 83
242 565 90
243 244 43
243 279 72
243 300 23
243 437 77
243 470 21
243 508 47
243 513 50
243 565 97
244 245 97
244 273 26
244 311 36
244 312 13
244 340 51
244 379 96
244 448 25
244 450 74
244 460 36
244 470 38
244 471 97
244 482 70
244 484 69
244 504 9
244 514 22
244 547 26
244 558 32
245 246 38
245 250 30
245 265 82
245 274 5
245 377 6
245 414 51
245 465 81
245 472 80
245 505 85
245 510 92
245 524 92
245 549 63
245 573 57
245 587 79
246 247 27
246 301 32
246 329 35
246 335 9
246 344 44
246 366 2
246 422 60
246 440 1
246 503 45
246 573 37
246 578 61
246 597 15
247 248 43
247 264 66
247 297 10
247 344 86
247 366 47
247 376 60
247 401 15
247 426 59
247 457 34
247 471 97
247 488 30
247 537 48
247 545 24
248 249 85
248 269 40
248 279 83
248 303 54
248 330 72
248 359 75
248 371 40
248 453 82
248 486 28
248 489 77
248 495 25
248 508 29
248 516 50
248 519 67
248 543 59
248 581 18
248 594 35
249 250 88
249 292 93
249 306 53
249 355 13
249 365 25
249 366 78
249 378 21
249 380 97
249 400 93
249 418 42
249 431 35
249 477 99
249 505 63
249 517 42
249 531 35
249 581 66
249 587 23
250 251 78
250 273 42
250 281 77
250 310 36
250 317 85
250 327 35
250 363 70
250 427 35
250 436 54
250 440 9
250 474 33
250 482 58
250 506 1
250 507 75
250 509 81
250 510 25
251 252 82
251 320 98
251 362 44
251 427 95
251 442 40
251 457 75
251 471 80
251 536 58
251 559 12
252 253 49
252 302 92
252 410 42
252 441 48
252 455 43
252 458 87
252 473 75
252 495 78
252 505 83
252 528 72
253 254 3
253 266 18
253 297 60
253 355 56
253 367 14
253 369 20
253 372 7
253 385 9
253 398 62
253 417 31
253 419 20
253 431 70
253 437 68
253 481 33
253 534 25
253 563 54
253 572 65
254 255 30
254 279 32
254 283 62
254 317 3
254 359 89
254 486 60
254 511 86
254 515 28
254 555 67
254 565 61
254 575 63
255 256 69
255 279 22
255 337 100
255 342 35
255 355 78
255 357 4
255 433 5
255 469 11
255 480 24
255 491 29
255 507 93
255 573 22
256 257 22
256 300 32
256 395 30
256 408 67
256 429 20
257 258 73
257 262 58
257 304 86
257 322 48
257 328 64
257 361 32
257 417 62
257 434 68
257 463 79
257 483 48
257 508 58
257 545 73
257 569 50
257 572 70
257 593 12
257 594 74
258 259 86
258 282 93
258 292 41
258 307 5
258 346 17
258 362 88
258 392 14
258 396 50
258 402 95
258 432 9
258 500 27
258 517 85
258 519 63
258 557 79
258 578 87
259 260 42
259 262 44
259 274 89
259 280 41
259 282 77
259 296 98
259 338 64
259 428 94
259 444 49
259 501 38
259 558 43
259 573 41
259 577 8
260 261 54
260 290 93
260 304 22
260 352 95
260 394 40
260 408 12
260 416 23
260 428 84
260 461 88
260 505 19
260 519 5
260 521 3
260 522 12
260 542 69
260 554 63
260 571 95
261 262 45
261 272 66
261 278 67
261 369 6
261 373 62
261 452 73
261 455 88
261 456 84
261 487 20
261 558 56
261 559 37
261 570 80
262 263 23
262 272 97
262 277 5
262 293 92
262 350 79
262 377 55
262 385 83
262 411 77
262 414 72
262 469 80
262 475 99
262 477 73
262 488 77
262 508 17
262 523 44
262 586 12
262 590 53
262 595 98
263 264 84
263 332 40
263 370 58
263 387 49
263 412 33
263 426 94
263 434 22
263 462 48
263 511 65
263 530 39
263 588 59
263 589 8
263 597 39
263 599 28
264 265 84
264 329 46
264 389 7
264 394 28
264 400 80
264 416 41
264 436 92
264 440 13
264 447 65
264 466 50
264 514 22
264 528 42
264 531 24
264 558 46
264 567 80
264 578 38
265 266 3
265 267 30
265 274 83
265 285 38
265 303 32
265 321 100
265 332 77
265 339 45
265 355 23
265 448 29
265 452 96
265 458 93
265 475 7
265 481 43
265 552 68
265 580 55
266 267 64
266 272 12
266 297 55
266 388 68
266 397 95
266 458 12
266 481 52
266 500 49
266 573 16
267 268 42
267 323 69
267 347 38
267 375 29
267 379 27
267 450 13
267 467 37
267 471 6
267 562 70
267 599 24
268 269 21
268 291 13
268 307 86
268 309 14
268 328 6
268 371 52
268 379 42
268 411 85
268 425 24
268 467 30
268 486 88
268 498 92
268 545 17
268 587 32
268 594 62
269 270 63
269 272 94
269 284 5
269 285 77
269 316 17
269 344 81
269 358 42
269 364 35
269 369 28
269 401 23
269 410 20
269 436 77
269 446 11
270 271 65
270 316 99
270 340 17
270 347 96
270 359 1
270 366 89
270 383 61
270 434 45
270 483 80
270 490 53
270 494 53
270 536 54
270 543 38
270 578 12
271 272 58
271 286 13
271 364 7
271 387 80
271 415 23
271 448 17
271 485 85
271 498 27
271 515 70
271 522 47
271 546 73
271 556 79
271 572 31
271 590 12
271 597 35
272 273 100
272 280 73
272 425 28
272 515 64
272 566 82
272 587 83
273 274 13
273 285 19
273 364 61
273 371 64
273 376 85
273 454 38
273 456 28
273 511 92
273 518 30
273 557 100
274 275 97
274 295 30
274 297 36
274 320 16
274 325 16
274 335 47
274 341 99
274 369 16
274 376 77
274 409 75
274 424 34
274 436 31
274 440 37
274 451 45
274 498 73
274 554 94
274 581 31
274 587 91
275 276 71
275 277 30
275 283 41
275 336 87
275 340 87
275 384 17
275 421 81
275 432 37
275 435 2
275 447 53
275 455 73
275 459 87
275 503 83
275 538 29
275 560 17
275 569 92
275 571 56
276 277 47
276 314 47
276 395 42
276 403 70
276 411 26
276 420 73
276 447 7
276 474 76
276 482 62
276 486 97
276 556 38
276 568 93
277 278 13
277 303 87
277 313 28
277 348 62
277 429 69
277 463 99
277 476 14
277 486 70
277 488 10
277 575 9
277 584 28
278 279 48
278 299 73
278 384 80
278 407 82
278 411 13
278 425 95
278 518 60
279 280 59
279 281 55
279 309 54
279 324 17
279 330 50
279 334 79
279 371 89
279 400 67
279 402 82
279 415 76
279 438 11
279 445 51
279 447 8
279 483 12
279 487 53
279 514 34
279 523 33
280 281 88
280 380 15
280 383 32
280 398 18
280 492 73
280 547 45
280 593 82
281 282 91
281 377 40
281 411 77
281 441 59
281 451 28
281 538 89
281 566 18
281 590 81
281 597 47
282 283 6
282 287 37
282 333 44
282 361 72
282 388 83
282 423 8
282 439 93
282 456 42
282 463 43
282 479 20
282 491 25
282 515 97
282 521 91
282 540 81
282 546 37
282 570 9
283 284 57
283 317 59
283 355 34
283 381 81
283 403 3
283 456 45
283 486 75
283 509 77
283 532 26
283 538 10
283 557 55
283 564 43
283 590 28
284 285 8
284 309 76
284 389 59
284 426 82
284 444 21
284 479 91
284 509 69
284 535 5
284 545 67
284 588 67
284 591 77
284 592 73
285 286 84
285 289 5
285 367 2
285 368 18
285 373 11
285 427 5
285 430 72
285 552 5
286 287 89
286 298 28
286 315 33
286 332 40
286 347 9
286 367 85
286 368 95
286 376 63
286 395 26
286 461 28
286 463 53
286 464 68
286 513 95
286 541 94
286 563 23
286 576 32
287 288 86
287 302 5
287 343 15
287 357 9
287 383 43
287 405 90
287 417 30
287 453 78
287 457 92
287 523 24
287 538 2
287 543 86
288 289 10
288 324 74
288 384 60
288 466 69
288 472 49
288 512 81
288 517 43
288 520 67
288 565 12
288 570 17
288 575 53
288 594 49
289 290 37
289 305 35
289 337 88
289 372 24
289 375 64
289 376 79
289 411 15
289 467 28
289 480 64
289 486 15
289 526 18
289 542 85
289 551 38
289 583 40
289 587 79
290 291 71
290 332 94
290 360 42
290 394 37
290 414 46
290 515 96
290 564 15
290 566 90
290 588 8
291 292 19
291 296 54
291 335 23
291 344 78
291 368 3
291 429 91
291 436 12
291 438 19
291 441 76
291 459 89
291 465 51
291 474 4
291 479 42
291 535 86
291 573 50
292 293 91
292 299 24
292 354 30
292 379 3
292 392 28
292 410 14
292 425 45
292 438 74
292 498 9
292 528 66
292 568 20
292 581 43
292 588 49
293 294 49
293 317 33
293 351 95
293 357 87
293 389 9
293 421 63
293 422 72
293 463 51
293 502 11
293 532 54
293 538 31
293 572 88
294 295 65
294 300 70
294 337 60
294 356 57
294 369 74
294 398 95
294 465 63
294 485 3
294 508 70
294 541 20
294 552 3
294 584 6
294 585 100
295 296 65
295 321 3
295 324 78
295 363 36
295 399 46
295 453 41
295 465 38
295 484 41
295 501 85
295 526 80
295 529 47
295 548 13
295 553 30
296 297 83
296 345 77
296 394 65
296 409 64
296 484 7
296 495 12
296 501 65
296 504 54
296 529 30
296 541 25
296 584 54
297 298 57
297 335 17
297 424 82
297 447 35
297 465 82
297 468 59
297 490 57
297 503 6
297 505 60
297 576 54
297 585 86
297 593 66
298 299 64
298 347 56
298 381 9
298 393 71
298 425 82
298 429 58
298 434 51
298 438 94
298 445 27
298 457 53
298 468 75
298 495 56
298 502 17
298 520 23
298 554 9
298 560 7
298 578 59
298 585 3
299 300 40
299 346 74
299 351 22
299 387 75
299 388 3
299 396 96
299 419 39
299 432 23
299 439 4
299 451 10
299 476 58
299 496 25
299 525 95
300 301 49
300 321 79
300 332 59
300 341 51
300 351 93
300 386 95
300 390 58
300 401 40
300 412 20
300 414 54
300 431 10
300 432 77
300 448 92
300 461 35
300 479 13
300 515 88
300 517 80
300 589 20
301 302 26
301 314 41
301 331 56
301 358 91
301 394 94
301 398 93
301 522 39
302 303 17
302 313 39
302 338 88
302 349 6
302 384 55
302 471 57
302 485 49
302 515 35
302 525 39
302 552 22
302 587 19
302 594 80
302 599 59
303 304 13
303 314 36
303 331 43
303 335 84
303 351 62
303 398 78
303 403 40
303 456 74
303 548 33
303 561 13
303 564 25
303 587 29
304 305 99
304 311 76
304 326 80
304 401 81
304 413 98
304 449 59
304 469 20
304 522 42
304 533 93
304 543 89
304 565 80
304 591 34
305 306 41
305 319 93
305 342 49
305 349 27
305 386 70
305 423 73
305 471 71
305 551 92
305 571 44
305 581 54
306 307 77
306 363 69
306 386 71
306 393 5
306 399 28
307 308 27
307 444 62
307 456 26
307 480 37
307 481 47
307 548 56
308 309 49
308 367 23
308 375 83
308 409 68
308 426 82
308 432 3
308 482 75
308 514 52
308 532 30
309 310 77
309 394 9
309 414 29
309 415 46
309 422 27
309 447 16
309 484 4
309 489 55
309 494 38
309 497 94
309 561 82
309 565 25
310 311 47
310 316 34
310 327 66
310 333 14
310 394 36
310 412 99
310 427 21
310 506 43
310 509 74
310 518 71
310 521 99
310 580 64
311 312 100
311 322 7
311 324 74
311 336 44
311 340 13
311 347 95
311 349 100
311 411 65
311 428 94
311 439 46
311 451 47
311 453 27
311 467 79
311 497 67
311 498 5
311 558 89
311 581 5
311 587 100
312 313 25
312 342 77
312 452 86
312 468 83
312 516 70
312 530 70
312 562 88
313 314 74
313 347 60
313 349 97
313 362 79
313 367 40
313 399 10
313 406 13
313 448 3
313 454 12
313 456 74
313 474 46
313 531 90
313 555 14
313 574 75
314 315 44
314 350 33
314 364 76
314 372 80
314 382 46
314 392 14
314 408 61
314 415 88
314 416 62
314 441 59
314 488 64
314 499 23
314 508 53
314 509 23
314 538 40
315 316 61
315 330 81
315 331 52
315 366 7
315 370 36
315 372 64
315 398 79
315 419 37
315 433 10
315 455 93
315 589 65
316 317 14
316 406 19
316 446 50
316 455 38
316 465 84
316 500 52
316 550 29
316 559 35
316 570 61
316 590 80
317 318 97
317 464 46
317 486 71
317 487 43
317 489 39
317 525 90
317 532 86
317 565 89
317 577 1
318 319 17
318 356 43
318 374 54
318 394 52
318 397 66
318 416 45
318 465 92
318 468 100
318 507 43
318 510 43
318 567 22
318 591 54
319 320 7
319 357 71
319 379 23
319 398 7
319 405 29
319 413 53
319 421 20
319 448 64
319 469 71
319 541 32
319 571 89
320 321 12
320 332 91
320 390 42
320 401 70
320 442 65
320 452 92
320 453 47
320 473 23
320 502 4
320 512 42
320 541 93
320 561 68
320 562 99
320 572 91
320 573 90
320 588 73
321 322 78
321 327 16
321 362 77
321 395 81
321 399 32
321 438 53
321 449 86
321 456 91
321 468 21
321 472 14
321 500 4
321 505 56
321 506 78
321 510 59
321 576 6
322 323 76
322 332 89
322 335 62
322 380 46
322 483 74
322 516 47
322 541 2
322 570 50
322 599 45
323 324 37
323 354 64
323 389 19
323 392 94
323 425 5
323 464 18
323 471 45
323 474 31
323 520 21
323 540 43
323 543 70
323 546 22
323 561 42
323 584 56
324 325 39
324 336 29
324 345 8
324 346 98
324 390 68
324 405 16
324 457 80
324 492 88
324 502 39
324 504 24
324 511 35
324 528 94
324 529 14
324 531 2
324 560 87
324 563 76
324 575 58
325 326 39
325 343 19
325 349 100
325 355 8
325 367 78
325 378 4
325 493 71
325 539 69
325 553 95
325 565 30
325 593 31
326 327 47
326 337 88
326 375 86
326 377 58
326 395 28
326 425 61
326 440 28
326 449 82
326 456 58
326 467 63
326 472 95
326 475 41
326 481 37
326 537 79
326 577 92
327 328 56
327 333 5
327 345 21
327 391 69
327 392 58
327 416 76
327 434 73
327 452 44
327 453 98
327 486 73
327 501 4
327 519 9
327 522 82
327 531 59
327 545 31
327 594 48
328 329 38
328 359 64
328 368 31
328 431 61
328 447 60
328 459 93
328 478 92
328 512 74
328 536 79
328 590 94
328 599 47
329 330 90
329 356 89
329 396 25
329 450 67
329 471 1
329 510 58
329 539 11
329 562 62
329 576 2
330 331 18
330 386 83
330 391 79
330 423 6
330 431 36
330 434 57
330 440 59
330 446 11
330 472 84
330 481 52
330 496 52
330 554 42
330 566 99
330 577 40
330 583 84
330 585 30
330 592 54
331 332 98
331 367 72
331 430 3
331 474 58
331 476 43
331 489 61
331 509 74
331 515 44
332 333 5
332 403 92
332 459 40
332 478 42
332 490 28
332 497 78
332 516 17
333 334 70
333 356 68
333 371 51
333 394 45
333 425 70
333 429 16
333 432 51
333 437 27
333 445 95
333 449 17
333 463 39
333 465 24
333 478 56
333 514 9
333 583 90
333 589 30
334 335 84
334 360 75
334 371 61
334 447 67
334 466 77
334 473 38
334 525 98
334 590 95
335 336 100
335 354 15
335 358 63
335 370 61
335 396 94
335 402 14
335 426 69
335 467 3
335 471 17
335 482 23
335 496 17
335 503 17
335 525 48
335 557 68
335 583 40
336 337 37
336 343 58
336 377 20
336 438 47
336 496 27
336 528 57
336 541 80
336 567 17
337 338 22
337 364 18
337 388 21
337 399 17
337 408 64
337 467 99
337 531 2
337 572 22
337 590 39
338 339 22
338 345 75
338 375 74
338 417 73
338 433 20
338 511 51
338 535 61
338 559 76
338 591 59
339 340 66
339 344 18
339 352 98
339 362 19
339 400 33
339 413 13
339 421 15
339 428 38
339 446 80
339 565 56
339 568 42
339 597 95
340 341 95
340 360 2
340 365 65
340 389 47
340 395 100
340 421 33
340 440 55
340 455 57
340 463 71
340 469 63
340 495 99
340 541 24
340 553 68
340 580 49
340 587 99
341 342 25
341 353 10
341 375 14
341 507 82
341 533 8
341 562 40
341 592 21
341 595 12
342 343 2
342 344 25
342 398 82
342 415 29
342 476 85
342 563 62
342 575 47
342 585 13
343 344 58
343 349 3
343 385 82
343 403 21
343 405 33
343 413 5
343 436 91
343 452 29
343 476 5
343 483 11
343 499 76
343 521 33
343 531 11
344 345 40
344 356 87
344 361 51
344 369 48
344 423 1
344 464 65
344 467 16
344 533 24
344 552 47
344 583 45
345 346 44
345 357 89
345 361 60
345 371 19
345 388 59
345 407 32
345 430 59
345 436 25
345 448 59
345 473 77
345 480 17
345 503 21
345 553 11
346 347 22
346 377 25
346 453 50
346 454 17
346 505 7
346 542 29
346 555 87
346 585 4
347 348 24
347 394 72
347 419 10
347 479 58
347 500 66
347 505 91
347 525 5
347 533 48
347 539 83
347 554 79
347 558 12
347 559 75
347 561 68
347 577 22
347 584 50
348 349 17
348 386 13
348 389 63
348 396 91
348 461 16
348 506 76
348 549 15
348 563 21
348 576 5
349 350 98
349 364 92
349 365 66
349 409 21
349 455 7
349 475 80
349 523 81
349 575 76
349 579 25
349 588 25
350 351 26
350 355 100
350 360 32
350 378 83
350 404 28
350 406 57
350 451 8
350 499 16
350 525 12
350 537 75
350 566 11
351 352 38
351 372 68
351 407 80
351 419 91
351 461 80
351 485 7
351 488 97
352 353 60
352 372 37
352 376 30
352 434 17
352 447 76
352 449 71
352 465 38
352 470 92
352 476 23
352 480 94
352 508 89
352 536 31
352 544 5
352 552 38
353 354 18
353 377 89
353 386 31
353 388 55
353 419 64
353 438 56
353 471 9
353 516 28
353 559 17
353 586 50
354 355 98
354 408 47
354 442 7
354 444 66
354 500 78
354 535 67
354 537 76
355 356 82
355 382 100
355 414 95
355 471 63
355 542 57
355 550 49
355 556 3
355 558 46
355 563 51
355 578 36
356 357 70
356 370 30
356 392 95
356 399 10
356 496 20
356 529 1
356 548 8
356 569 88
356 578 98
356 584 34
356 588 99
357 358 26
357 368 83
357 438 54
357 475 11
357 547 40
358 359 94
358 381 46
358 384 78
358 398 75
358 440 20
358 489 60
358 500 62
358 532 97
358 543 30
358 563 66
358 581 82
358 591 71
359 360 53
359 375 79
359 385 71
359 390 30
359 402 19
359 436 35
359 458 20
359 555 65
359 558 92
360 361 88
360 433 52
360 459 31
360 462 93
360 463 2
360 479 63
360 521 40
360 532 75
360 533 61
360 546 28
360 553 69
360 592 99
361 362 35
361 407 19
361 412 45
361 415 55
361 425 37
361 472 80
361 491 20
361 561 58
361 581 39
362 363 34
362 384 47
362 430 59
362 487 94
362 517 36
362 522 41
362 534 56
362 565 45
362 582 24
362 590 73
362 598 56
363 364 99
363 418 53
363 458 31
363 469 5
363 472 95
363 481 1
363 484 96
363 491 14
363 533 75
363 563 98
363 584 68
364 365 79
364 441 72
364 468 79
364 473 94
364 474 84
364 532 6
364 585 10
365 366 5
365 403 98
365 406 63
365 408 84
365 425 51
365 442 60
365 460 17
365 481 61
365 563 7
365 599 69
366 367 57
366 402 35
366 416 92
366 442 98
366 443 98
366 462 21
366 493 78
366 519 33
366 525 80
366 534 19
366 594 63
367 368 80
367 419 21
367 486 23
367 490 53
367 503 72
367 514 36
367 528 4
367 538 50
367 583 57
368 369 94
368 375 85
368 446 85
368 451 61
368 585 4
368 586 16
368 587 33
369 370 33
369 374 19
369 385 6
369 403 76
369 411 44
369 444 99
369 478 71
369 503 23
369 545 13
369 552 50
369 587 63
369 598 11
370 371 94
370 373 62
370 389 78
370 391 83
370 424 47
370 473 51
370 488 31
370 514 17
370 534 35
370 539 15
370 560 6
370 565 21
370 571 6
370 584 78
371 372 81
371 395 81
371 508 49
371 540 71
371 542 24
371 548 52
371 555 26
372 373 30
372 416 87
372 460 66
372 484 9
372 546 43
372 549 63
372 589 51
373 374 22
373 388 85
373 422 25
373 430 12
373 453 89
373 504 41
373 515 83
373 519 58
373 533 53
373 597 46
374 375 82
374 410 31
374 419 43
374 436 89
374 453 38
374 488 60
374 529 40
374 535 10
374 541 87
374 560 56
374 571 28
375 376 26
375 391 79
375 398 55
375 463 55
375 472 72
375 473 48
375 522 44
375 579 4
376 377 11
376 396 55
376 417 94
376 432 8
376 435 93
376 479 48
376 566 85
376 569 76
377 378 82
377 391 18
377 428 3
377 432 13
377 550 85
377 551 47
378 379 36
378 382 22
378 433 9
378 457 40
378 465 88
378 551 84
378 556 95
378 560 40
378 567 50
378 591 55
379 380 76
379 393 10
379 408 92
379 460 69
379 501 81
379 527 69
379 558 97
380 381 66
380 446 95
380 450 50
380 483 66
380 496 25
380 531 27
380 549 61
380 582 8
380 587 31
381 382 96
381 410 21
381 423 80
381 434 15
381 441 65
381 452 8
381 453 29
381 467 4
381 471 19
381 504 67
381 573 83
381 576 45
382 383 75
382 395 31
382 403 76
382 414 50
382 417 70
382 422 23
382 428 5
382 430 19
382 433 64
382 462 4
382 497 99
382 511 69
382 521 19
382 589 39
382 596 92
382 598 25
383 384 8
383 401 86
383 426 96
383 431 18
383 445 2
383 478 78
384 385 8
384 413 20
384 429 31
384 438 58
384 456 82
384 474 84
384 517 22
384 521 53
384 529 38
384 542 75
384 557 35
384 571 85
385 386 46
385 390 59
385 441 39
385 442 88
385 485 11
385 532 2
385 534 50
385 543 62
386 387 99
386 404 78
386 422 14
386 507 79
386 551 77
387 388 36
387 505 65
387 531 75
387 581 85
388 389 73
388 398 77
388 411 35
388 425 69
388 492 84
388 499 25
388 572 60
388 588 8
388 591 90
389 390 74
389 423 9
389 449 86
389 466 67
389 476 100
389 498 81
389 538 29
389 564 80
390 391 22
390 392 54
390 393 50
390 399 7
390 476 74
390 487 66
390 491 34
390 510 25
390 570 98
390 590 81
391 392 40
391 402 43
391 418 2
391 447 19
391 498 70
391 510 78
391 516 25
391 524 77
391 526 53
391 532 99
391 535 93
391 562 80
392 393 22
392 409 4
392 469 7
392 474 82
392 530 25
392 542 1
392 543 100
392 579 21
393 394 50
393 401 81
393 497 87
393 502 65
393 521 36
394 395 62
394 430 41
394 434 23
394 445 35
394 453 77
394 456 70
394 541 66
394 544 17
394 561 67
395 396 66
395 436 21
395 470 78
395 477 78
395 531 86
395 589 44
396 397 9
396 495 39
396 503 98
396 548 12
396 558 31
396 579 95
396 587 67
397 398 16
397 407 39
397 419 20
397 427 27
397 454 14
397 456 72
397 468 69
397 495 17
397 503 36
397 517 96
397 551 28
398 399 26
398 409 62
398 450 63
398 516 98
398 531 80
398 538 92
398 574 63
398 585 86
399 400 9
399 434 18
399 437 22
399 464 24
399 470 21
399 485 94
399 587 73
400 401 68
400 417 14
400 464 76
400 481 84
400 496 14
400 500 85
400 529 58
400 544 98
400 571 58
400 574 58
401 402 73
401 406 53
401 414 12
401 429 80
401 436 33
401 470 12
401 513 17
401 525 59
401 573 22
401 575 10
402 403 24
402 404 96
402 485 24
402 496 87
402 516 20
402 525 3
402 527 19
402 544 96
402 560 70
402 568 21
402 572 70
402 577 34
403 404 18
403 426 75
403 459 67
403 485 17
403 498 67
403 517 50
403 525 49
403 565 16
403 596 28
404 405 87
404 457 48
404 485 70
404 487 1
404 543 8
404 568 32
405 406 51
405 418 49
405 430 87
405 445 77
405 476 8
405 483 31
405 503 85
405 505 29
405 510 5
405 518 30
406 407 99
406 446 36
406 457 45
406 463 64
406 472 33
406 473 88
406 497 50
406 541 59
406 547 34
406 548 35
406 563 53
406 599 87
407 408 28
407 462 35
407 515 94
407 524 28
407 529 37
407 574 46
407 595 66
408 409 75
408 575 39
408 593 49
408 595 40
408 597 32
409 410 19
409 424 43
409 427 64
409 464 47
409 478 69
409 490 83
410 411 12
410 463 26
410 485 89
410 497 97
410 553 6
410 561 49
410 570 2
411 412 11
411 439 55
411 445 7
411 483 83
411 528 4
411 544 4
411 556 7
412 413 78
412 452 36
412 508 77
412 523 62
412 524 9
412 530 44
412 565 8
413 414 36
413 416 89
413 446 23
413 481 55
413 531 54
413 579 91
413 583 60
413 585 58
414 415 27
414 421 50
414 445 43
414 473 15
414 513 54
414 552 53
414 565 43
415 416 90
415 420 43
415 508 92
415 597 35
416 417 69
416 422 33
416 445 77
416 453 14
416 495 26
416 509 25
416 536 46
416 569 97
416 574 97
417 418 91
417 487 34
418 419 19
418 446 38
418 512 64
418 595 32
419 420 69
419 431 68
419 475 71
419 479 30
419 507 68
419 537 71
419 560 20
420 421 76
420 426 98
420 447 29
420 525 23
420 590 49
421 422 1
421 442 47
421 470 50
421 496 39
421 497 88
421 517 92
421 518 40
421 525 69
421 534 22
421 541 18
421 560 65
422 423 71
422 522 79
422 549 17
422 582 48
422 587 91
423 424 25
423 437 46
423 449 54
423 470 100
423 492 41
423 503 48
423 531 76
423 548 69
424 425 66
424 453 5
424 454 3
424 460 49
424 469 63
424 510 17
424 513 15
424 524 99
424 526 100
424 547 83
425 426 99
425 481 41
425 541 10
426 427 34
426 434 21
426 441 23
426 510 79
426 527 61
426 558 68
426 589 14
427 428 74
427 487 61
427 491 54
427 514 77
428 429 69
428 505 58
428 511 49
428 549 95
428 555 81
429 430 81
429 503 72
429 536 77
430 431 98
430 444 84
430 535 52
430 575 35
430 578 69
431 432 91
431 439 20
431 469 92
431 482 25
431 538 77
431 571 86
432 433 25
432 437 76
432 449 69
432 485 24
432 535 70
432 569 100
432 583 73
432 593 95
433 434 39
433 485 87
433 498 23
433 520 24
433 540 59
433 553 23
433 591 63
434 435 8
434 440 37
434 450 55
434 460 94
434 480 37
434 485 29
434 515 36
434 534 62
434 556 17
435 436 4
435 451 98
435 494 56
435 503 94
435 519 83
435 558 100
435 581 96
436 437 25
436 481 35
436 526 96
436 535 75
436 546 20
436 590 64
437 438 18
437 459 49
437 557 58
437 559 32
437 578 98
437 583 18
438 439 66
438 540 94
438 595 12
439 440 70
439 448 71
439 496 4
439 529 96
439 550 87
439 553 6
439 558 10
439 575 94
439 582 91
439 588 12
439 589 39
439 593 6
440 441 37
440 597 91
441 442 64
441 543 99
441 549 39
441 566 45
441 575 67
442 443 66
442 542 1
442 569 34
442 574 7
442 576 86
443 444 10
443 458 50
443 466 15
443 469 57
443 471 11
443 474 84
443 482 62
443 483 49
443 500 59
443 533 12
444 445 82
444 481 97
444 500 87
444 554 43
444 568 7
444 584 14
445 446 81
445 449 100
445 466 33
445 492 22
445 549 58
445 576 47
445 582 61
446 447 93
446 517 29
447 448 48
447 549 39
447 567 98
448 449 95
448 453 18
448 486 80
448 493 91
448 533 92
448 546 40
448 590 66
449 450 61
449 465 69
449 496 7
449 529 64
449 580 50
449 588 96
450 451 6
450 497 41
450 549 74
450 552 51
450 587 39
450 591 85
451 452 49
451 485 28
451 532 27
451 567 6
452 453 49
452 456 38
452 485 86
452 534 42
452 556 44
452 577 65
453 454 42
453 455 45
453 494 38
453 523 48
453 537 55
453 561 82
453 564 9
453 574 97
453 585 73
454 455 31
454 487 75
454 494 74
454 561 5
454 575 44
455 456 75
455 477 73
455 528 56
455 529 42
455 551 27
456 457 71
456 510 99
456 544 53
456 546 86
456 567 59
457 458 78
457 489 76
457 498 56
457 514 89
457 530 39
457 543 43
457 544 53
457 580 46
458 459 21
458 467 40
458 476 64
458 480 59
458 528 42
458 531 27
458 533 71
459 460 30
459 476 77
459 485 36
459 499 65
459 585 82
459 592 80
460 461 10
460 472 90
460 481 33
460 522 69
460 534 31
460 536 38
460 564 89
460 580 75
460 585 16
461 462 70
461 492 3
461 562 93
461 570 4
462 463 73
462 516 19
462 544 100
462 555 80
462 564 35
462 590 22
462 598 69
463 464 76
463 505 23
463 507 95
463 551 88
463 576 22
463 582 37
464 465 51
464 481 51
464 542 13
464 566 4
465 466 84
465 467 24
465 476 54
465 525 62
465 554 44
465 566 2
466 467 28
466 469 28
466 474 61
466 479 81
466 506 86
466 516 46
466 526 90
466 541 46
466 595 85
467 468 77
467 474 40
467 486 5
467 491 31
467 549 90
467 568 93
467 584 65
468 469 88
468 579 1
469 470 97
469 517 56
469 594 61
469 595 51
470 471 53
471 472 43
471 489 53
471 521 75
471 557 8
471 573 14
472 473 72
472 474 100
472 503 2
472 542 20
472 546 82
472 567 43
473 474 95
473 496 10
473 521 43
474 475 18
474 484 28
474 500 14
474 501 61
475 476 17
475 480 14
475 517 78
476 477 22
476 498 22
476 556 22
476 590 39
477 478 89
477 482 61
477 520 18
477 545 73
478 479 9
478 505 31
478 540 68
478 546 34
478 557 14
479 480 27
479 489 44
479 527 62
479 536 27
479 568 70
479 577 55
479 585 53
479 594 13
480 481 94
480 484 8
480 508 37
480 513 66
480 530 11
480 566 91
481 482 53
481 505 53
481 508 14
481 554 54
481 560 59
481 584 49
482 483 79
482 588 53
482 598 27
482 599 7
483 484 48
483 534 38
483 578 6
484 485 95
484 493 95
484 514 83
484 517 62
484 532 94
484 597 27
485 486 23
485 538 16
485 553 82
485 580 99
486 487 79
486 522 55
486 552 50
487 488 26
487 552 28
487 557 80
487 571 85
487 596 67
488 489 79
488 504 46
488 514 76
488 597 95
488 599 71
489 490 86
489 518 63
489 523 48
489 527 81
489 569 14
490 491 72
490 526 56
490 599 45
491 492 3
491 505 77
491 533 12
491 573 97
491 584 60
491 589 79
491 593 20
492 493 76
492 519 17
492 522 51
492 564 68
492 589 37
493 494 46
493 523 35
493 539 49
493 565 24
493 577 5
493 589 33
493 590 90
494 495 70
494 533 66
494 541 60
495 496 84
495 539 88
495 559 53
495 569 96
496 497 52
496 511 81
496 524 20
496 545 72
496 563 11
497 498 14
497 508 75
497 513 9
498 499 5
498 517 88
498 523 65
498 529 4
498 580 45
498 585 44
498 590 29
499 500 28
499 515 88
500 501 33
500 511 85
500 521 27
500 570 88
500 571 94
501 502 19
501 567 55
501 572 73
501 578 78
501 583 41
502 503 41
502 521 38
502 537 18
502 561 16
502 584 94
502 587 81
503 504 63
503 507 75
503 518 45
503 585 81
503 594 74
504 505 20
504 519 80
504 596 65
505 506 99
505 544 43
506 507 93
506 511 16
506 513 79
506 522 79
506 549 85
506 596 45
507 508 76
507 546 66
507 573 73
507 598 40
508 509 28
508 567 61
508 578 78
508 585 85
508 595 36
509 510 79
509 517 29
509 555 26
509 559 62
509 573 97
510 511 64
510 528 58
510 535 31
510 549 28
510 568 5
510 596 66
511 512 64
511 515 56
511 516 65
511 530 41
511 557 35
511 558 40
511 563 26
511 571 99
511 577 13
511 582 21
512 513 84
512 522 24
512 524 3
512 553 62
512 592 43
513 514 36
514 515 19
514 566 95
514 588 44
515 516 68
515 527 64
515 544 75
515 554 65
515 591 43
516 517 52
516 537 24
516 552 9
516 580 55
517 518 9
517 533 22
517 581 92
517 582 57
517 583 93
517 595 74
517 598 20
518 519 9
518 527 66
518 530 80
518 590 61
519 520 75
519 528 11
520 521 82
521 522 15
521 538 42
521 541 82
522 523 26
522 550 6
522 560 99
522 577 47
522 580 97
522 592 43
523 524 55
523 532 49
523 569 17
523 575 100
523 577 36
524 525 80
524 538 16
525 526 59
525 537 46
526 527 6
526 550 35
526 569 83
527 528 64
527 566 100
527 569 85
527 575 45
527 585 24
528 529 24
528 595 54
529 530 27
529 591 2
530 531 73
530 551 27
530 563 65
531 532 50
531 542 30
531 550 96
532 533 39
532 582 90
533 534 8
533 576 77
534 535 86
534 540 98
534 570 20
534 576 67
534 587 27
535 536 57
535 551 92
535 575 59
535 596 97
536 537 58
537 538 59
537 557 23
537 580 47
538 539 83
538 550 69
538 557 96
538 559 84
539 540 26
539 583 63
539 593 59
540 541 45
540 563 19
540 566 83
540 576 84
540 596 14
541 542 4
541 553 53
541 575 38
541 590 41
542 543 75
542 550 100
542 556 8
542 588 60
542 589 80
543 544 44
543 564 86
543 571 25
544 545 91
544 588 94
544 592 89
545 546 3
545 586 70
545 594 30
546 547 81
547 548 61
547 577 8
548 549 7
548 584 72
548 592 78
549 550 8
549 594 55
550 551 68
550 562 71
550 581 86
551 552 59
551 553 15
551 580 32
551 584 97
552 553 76
552 572 41
552 587 5
553 554 66
554 555 3
554 561 47
554 564 73
555 556 88
555 579 42
555 584 94
556 557 42
556 567 45
556 573 86
556 597 62
557 558 31
557 570 58
557 583 36
558 559 25
559 560 82
559 573 78
559 583 24
559 589 43
560 561 98
560 569 11
560 575 60
560 590 94
561 562 29
562 563 83
562 566 10
562 569 5
563 564 95
564 565 55
565 566 66
566 567 78
567 568 80
567 581 68
568 569 73
568 599 95
569 570 31
570 571 93
570 599 70
571 572 55
572 573 33
573 574 7
574 575 23
574 582 35
575 576 78
576 577 84
576 594 48
576 597 20
577 578 91
578 579 35
578 585 55
578 587 29
579 580 70
579 582 76
580 581 37
580 598 83
581 582 100
582 583 95
582 589 11
583 584 15
583 596 25
584 585 96
585 586 81
586 587 71
586 589 11
587 588 53
588 589 93
589 590 43
590 591 77
591 592 53
592 593 13
592 594 94
593 594 85
594 595 31
595 596 37
596 597 65
597 598 95
598 599 2
599 600 81
