600 7042 120 3033
3 9 18 21 24 31 33 35 39 41 43 45 53 58 61 64 90 91 92 97 98 103 106 107 108 109 111 112 118 123 124 125 126 129 134 135 137 147 148 153 164 167 173 176 179 188 193 195 207 209 216 217 218 222 226 231 237 251 258 261 266 268 282 284 289 290 294 295 296 297 305 309 316 326 330 339 351 359 360 368 369 376 380 390 394 409 410 412 416 426 435 451 454 457 459 464 468 473 481 490 495 504 513 516 519 523 531 532 533 549 563 564 565 568 574 577 580 584 585 600 
1 2 47
1 65 55
1 70 46
1 95 38
1 105 14
1 145 52
1 183 44
1 204 50
1 259 19
1 308 86
1 309 10
1 316 60
1 325 75
1 356 90
1 413 22
1 433 31
1 450 73
1 498 20
1 503 1
1 578 94
1 600 36
2 3 33
2 51 11
2 100 70
2 112 100
2 138 63
2 192 36
2 262 61
2 282 54
2 300 34
2 349 78
2 373 8
2 387 31
2 402 54
2 406 3
2 425 55
2 498 45
2 535 13
2 539 21
2 572 43
3 4 86
3 29 6
3 75 89
3 81 30
3 86 61
3 130 97
3 142 92
3 168 53
3 180 16
3 259 22
3 288 93
3 300 67
3 351 8
3 381 9
3 395 60
3 490 35
3 508 56
3 535 3
3 536 44
3 575 100
3 593 10
4 5 83
4 31 20
4 96 67
4 126 22
4 147 65
4 172 89
4 189 43
4 198 65
4 226 94
4 228 65
4 249 31
4 281 13
4 296 11
4 322 52
4 351 96
4 352 97
4 374 75
4 389 25
4 396 63
4 512 70
4 521 34
4 581 43
4 585 49
5 6 29
5 7 68
5 8 49
5 19 95
5 73 67
5 135 53
5 261 8
5 277 81
5 305 49
5 334 24
5 357 26
5 371 65
5 447 71
5 472 39
5 481 83
5 520 17
5 552 77
5 581 2
6 7 58
6 16 81
6 17 28
6 26 45
6 34 86
6 40 1
6 41 78
6 43 58
6 131 92
6 191 29
6 233 12
6 236 56
6 303 45
6 304 56
6 313 25
6 334 61
6 394 38
6 397 88
6 417 5
6 461 53
6 480 11
6 546 95
6 549 88
6 571 30
6 599 8
7 8 54
7 36 76
7 62 80
7 72 88
7 73 26
7 79 11
7 85 88
7 99 41
7 113 1
7 176 87
7 260 18
7 278 34
7 288 57
7 380 60
7 385 36
7 404 42
7 421 12
7 432 12
7 441 90
7 448 29
7 478 15
7 490 81
7 495 2
7 497 13
7 536 72
7 538 19
7 560 25
8 9 3
8 39 32
8 53 95
8 59 91
8 93 26
8 114 85
8 132 100
8 160 89
8 179 15
8 193 66
8 221 41
8 345 99
8 368 63
8 374 25
8 379 40
8 381 55
8 484 27
8 557 87
8 572 90
8 575 36
9 10 58
9 12 54
9 53 42
9 87 35
9 98 48
9 135 19
9 167 70
9 205 58
9 269 40
9 298 12
9 321 43
9 333 9
9 375 29
9 383 100
9 392 36
9 429 7
9 461 95
9 494 25
9 506 98
9 509 50
9 513 70
9 527 61
9 543 63
9 569 22
9 579 43
10 11 56
10 53 56
10 59 72
10 73 78
10 136 1
10 164 63
10 189 50
10 190 76
10 224 36
10 256 69
10 277 99
10 311 41
10 317 18
10 327 36
10 339 85
10 391 89
10 403 6
10 464 70
10 486 45
10 585 2
11 12 31
11 19 34
11 40 56
11 42 88
11 70 49
11 101 53
11 106 64
11 132 57
11 134 34
11 155 44
11 235 90
11 237 91
11 321 77
11 335 34
11 366 75
11 524 28
11 554 74
11 556 17
11 586 23
11 599 15
12 13 74
12 136 35
12 196 22
12 208 87
12 256 38
12 265 1
12 287 14
12 358 43
12 387 29
12 434 100
12 441 57
12 486 22
12 508 6
12 511 8
12 579 64
12 580 18
12 582 53
12 586 68
12 593 27
13 14 24
13 96 98
13 152 52
13 154 72
13 188 85
13 190 67
13 217 6
13 276 15
13 323 51
13 330 55
13 350 64
13 355 37
13 367 74
13 385 94
13 415 53
13 435 67
13 467 23
13 494 73
13 506 78
13 560 11
13 569 14
13 572 20
13 577 50
13 584 78
13 595 44
14 15 52
14 22 64
14 70 83
14 73 15
14 96 61
14 113 51
14 149 24
14 237 5
14 274 79
14 383 46
14 435 72
14 441 97
14 456 7
14 491 17
14 594 48
15 16 95
15 37 56
15 84 50
15 103 5
15 126 99
15 140 70
15 156 8
15 160 96
15 200 65
15 279 93
15 290 2
15 292 77
15 322 8
15 341 51
15 371 64
15 388 81
15 432 64
15 477 39
15 482 32
15 493 52
15 498 90
15 521 83
15 529 72
15 584 92
15 599 40
16 17 72
16 98 14
16 102 80
16 109 84
16 157 12
16 183 44
16 199 61
16 225 90
16 252 93
16 298 81
16 352 23
16 407 32
16 416 50
16 425 56
16 433 91
16 513 58
16 540 77
16 552 79
17 18 9
17 36 17
17 86 22
17 101 29
17 104 79
17 135 48
17 142 41
17 163 78
17 198 38
17 210 47
17 235 13
17 250 21
17 262 94
17 271 98
17 308 88
17 322 15
17 327 77
17 335 31
17 341 52
17 344 11
17 374 86
17 390 2
17 396 80
17 418 48
17 421 45
17 432 42
17 438 96
17 439 74
17 453 86
17 507 23
17 551 13
18 19 62
18 54 75
18 100 66
18 133 64
18 148 86
18 185 35
18 200 72
18 253 12
18 297 65
18 314 89
18 335 69
18 342 8
18 357 8
18 386 78
18 395 79
18 409 58
18 416 10
18 448 14
18 489 81
18 499 5
18 548 21
18 549 47
18 573 62
19 20 54
19 52 17
19 54 96
19 60 50
19 71 62
19 93 60
19 123 34
19 175 45
19 243 100
19 266 20
19 280 12
19 284 79
19 302 4
19 309 30
19 319 14
19 365 22
19 399 30
19 400 53
19 424 8
19 444 58
19 450 97
19 485 47
19 499 59
19 540 27
19 578 5
19 585 3
19 588 46
20 21 62
20 35 14
20 73 87
20 95 12
20 97 11
20 105 41
20 118 66
20 127 37
20 156 24
20 178 41
20 199 31
20 237 53
20 254 28
20 303 97
20 326 15
20 383 41
20 533 80
21 22 82
21 25 7
21 29 23
21 38 64
21 53 26
21 111 95
21 115 8
21 185 11
21 279 24
21 296 34
21 298 88
21 364 70
21 492 86
21 493 27
21 494 38
21 531 37
21 537 31
21 539 48
21 553 82
21 555 8
21 562 8
21 567 8
22 23 73
22 212 10
22 249 52
22 273 90
22 293 79
22 294 63
22 296 96
22 514 50
22 589 16
22 599 43
23 24 9
23 42 43
23 73 92
23 106 3
23 117 39
23 147 25
23 184 98
23 224 39
23 250 92
23 254 16
23 277 10
23 288 43
23 316 60
23 325 66
23 341 93
23 397 38
23 404 35
23 427 66
23 429 15
23 455 30
23 470 6
23 484 31
23 502 16
23 550 39
23 552 22
23 555 66
23 573 51
24 25 36
24 30 45
24 40 19
24 68 81
24 106 65
24 165 2
24 198 58
24 201 62
24 219 60
24 220 21
24 243 3
24 262 64
24 272 95
24 294 21
24 323 1
24 370 61
24 381 82
24 503 73
24 575 14
25 26 66
25 37 2
25 44 93
25 98 42
25 118 96
25 123 49
25 185 94
25 193 99
25 218 56
25 223 9
25 276 13
25 281 58
25 308 41
25 323 5
25 338 86
25 345 66
25 378 54
25 412 98
25 452 87
25 454 2
25 482 36
25 552 4
25 594 43
26 27 72
26 33 38
26 37 93
26 102 42
26 115 15
26 134 87
26 173 11
26 177 27
26 224 76
26 225 83
26 246 60
26 332 9
26 372 97
26 402 65
26 406 45
26 424 80
26 440 70
26 463 18
27 28 47
27 62 21
27 97 73
27 106 86
27 154 63
27 170 5
27 183 99
27 241 6
27 266 3
27 280 70
27 325 43
27 327 80
27 382 61
27 389 87
27 396 97
27 400 72
27 414 35
27 419 3
27 429 77
27 453 52
27 518 43
28 29 83
28 32 42
28 66 93
28 73 38
28 79 49
28 111 58
28 116 69
28 121 6
28 124 90
28 171 28
28 180 60
28 232 78
28 239 58
28 293 25
28 321 33
28 376 67
28 395 60
28 423 48
28 459 36
28 462 86
28 484 27
28 493 57
28 506 21
28 537 98
28 544 99
28 560 12
28 576 82
28 580 99
28 582 42
29 30 67
29 35 63
29 54 71
29 84 98
29 120 31
29 138 97
29 142 26
29 206 18
29 331 58
29 344 38
29 358 38
29 367 7
29 378 16
29 380 92
29 388 96
29 396 10
29 400 73
29 460 93
29 472 43
29 560 41
29 580 10
29 596 21
30 31 33
30 45 75
30 58 91
30 76 48
30 102 73
30 113 14
30 116 39
30 126 35
30 155 86
30 241 26
30 297 31
30 321 98
30 380 91
30 394 59
30 420 10
30 448 95
30 492 35
30 495 95
30 539 59
30 562 11
31 32 83
31 36 79
31 38 17
31 41 21
31 50 52
31 98 86
31 113 62
31 119 6
31 124 55
31 135 81
31 154 78
31 155 40
31 169 88
31 235 22
31 301 47
31 321 89
31 357 80
31 371 10
31 383 58
31 400 96
31 402 15
31 416 30
31 420 4
31 442 8
31 470 93
31 478 9
31 487 77
31 501 60
31 523 94
31 530 93
31 585 94
32 33 40
32 45 70
32 51 18
32 110 19
32 121 44
32 265 85
32 279 63
32 291 55
32 326 54
32 448 83
32 450 50
32 503 62
32 530 5
32 565 97
33 34 7
33 143 32
33 168 76
33 213 19
33 293 19
33 299 53
33 355 8
33 361 7
33 366 27
33 378 16
33 388 74
33 402 2
33 426 90
33 431 56
33 441 7
33 510 69
33 564 78
33 571 54
33 590 5
33 594 55
34 35 18
34 167 70
34 197 71
34 227 39
34 300 79
34 395 11
34 397 77
34 417 91
34 450 12
34 496 95
34 503 15
34 525 37
34 531 1
34 552 61
34 580 14
35 36 70
35 87 100
35 105 93
35 124 60
35 168 73
35 182 23
35 208 77
35 214 3
35 232 94
35 240 40
35 241 26
35 287 77
35 293 54
35 400 80
35 402 7
35 404 15
35 433 1
35 445 2
35 447 38
35 504 99
35 553 87
36 37 7
36 45 86
36 71 53
36 79 26
36 94 17
36 136 6
36 204 22
36 238 99
36 250 8
36 252 33
36 256 90
36 262 70
36 290 3
36 352 60
36 369 49
36 392 77
36 407 12
36 459 75
36 523 95
36 570 13
36 591 68
36 592 27
36 598 77
37 38 13
37 59 68
37 125 30
37 138 71
37 149 14
37 170 82
37 171 51
37 182 33
37 205 11
37 217 72
37 254 51
37 258 38
37 276 54
37 283 84
37 300 95
37 322 48
37 332 99
37 335 23
37 377 69
37 385 96
37 392 15
37 413 67
37 426 61
37 476 67
37 477 45
37 509 23
38 39 37
38 41 77
38 53 1
38 76 6
38 95 80
38 99 83
38 111 94
38 128 50
38 136 78
38 138 51
38 149 66
38 192 64
38 222 78
38 228 66
38 248 12
38 262 80
38 286 66
38 295 27
38 298 61
38 458 99
38 471 74
38 480 81
38 489 40
38 507 26
38 538 17
38 558 82
38 598 33
39 40 18
39 49 2
39 60 15
39 84 77
39 111 67
39 150 15
39 155 40
39 208 44
39 215 98
39 225 29
39 228 72
39 243 95
39 259 13
39 263 77
39 306 12
39 389 47
39 399 43
39 440 74
39 483 8
39 510 11
39 598 94
40 41 44
40 77 72
40 102 15
40 201 29
40 207 75
40 229 66
40 331 9
40 375 9
40 428 42
40 445 51
40 495 46
40 505 61
40 549 2
41 42 48
41 100 56
41 104 65
41 116 43
41 118 23
41 141 2
41 197 17
41 229 97
41 231 94
41 241 16
41 274 37
41 298 2
41 344 32
41 351 54
41 405 96
41 424 6
41 428 2
41 449 86
41 453 38
41 480 47
41 503 44
41 513 23
41 527 6
41 542 42
41 558 19
42 43 1
42 107 79
42 142 96
42 148 45
42 153 42
42 157 66
42 192 72
42 200 93
42 238 97
42 259 9
42 284 48
42 296 5
42 362 1
42 379 40
42 386 70
42 425 11
42 437 22
42 443 29
42 468 56
42 481 51
42 495 45
42 532 60
42 563 55
42 569 74
43 44 6
43 50 76
43 96 60
43 121 58
43 128 58
43 145 6
43 151 64
43 159 1
43 219 29
43 240 61
43 296 90
43 304 83
43 307 1
43 329 84
43 341 11
43 364 90
43 385 4
43 388 8
43 424 66
43 443 63
43 445 42
43 450 71
43 454 57
43 464 38
43 504 47
43 511 59
43 515 15
43 522 45
43 533 51
44 45 68
44 78 22
44 156 46
44 161 48
44 208 74
44 216 41
44 234 67
44 259 91
44 262 82
44 263 55
44 302 3
44 366 86
44 397 66
44 458 83
44 521 72
44 525 84
44 547 67
44 568 32
44 576 52
45 46 34
45 77 79
45 94 68
45 170 69
45 189 61
45 191 84
45 201 63
45 205 53
45 232 77
45 238 18
45 240 87
45 242 89
45 257 92
45 265 76
45 283 86
45 291 11
45 327 31
45 334 57
45 354 27
45 384 61
45 394 100
45 400 4
45 416 33
45 451 20
45 479 5
45 559 91
45 567 30
46 47 82
46 70 6
46 76 27
46 87 99
46 116 53
46 123 7
46 203 88
46 210 27
46 221 44
46 232 100
46 243 40
46 314 6
46 323 58
46 345 79
46 349 40
46 390 67
46 416 54
46 450 42
46 458 53
46 537 42
46 547 81
46 568 40
47 48 12
47 76 40
47 86 81
47 88 39
47 111 19
47 150 51
47 162 66
47 172 98
47 188 29
47 249 85
47 255 5
47 269 73
47 277 64
47 320 100
47 331 74
47 341 35
47 376 76
47 410 48
47 443 99
47 461 7
47 526 68
48 49 12
48 101 79
48 115 52
48 159 37
48 167 7
48 174 88
48 181 16
48 188 45
48 192 26
48 225 9
48 280 85
48 313 45
48 353 42
48 495 69
48 520 60
48 536 97
48 555 65
48 562 72
48 583 35
48 591 85
49 50 20
49 89 68
49 110 90
49 125 31
49 153 51
49 166 34
49 197 7
49 252 71
49 284 64
49 340 68
49 351 77
49 465 20
49 488 93
49 569 96
49 572 58
49 593 51
50 51 87
50 126 81
50 162 61
50 198 65
50 266 89
50 294 29
50 375 29
50 378 55
50 412 12
50 426 14
50 490 20
50 570 43
50 572 80
51 52 65
51 75 30
51 141 88
51 156 75
51 169 27
51 308 27
51 335 15
51 337 24
51 357 10
51 367 33
51 392 73
51 473 26
51 542 90
51 551 6
51 564 7
51 566 33
52 53 70
52 97 64
52 102 86
52 106 74
52 120 59
52 135 39
52 147 77
52 185 10
52 191 3
52 205 65
52 231 60
52 261 62
52 277 66
52 294 95
52 323 32
52 350 48
52 361 18
52 379 40
52 385 69
52 399 83
52 449 24
52 470 96
52 530 81
52 564 57
52 588 43
53 54 29
53 100 10
53 109 54
53 124 91
53 140 31
53 217 83
53 232 86
53 233 27
53 274 56
53 289 60
53 297 93
53 350 88
53 362 98
53 417 94
53 428 63
53 496 69
53 509 100
53 542 87
53 554 23
53 566 36
53 569 7
53 572 28
53 587 53
54 55 19
54 67 62
54 73 47
54 75 3
54 83 65
54 134 41
54 143 17
54 230 67
54 394 67
54 395 8
54 408 49
54 461 75
54 500 31
54 519 56
55 56 77
55 72 37
55 126 78
55 185 63
55 260 66
55 271 21
55 304 52
55 383 83
55 386 98
55 398 36
55 466 35
55 549 40
55 572 22
55 578 7
56 57 69
56 134 21
56 151 32
56 152 39
56 163 20
56 207 52
56 286 38
56 371 15
56 385 82
56 389 32
56 432 98
56 453 76
56 456 89
56 457 7
56 459 14
56 466 76
56 582 72
57 58 12
57 82 66
57 121 49
57 128 20
57 150 66
57 153 36
57 203 95
57 249 32
57 317 48
57 336 34
57 348 44
57 358 96
57 364 85
57 375 39
57 399 17
57 406 26
57 410 26
57 419 54
57 427 83
57 429 43
57 430 72
57 507 6
57 526 5
57 538 74
57 562 77
58 59 4
58 63 2
58 68 12
58 118 21
58 121 69
58 127 44
58 158 95
58 170 61
58 212 76
58 225 3
58 261 18
58 300 77
58 306 90
58 343 99
58 358 100
58 372 42
58 383 37
58 389 58
58 416 48
58 452 98
58 485 51
58 503 89
58 571 66
58 573 11
59 60 13
59 77 68
59 114 86
59 125 43
59 140 95
59 190 84
59 231 36
59 249 13
59 256 93
59 275 12
59 325 35
59 362 7
59 363 74
59 478 20
59 479 46
59 521 67
59 564 81
59 582 73
60 61 1
60 68 79
60 93 64
60 96 12
60 110 9
60 198 81
60 213 50
60 249 29
60 258 89
60 267 96
60 283 99
60 309 28
60 327 51
60 333 97
60 361 50
60 364 43
60 422 86
60 430 23
60 433 31
60 435 81
60 452 32
60 499 99
60 549 32
60 557 88
60 576 86
60 580 10
60 597 87
60 599 73
61 62 41
61 79 81
61 85 31
61 89 93
61 124 96
61 140 61
61 144 5
61 221 91
61 223 60
61 235 81
61 239 62
61 245 85
61 246 37
61 328 16
61 435 34
61 445 95
61 450 59
61 479 36
61 482 72
61 512 71
61 525 40
61 528 58
61 545 98
61 569 49
61 589 12
62 63 34
62 88 36
62 96 60
62 98 51
62 102 40
62 107 68
62 149 83
62 155 83
62 235 50
62 295 12
62 299 92
62 342 60
62 359 47
62 394 14
62 426 74
62 441 96
62 452 13
62 461 46
62 495 70
62 518 81
62 523 76
62 549 22
62 567 43
62 568 83
62 591 22
62 594 64
63 64 93
63 107 75
63 109 7
63 114 17
63 157 37
63 172 47
63 216 70
63 327 42
63 353 95
63 389 66
63 430 28
63 435 54
63 464 46
63 475 37
63 477 19
63 503 96
63 506 19
63 558 50
63 561 58
63 574 56
64 65 64
64 72 62
64 85 76
64 100 66
64 127 54
64 134 70
64 185 71
64 213 35
64 244 53
64 319 76
64 329 38
64 348 47
64 349 94
64 369 19
64 428 89
64 442 66
64 450 43
64 458 45
64 503 64
65 66 56
65 73 79
65 115 37
65 179 63
65 194 91
65 292 39
65 307 48
65 357 25
65 362 27
65 364 41
65 383 93
65 405 82
65 415 80
65 421 33
65 432 22
65 445 82
65 452 40
65 468 13
65 504 98
65 512 11
65 590 15
66 67 70
66 78 80
66 87 78
66 88 51
66 104 72
66 122 7
66 126 28
66 129 95
66 171 33
66 193 89
66 210 28
66 257 79
66 281 13
66 518 42
66 588 14
67 68 30
67 122 70
67 130 60
67 158 78
67 181 68
67 201 20
67 215 29
67 217 90
67 249 46
67 284 29
67 293 32
67 299 13
67 326 64
67 346 16
67 433 1
67 498 44
67 503 79
67 574 28
67 585 35
67 593 54
67 594 42
68 69 29
68 112 94
68 115 66
68 123 96
68 160 51
68 164 74
68 179 45
68 318 60
68 324 88
68 346 23
68 384 70
68 404 98
68 446 10
68 456 41
68 481 74
68 508 20
68 536 81
69 70 59
69 81 87
69 89 43
69 144 6
69 174 93
69 270 6
69 294 74
69 304 16
69 343 69
69 360 68
69 423 17
69 502 73
69 511 7
69 572 19
69 597 39
70 71 14
70 193 89
70 199 14
70 239 59
70 241 69
70 283 47
70 285 67
70 292 39
70 341 96
70 352 29
70 383 37
70 412 37
70 441 44
70 458 77
70 486 81
70 494 77
70 527 51
70 533 46
70 543 11
70 553 100
71 72 82
71 113 14
71 135 2
71 147 79
71 167 42
71 177 40
71 201 88
71 286 12
71 306 6
71 413 29
71 471 42
71 536 7
71 542 81
71 551 91
71 561 19
71 568 85
72 73 86
72 107 46
72 109 38
72 125 45
72 131 67
72 215 60
72 299 26
72 384 21
72 417 19
72 423 9
72 424 7
72 426 18
72 429 51
72 488 38
72 534 66
72 574 70
73 74 9
73 78 90
73 129 4
73 139 44
73 189 13
73 209 98
73 236 79
73 252 63
73 262 84
73 387 20
73 402 34
73 466 16
73 481 66
73 484 93
73 553 66
74 75 48
74 94 86
74 120 66
74 125 4
74 130 66
74 138 21
74 178 28
74 196 25
74 228 71
74 235 18
74 254 38
74 433 95
74 465 78
74 480 99
74 491 49
74 523 97
74 561 59
74 591 79
74 599 21
75 76 91
75 78 74
75 108 33
75 109 43
75 123 3
75 171 69
75 214 95
75 217 91
75 222 63
75 240 97
75 268 59
75 358 89
75 368 86
75 375 57
75 387 73
75 389 95
75 432 51
75 471 10
75 500 25
75 503 97
75 505 6
75 516 5
75 520 1
75 529 56
75 575 83
76 77 91
76 145 46
76 156 84
76 217 43
76 241 10
76 282 6
76 284 62
76 296 71
76 324 11
76 325 48
76 359 98
76 421 23
76 476 26
76 482 27
76 525 94
76 558 5
77 78 57
77 108 32
77 153 19
77 156 74
77 204 32
77 210 83
77 240 46
77 284 89
77 309 61
77 317 3
77 416 4
77 446 83
77 468 1
77 497 6
77 519 57
77 557 9
77 558 63
77 569 49
77 588 61
77 593 15
78 79 96
78 99 92
78 128 95
78 161 80
78 164 77
78 169 17
78 194 32
78 252 83
78 312 88
78 313 57
78 331 29
78 418 63
78 422 48
78 458 34
78 552 91
78 579 11
79 80 20
79 89 88
79 166 36
79 183 6
79 210 61
79 214 8
79 215 99
79 228 34
79 234 71
79 243 66
79 277 13
79 285 96
79 301 28
79 322 47
79 327 29
79 341 10
79 397 9
79 408 86
79 423 100
79 436 60
79 438 71
79 459 81
79 465 30
79 466 15
79 473 56
79 477 73
79 506 86
79 507 52
79 516 52
79 575 95
79 579 50
80 81 48
80 108 12
80 130 44
80 132 40
80 161 67
80 174 59
80 183 81
80 190 14
80 210 53
80 228 38
80 254 94
80 271 52
80 280 93
80 337 56
80 370 59
80 417 18
80 439 45
80 440 7
80 453 14
80 488 96
80 522 32
80 534 25
80 544 67
80 572 11
80 594 7
81 82 46
81 112 44
81 128 62
81 136 3
81 137 45
81 140 84
81 142 53
81 196 86
81 232 63
81 239 4
81 295 52
81 316 9
81 347 73
81 406 85
81 412 35
81 461 55
81 482 61
81 521 58
81 522 25
81 537 94
81 578 76
81 584 2
81 589 24
82 83 87
82 88 4
82 100 64
82 120 55
82 147 6
82 173 41
82 219 14
82 268 70
82 325 65
82 393 49
82 403 74
82 447 45
82 466 4
82 492 85
82 559 12
82 597 6
83 84 54
83 98 98
83 124 12
83 125 30
83 145 59
83 163 17
83 282 20
83 296 90
83 314 80
83 337 89
83 384 54
83 394 52
83 468 16
83 470 50
83 475 96
83 477 63
83 498 64
83 550 69
83 599 86
84 85 11
84 135 22
84 155 49
84 231 5
84 259 99
84 267 47
84 285 70
84 287 42
84 289 98
84 290 22
84 341 73
84 366 15
84 402 79
84 448 47
84 520 92
84 529 83
84 536 59
84 543 70
84 592 36
84 594 36
85 86 41
85 113 73
85 197 30
85 219 53
85 252 70
85 271 41
85 281 22
85 369 3
85 388 89
85 396 33
85 447 41
85 457 27
85 524 55
85 535 76
85 546 92
85 549 45
86 87 42
86 138 57
86 174 5
86 175 87
86 190 57
86 217 97
86 264 94
86 327 81
86 328 87
86 334 71
86 341 28
86 359 52
86 362 67
86 363 9
86 367 21
86 391 33
86 439 7
86 475 55
86 490 5
86 492 3
86 527 97
86 595 17
86 596 90
87 88 12
87 114 61
87 120 61
87 173 71
87 268 72
87 272 4
87 302 73
87 317 28
87 357 7
87 368 33
87 381 13
87 389 80
87 407 80
87 411 20
87 444 11
87 498 83
87 505 19
87 544 49
87 571 81
87 597 69
88 89 97
88 93 10
88 167 95
88 254 43
88 293 92
88 299 46
88 315 16
88 338 13
88 362 83
88 382 1
88 429 7
88 498 50
88 500 18
88 541 92
88 543 53
88 556 64
88 570 9
88 586 13
88 593 11
89 90 8
89 96 95
89 228 17
89 234 21
89 237 85
89 262 68
89 316 40
89 330 19
89 379 42
89 384 87
89 418 75
89 453 9
89 480 76
89 510 86
89 522 69
89 544 33
89 549 25
89 573 82
89 574 6
90 91 42
90 96 65
90 110 19
90 125 8
90 185 61
90 249 41
90 258 78
90 288 44
90 363 2
90 381 3
90 406 39
90 447 89
90 470 8
90 483 9
90 489 49
90 532 30
90 546 4
90 566 61
90 595 32
91 92 10
91 99 50
91 117 88
91 154 2
91 176 44
91 205 81
91 239 23
91 244 71
91 259 92
91 329 23
91 353 71
91 368 45
91 482 87
91 499 97
91 542 84
91 550 45
92 93 2
92 102 72
92 109 44
92 113 15
92 118 79
92 120 43
92 160 70
92 183 90
92 192 1
92 240 51
92 249 73
92 252 58
92 265 53
92 289 77
92 305 48
92 330 85
92 335 92
92 347 88
92 379 40
92 451 81
92 465 75
92 494 13
92 550 56
92 561 69
92 566 89
92 579 4
93 94 94
93 139 58
93 185 64
93 198 61
93 227 49
93 300 54
93 363 77
93 398 9
93 408 95
94 95 83
94 178 21
94 208 95
94 213 47
94 261 6
94 263 99
94 285 48
94 297 59
94 307 2
94 373 97
94 413 19
94 428 7
94 456 68
94 462 41
94 467 54
94 474 85
94 478 50
94 494 91
94 498 44
94 549 5
94 590 97
95 96 52
95 117 78
95 131 67
95 201 97
95 205 10
95 220 53
95 270 30
95 284 87
95 290 17
95 295 16
95 296 2
95 304 37
95 312 18
95 352 72
95 365 18
95 419 29
95 464 29
95 470 94
95 506 89
95 520 19
95 524 18
95 538 8
95 573 53
95 581 70
96 97 94
96 100 5
96 151 55
96 269 86
96 345 50
96 375 62
96 433 8
96 447 44
96 464 55
96 493 49
96 516 3
96 573 65
96 583 96
96 599 54
97 98 60
97 100 28
97 109 54
97 126 80
97 178 46
97 185 76
97 193 36
97 205 33
97 220 65
97 239 17
97 249 74
97 269 47
97 271 67
97 301 65
97 319 1
97 375 72
97 389 60
97 429 56
97 459 32
97 495 72
97 504 19
97 537 76
97 544 17
97 563 54
97 570 31
97 588 78
98 99 88
98 153 58
98 168 87
98 205 9
98 236 60
98 253 8
98 330 39
98 337 82
98 367 7
98 391 71
98 393 93
98 419 75
98 421 50
98 441 69
98 480 64
98 482 11
98 485 63
98 591 63
99 100 14
99 102 59
99 117 84
99 124 9
99 128 91
99 159 73
99 169 42
99 247 37
99 287 99
99 297 80
99 312 34
99 317 29
99 328 35
99 385 49
99 417 3
99 427 7
99 454 69
99 484 76
99 505 46
99 529 54
99 581 3
99 591 68
99 596 9
100 101 1
100 124 93
100 154 87
100 155 92
100 177 58
100 189 74
100 199 38
100 211 82
100 243 81
100 250 16
100 252 35
100 303 35
100 352 81
100 367 19
100 396 93
100 418 17
101 102 40
101 124 28
101 131 20
101 144 74
101 152 70
101 189 26
101 230 2
101 232 21
101 267 74
101 295 23
101 326 38
101 330 60
101 336 22
101 339 33
101 372 4
101 396 24
101 489 55
101 573 49
101 589 53
102 103 54
102 136 10
102 140 38
102 154 73
102 165 64
102 234 11
102 242 43
102 262 82
102 272 11
102 362 32
102 381 27
102 401 49
102 405 53
102 424 90
102 433 4
102 449 58
102 479 68
102 491 63
102 558 8
102 585 87
103 104 58
103 146 78
103 156 46
103 164 16
103 249 2
103 279 23
103 303 35
103 310 29
103 322 92
103 344 85
103 346 4
103 351 36
103 353 26
103 364 14
103 373 93
103 423 44
103 439 31
103 511 86
103 537 83
103 585 39
103 586 11
103 596 76
104 105 97
104 188 32
104 269 93
104 279 28
104 352 73
104 396 20
104 458 64
104 466 52
104 491 75
104 531 5
104 570 29
104 583 65
104 594 79
105 106 53
105 111 20
105 133 50
105 134 16
105 221 69
105 266 3
105 272 85
105 287 57
105 340 18
105 363 20
105 371 34
105 416 36
105 479 90
105 486 45
105 574 82
105 595 83
106 107 79
106 208 56
106 234 90
106 255 46
106 302 23
106 336 9
106 370 59
106 377 25
106 401 60
106 456 15
106 574 78
106 589 89
106 595 20
107 108 59
107 119 57
107 123 8
107 135 83
107 145 2
107 153 19
107 193 63
107 198 25
107 233 4
107 317 83
107 348 75
107 355 49
107 358 30
107 382 91
107 398 84
107 408 50
107 424 7
107 456 77
107 481 43
107 580 76
107 581 42
108 109 68
108 125 45
108 151 28
108 193 59
108 198 58
108 225 11
108 250 8
108 259 69
108 267 84
108 271 67
108 273 39
108 309 60
108 342 85
108 412 73
108 424 58
108 425 54
108 430 13
108 514 72
108 515 34
108 534 12
108 550 78
108 578 53
108 591 10
109 110 45
109 154 77
109 164 60
109 181 52
109 185 66
109 191 70
109 224 4
109 234 89
109 265 73
109 283 4
109 314 5
109 344 30
109 352 98
109 379 72
109 398 47
109 421 4
109 437 78
109 471 72
109 474 58
109 490 69
109 507 12
109 524 47
109 537 47
109 556 14
110 111 68
110 161 87
110 237 79
110 288 28
110 300 70
110 335 28
110 336 25
110 343 84
110 346 35
110 375 92
110 422 5
110 435 82
110 505 54
110 506 40
110 523 6
110 527 71
110 555 91
110 577 54
110 578 34
111 112 78
111 113 62
111 117 69
111 145 77
111 168 52
111 177 73
111 181 100
111 190 9
111 225 38
111 232 50
111 251 68
111 258 23
111 265 16
111 291 93
111 299 77
111 331 33
111 332 76
111 378 25
111 455 55
111 491 72
111 526 38
111 566 20
111 573 63
111 578 17
111 579 24
112 113 73
112 143 40
112 151 41
112 186 27
112 211 74
112 213 82
112 228 87
112 253 32
112 267 63
112 294 71
112 299 11
112 335 77
112 375 65
112 378 43
112 395 32
112 448 49
112 551 87
112 597 29
112 598 22
113 114 65
113 205 10
113 265 92
113 272 88
113 274 70
113 321 82
113 336 16
113 356 19
113 419 77
113 438 76
113 460 63
113 487 13
113 503 94
113 534 24
113 579 43
113 590 74
113 593 12
113 596 40
114 115 75
114 127 69
114 138 84
114 152 63
114 170 51
114 241 64
114 293 99
114 301 95
114 310 15
114 321 32
114 348 57
114 432 39
114 448 100
114 456 57
114 559 42
114 576 55
114 580 83
115 116 56
115 117 95
115 211 52
115 240 14
115 246 30
115 269 34
115 271 46
115 306 95
115 325 63
115 334 32
115 369 63
115 426 63
115 448 62
115 465 100
115 481 81
115 547 27
115 595 1
116 117 83
116 149 46
116 178 81
116 191 51
116 201 17
116 214 64
116 347 23
116 365 38
116 374 40
116 453 94
116 483 31
116 490 16
116 552 44
117 118 81
117 146 35
117 178 34
117 203 2
117 204 35
117 253 84
117 281 92
117 295 33
117 301 29
117 305 31
117 338 93
117 342 40
117 345 95
117 354 16
117 394 49
117 404 27
117 449 86
117 454 2
117 466 84
117 505 49
117 519 46
117 525 58
117 565 29
117 583 93
117 590 22
117 595 89
118 119 94
118 177 33
118 231 41
118 263 11
118 356 26
118 388 66
118 480 81
118 495 68
118 496 96
118 556 94
118 575 78
119 120 20
119 138 56
119 171 16
119 175 69
119 178 55
119 217 11
119 248 54
119 257 37
119 266 15
119 316 25
119 325 50
119 335 76
119 394 22
119 412 23
119 526 27
119 536 57
119 543 68
119 566 84
120 121 73
120 129 94
120 138 24
120 147 24
120 192 57
120 277 73
120 315 100
120 328 98
120 343 5
120 372 62
120 406 3
120 409 18
120 514 60
120 519 16
120 520 88
120 535 42
120 586 67
121 122 12
121 128 71
121 153 21
121 231 51
121 259 87
121 297 57
121 360 47
121 363 60
121 409 7
121 430 23
121 443 60
121 508 19
121 550 81
121 568 82
122 123 2
122 201 80
122 206 87
122 307 60
122 309 61
122 310 95
122 321 75
122 367 90
122 412 87
122 433 91
122 461 24
122 468 78
122 474 1
122 529 67
122 540 89
122 577 63
123 124 79
123 168 97
123 270 75
123 293 92
123 321 54
123 332 71
123 374 32
123 391 91
123 431 57
123 434 55
123 439 50
123 440 76
123 443 74
123 447 63
123 465 85
123 502 16
123 545 81
123 568 64
123 578 6
123 585 41
123 594 32
124 125 93
124 146 33
124 209 36
124 258 46
124 275 88
124 319 16
124 321 70
124 327 19
124 373 50
124 468 72
124 485 77
124 495 88
124 510 88
124 515 81
124 545 85
124 555 5
125 126 42
125 143 25
125 193 56
125 199 20
125 209 66
125 266 42
125 269 78
125 279 16
125 280 34
125 305 15
125 402 72
125 443 7
125 455 17
125 469 26
125 555 82
126 127 24
126 143 27
126 187 83
126 252 16
126 282 44
126 287 7
126 290 10
126 332 11
126 359 92
126 421 95
126 474 97
126 476 88
126 485 65
126 514 1
126 551 20
126 579 13
126 585 88
127 128 5
127 194 58
127 270 98
127 309 36
127 314 74
127 382 79
127 434 57
127 459 48
127 477 74
127 512 11
127 523 22
127 540 68
127 571 54
128 129 44
128 135 5
128 181 80
128 195 49
128 221 18
128 256 63
128 348 47
128 371 35
128 444 31
128 466 27
128 484 79
128 542 65
128 581 22
129 130 56
129 143 64
129 146 94
129 207 17
129 250 27
129 263 86
129 333 78
129 384 90
129 387 52
129 391 31
129 411 62
129 417 13
129 454 46
129 483 50
129 486 4
129 490 91
129 526 33
130 131 9
130 152 84
130 166 62
130 217 6
130 292 93
130 311 34
130 328 23
130 340 10
130 345 88
130 353 35
130 365 20
130 366 78
130 389 22
130 391 97
130 400 39
130 423 94
130 513 88
130 575 94
131 132 93
131 133 45
131 166 73
131 171 59
131 199 39
131 205 45
131 237 2
131 280 2
131 370 75
131 371 48
131 377 6
131 388 8
131 390 77
131 403 30
131 410 52
131 442 40
131 453 49
131 485 83
131 490 79
131 495 29
131 511 21
131 513 28
131 536 58
131 563 40
131 569 64
131 584 72
132 133 63
132 141 64
132 194 38
132 224 78
132 243 38
132 421 67
132 434 98
132 442 67
132 447 57
132 485 78
132 504 12
132 515 60
132 552 37
132 565 83
132 593 38
133 134 8
133 151 89
133 191 95
133 205 53
133 240 78
133 248 100
133 254 30
133 271 91
133 323 98
133 346 73
133 410 69
133 473 49
133 510 35
133 540 71
133 588 82
134 135 9
134 143 92
134 150 86
134 169 9
134 190 20
134 223 100
134 277 77
134 279 7
134 291 17
134 300 73
134 326 83
134 383 68
134 414 69
134 442 67
134 445 9
134 452 48
134 494 48
134 498 90
134 503 61
134 565 65
135 136 72
135 208 36
135 235 23
135 245 28
135 267 13
135 270 57
135 329 27
135 331 15
135 364 6
135 376 85
135 380 56
135 439 55
135 479 53
135 485 72
135 500 12
135 524 1
135 593 17
136 137 66
136 138 69
136 216 46
136 244 98
136 341 88
136 350 23
136 404 58
136 581 93
136 586 86
136 587 69
137 138 57
137 151 6
137 223 62
137 234 66
137 243 28
137 268 85
137 297 43
137 300 28
137 306 49
137 315 75
137 317 60
137 361 90
137 404 89
137 442 40
137 487 8
137 489 5
137 497 7
137 512 92
137 558 19
137 584 85
138 139 55
138 179 61
138 270 69
138 301 68
138 312 2
138 343 52
138 419 36
138 463 74
138 525 59
138 527 50
138 528 89
138 556 18
139 140 5
139 156 53
139 159 38
139 166 14
139 207 10
139 240 55
139 243 7
139 259 64
139 265 78
139 317 62
139 349 83
139 359 34
139 378 92
139 396 95
139 398 46
139 431 73
139 434 6
139 447 79
139 468 80
139 479 13
139 490 22
139 554 89
140 141 66
140 156 78
140 160 16
140 166 53
140 243 80
140 295 1
140 314 32
140 315 22
140 379 54
140 442 66
140 443 17
140 457 11
140 467 86
140 474 85
140 492 53
140 504 70
141 142 60
141 145 42
141 146 82
141 175 43
141 213 32
141 272 76
141 285 4
141 304 76
141 307 60
141 322 38
141 377 42
141 387 10
141 389 86
141 412 56
141 456 48
141 476 75
141 521 76
141 527 51
141 559 33
142 143 14
142 150 20
142 161 16
142 190 21
142 258 92
142 266 1
142 292 58
142 298 25
142 384 74
142 405 56
142 408 46
142 441 45
142 463 14
142 477 87
142 506 66
143 144 11
143 217 52
143 228 24
143 271 15
143 296 91
143 329 50
143 350 14
143 360 58
143 376 39
143 397 19
143 405 69
143 445 54
143 490 6
143 502 50
143 520 88
143 526 83
143 530 30
143 564 66
144 145 26
144 161 42
144 168 39
144 219 17
144 282 85
144 297 43
144 333 96
144 358 99
144 378 14
144 381 54
144 389 40
144 409 57
144 485 35
144 523 84
144 530 84
144 547 13
144 566 76
144 571 73
145 146 7
145 149 87
145 152 47
145 181 13
145 228 76
145 262 95
145 348 9
145 434 77
145 445 42
145 508 81
145 570 23
145 580 58
146 147 7
146 148 75
146 320 56
146 329 70
146 380 63
146 389 16
146 428 10
146 477 39
146 506 30
146 529 34
146 543 21
146 551 42
146 560 11
147 148 70
147 159 6
147 178 23
147 183 5
147 224 28
147 228 66
147 241 62
147 276 28
147 344 7
147 349 14
147 355 29
147 395 72
147 401 19
147 411 35
147 427 73
147 441 38
147 466 100
147 484 25
147 507 89
147 510 71
147 556 39
147 583 1
147 599 41
148 149 41
148 164 66
148 173 37
148 178 73
148 219 58
148 257 60
148 286 17
148 300 96
148 313 3
148 322 37
148 351 79
148 354 75
148 377 78
148 421 26
148 441 26
148 458 23
148 474 52
148 495 86
148 555 31
148 560 20
149 150 56
149 153 53
149 226 9
149 262 24
149 305 27
149 366 5
149 409 71
149 435 95
149 462 81
149 522 27
149 556 63
150 151 40
150 155 78
150 175 18
150 176 44
150 180 32
150 192 43
150 228 27
150 283 50
150 288 73
150 342 46
150 383 53
150 409 4
150 424 32
150 583 32
150 599 37
151 152 80
151 153 54
151 167 91
151 205 11
151 229 92
151 245 42
151 246 34
151 275 52
151 361 96
151 362 36
151 377 63
151 392 55
151 397 41
151 406 37
151 443 100
151 514 44
151 532 67
151 549 27
151 557 85
151 559 80
151 584 8
151 592 12
152 153 95
152 156 88
152 196 12
152 201 34
152 207 88
152 211 66
152 214 6
152 215 92
152 242 22
152 247 94
152 254 64
152 268 82
152 284 18
152 290 18
152 302 95
152 307 90
152 308 13
152 331 74
152 391 38
152 397 49
152 410 17
152 419 66
152 472 10
152 497 60
152 543 11
152 573 45
153 154 81
153 160 71
153 177 10
153 183 28
153 211 83
153 232 78
153 234 34
153 323 57
153 334 99
153 346 63
153 377 24
153 397 44
153 462 45
153 465 42
153 471 13
153 525 100
153 550 10
153 558 61
153 560 20
154 155 54
154 262 95
154 281 27
154 311 49
154 320 66
154 341 68
154 456 38
154 462 52
154 498 58
154 502 82
154 520 38
154 550 28
154 587 14
155 156 42
155 163 67
155 191 33
155 194 1
155 199 16
155 224 1
155 247 34
155 266 5
155 299 66
155 309 17
155 373 50
155 411 85
155 430 29
155 448 5
155 472 17
155 545 45
156 157 78
156 166 90
156 169 38
156 173 3
156 207 1
156 343 73
156 352 4
156 360 84
156 385 46
156 396 20
156 398 88
156 413 75
156 457 92
156 458 71
156 547 15
156 553 17
156 565 34
156 571 28
156 573 39
156 575 70
156 578 42
157 158 36
157 159 46
157 209 82
157 213 83
157 259 69
157 273 82
157 320 10
157 323 10
157 350 83
157 393 24
157 394 9
157 431 83
157 476 31
157 544 97
158 159 3
158 210 7
158 249 39
158 298 43
158 308 96
158 313 15
158 314 37
158 358 92
158 359 75
158 381 73
158 410 38
158 413 58
158 418 98
158 462 74
158 479 62
158 500 49
158 580 30
158 593 61
159 160 30
159 164 13
159 174 96
159 212 65
159 240 82
159 330 11
159 340 4
159 425 45
159 437 81
159 466 49
159 487 86
159 504 31
159 569 39
160 161 18
160 170 20
160 188 11
160 209 74
160 252 66
160 293 19
160 307 80
160 339 42
160 345 100
160 402 91
160 445 64
160 474 60
160 489 57
160 495 33
160 524 26
160 531 7
161 162 16
161 188 79
161 193 44
161 235 46
161 238 30
161 284 11
161 357 35
161 369 21
161 375 47
161 430 37
161 446 19
161 508 42
161 529 17
161 534 98
161 570 18
161 592 48
161 599 72
162 163 20
162 181 79
162 223 52
162 278 6
162 329 75
162 345 83
162 352 78
162 378 57
162 402 46
162 403 13
162 407 36
162 476 60
162 528 16
162 542 41
163 164 21
163 174 70
163 271 3
163 299 45
163 326 66
163 404 1
163 415 86
163 428 9
163 458 22
163 459 6
163 467 39
163 468 14
163 469 66
163 488 50
163 494 47
163 505 84
163 531 91
163 541 68
163 553 98
163 556 30
164 165 79
164 176 61
164 229 4
164 237 54
164 238 51
164 254 17
164 276 5
164 318 20
164 343 5
164 349 79
164 358 51
164 366 33
164 430 12
164 538 94
164 547 26
164 552 92
164 581 96
164 587 85
165 166 40
165 185 11
165 190 30
165 207 46
165 241 39
165 316 22
165 324 62
165 361 42
165 369 25
165 413 92
165 419 8
165 431 39
165 508 59
165 599 89
166 167 2
166 173 88
166 203 16
166 206 18
166 211 35
166 287 52
166 291 14
166 298 16
166 317 43
166 325 72
166 382 72
166 385 9
166 388 7
166 412 27
166 419 50
166 426 81
166 453 30
166 460 78
166 474 78
166 484 78
166 492 44
166 498 78
166 508 73
166 510 33
166 544 20
166 546 57
166 570 36
167 168 26
167 229 44
167 233 43
167 236 60
167 238 5
167 251 72
167 261 75
167 300 93
167 310 48
167 353 25
167 381 82
167 406 29
167 479 62
167 501 69
167 508 35
167 512 25
167 519 49
167 536 54
167 558 76
167 569 84
168 169 27
168 189 95
168 193 5
168 226 68
168 228 9
168 230 54
168 257 34
168 269 74
168 273 91
168 281 66
168 314 53
168 418 22
168 420 27
168 488 39
168 507 45
168 523 86
168 531 73
168 545 62
168 565 13
168 577 42
169 170 89
169 178 81
169 192 4
169 220 34
169 226 45
169 240 54
169 257 33
169 290 99
169 298 6
169 411 77
169 504 82
169 511 78
169 537 45
170 171 10
170 175 57
170 182 78
170 220 30
170 230 2
170 265 94
170 284 14
170 310 55
170 329 24
170 384 61
170 414 80
170 419 41
170 442 87
170 443 46
170 460 52
170 497 53
170 514 88
170 520 10
170 525 38
170 526 13
171 172 25
171 194 54
171 208 87
171 274 27
171 283 16
171 287 50
171 294 39
171 316 22
171 346 24
171 376 19
171 437 67
171 513 56
171 523 21
171 568 4
171 580 90
171 585 33
172 173 49
172 182 16
172 216 26
172 227 59
172 253 48
172 276 7
172 289 41
172 316 33
172 330 22
172 401 26
172 443 8
172 543 1
172 569 46
173 174 27
173 191 4
173 206 27
173 218 26
173 236 46
173 282 23
173 285 59
173 301 1
173 344 27
173 346 92
173 374 83
173 390 69
173 447 73
173 498 85
173 515 63
173 528 32
173 533 7
173 568 34
173 585 59
174 175 66
174 200 92
174 206 32
174 214 50
174 229 36
174 231 27
174 249 56
174 262 66
174 266 54
174 271 99
174 324 96
174 349 17
174 430 52
174 440 41
174 457 34
174 459 85
174 518 64
174 558 75
175 176 55
175 209 22
175 220 71
175 223 92
175 282 82
175 330 36
175 351 12
175 369 77
175 485 19
175 492 97
175 508 79
176 177 97
176 197 6
176 200 8
176 203 82
176 239 93
176 274 86
176 286 94
176 329 4
176 386 5
176 473 50
176 476 64
176 552 88
176 580 87
177 178 22
177 241 17
177 265 52
177 389 60
177 399 28
177 412 69
177 429 10
177 450 75
177 500 13
177 535 96
178 179 78
178 222 2
178 252 83
178 305 85
178 332 81
178 348 5
178 349 66
178 355 29
178 357 33
178 418 78
178 433 48
178 467 50
178 492 70
178 506 67
178 532 42
178 575 39
179 180 53
179 233 36
179 260 87
179 271 42
179 327 45
179 328 100
179 342 54
179 353 31
179 359 59
179 384 17
179 393 50
179 452 52
179 481 89
179 502 12
179 511 70
179 518 57
179 542 53
179 574 40
180 181 15
180 217 9
180 224 9
180 290 5
180 338 77
180 358 46
180 370 90
180 393 69
180 453 10
180 455 25
180 535 100
180 599 5
181 182 63
181 185 76
181 188 3
181 189 52
181 191 7
181 193 3
181 216 44
181 258 46
181 384 34
181 489 67
181 514 4
181 585 51
181 593 43
182 183 72
182 205 36
182 222 100
182 258 28
182 319 49
182 333 32
182 364 90
182 402 71
182 439 26
182 441 35
182 500 17
183 184 4
183 191 42
183 193 25
183 278 73
183 321 69
183 360 88
183 420 94
183 461 85
183 474 93
183 554 17
184 185 85
184 195 18
184 269 32
184 287 32
184 294 81
184 306 86
184 335 9
184 404 9
184 421 48
184 444 52
184 467 31
184 545 91
184 570 21
184 574 41
184 580 68
184 583 26
184 589 51
185 186 80
185 187 6
185 194 2
185 241 96
185 248 59
185 249 94
185 311 85
185 314 24
185 343 92
185 352 94
185 358 18
185 398 25
185 441 66
185 447 55
185 480 37
185 501 24
186 187 72
186 193 75
186 207 43
186 235 1
186 254 35
186 256 34
186 274 40
186 344 77
186 347 51
186 348 8
186 390 45
186 432 1
186 461 99
186 504 99
186 522 23
186 527 93
186 577 69
187 188 83
187 196 15
187 209 62
187 212 83
187 215 69
187 307 48
187 311 96
187 348 21
187 358 55
187 374 46
187 383 22
187 388 20
187 406 22
187 438 70
187 461 3
187 492 80
187 519 72
187 544 60
187 575 46
188 189 78
188 207 93
188 223 3
188 256 75
188 262 77
188 277 45
188 307 37
188 312 83
188 333 30
188 378 21
188 382 34
188 390 62
188 397 12
188 398 62
188 442 47
188 468 62
188 479 8
188 504 48
188 512 4
189 190 85
189 209 33
189 226 72
189 232 68
189 242 43
189 256 80
189 266 76
189 278 18
189 305 2
189 318 7
189 377 70
189 405 98
189 438 82
189 445 56
189 500 9
189 520 28
189 593 74
190 191 39
190 249 89
190 303 43
190 316 21
190 328 18
190 437 46
190 449 44
190 474 39
190 505 68
190 519 93
190 530 93
190 545 64
190 584 23
190 595 46
191 192 25
191 199 97
191 215 78
191 230 91
191 262 43
191 293 58
191 299 30
191 333 15
191 369 45
191 373 90
191 484 49
191 594 62
192 193 23
192 216 24
192 261 20
192 274 95
192 289 76
192 296 91
192 323 23
192 353 27
192 398 81
192 409 24
192 422 62
192 440 52
192 451 27
192 455 83
192 468 43
192 478 44
192 525 22
192 554 43
192 575 64
193 194 57
193 212 11
193 226 90
193 238 100
193 272 2
193 292 6
193 302 92
193 354 32
193 356 97
193 378 31
193 394 94
193 448 1
193 467 39
193 472 5
193 490 84
193 554 81
193 566 15
193 575 31
194 195 99
194 240 68
194 267 75
194 269 15
194 288 43
194 320 31
194 368 69
194 376 69
194 393 13
194 403 32
194 425 32
194 426 68
194 445 4
194 509 57
194 517 40
194 530 57
194 546 96
194 564 20
194 572 16
195 196 8
195 201 16
195 207 14
195 279 45
195 301 78
195 303 4
195 311 45
195 367 54
195 388 30
195 403 64
195 439 11
195 474 45
195 551 4
195 593 90
196 197 95
196 242 35
196 270 100
196 275 58
196 288 19
196 293 13
196 331 79
196 339 62
196 370 89
196 372 27
196 403 14
196 406 69
196 444 79
196 452 15
196 471 59
196 482 46
197 198 30
197 210 56
197 222 75
197 225 98
197 230 18
197 345 3
197 355 53
197 356 15
197 361 12
197 420 89
197 425 17
197 459 23
197 486 33
197 542 64
197 544 16
197 551 51
198 199 9
198 219 89
198 248 53
198 265 76
198 277 98
198 280 53
198 296 71
198 300 25
198 314 49
198 323 19
198 336 18
198 362 65
198 368 50
198 383 74
198 398 53
198 404 71
198 409 97
198 419 31
198 432 51
198 463 20
198 465 24
198 467 3
198 574 96
198 583 15
198 587 76
199 200 46
199 232 95
199 244 43
199 249 12
199 264 42
199 266 8
199 281 72
199 310 61
199 317 16
199 342 51
199 414 56
199 425 4
199 436 11
199 485 60
199 519 55
199 540 17
199 551 21
199 569 32
199 573 40
199 581 53
200 201 64
200 209 57
200 334 26
200 348 24
200 352 98
200 379 85
200 406 35
200 451 39
200 486 14
200 501 29
200 533 27
200 589 74
201 202 47
201 220 95
201 285 87
201 294 87
201 329 29
201 349 74
201 394 35
201 420 3
201 428 54
201 454 48
201 460 99
201 471 38
201 474 96
201 592 55
202 203 5
202 206 45
202 245 12
202 288 84
202 294 64
202 321 94
202 401 55
202 435 32
202 438 53
202 448 45
202 461 11
202 525 64
202 565 5
202 572 100
202 576 55
203 204 59
203 238 69
203 246 63
203 247 27
203 276 76
203 279 9
203 289 58
203 299 42
203 361 29
203 376 10
203 446 41
203 456 5
203 477 83
204 205 6
204 287 51
204 307 62
204 324 90
204 343 61
204 367 51
204 408 47
204 416 3
204 442 77
204 444 73
204 461 81
204 570 70
205 206 72
205 211 46
205 217 9
205 249 46
205 280 39
205 290 45
205 291 41
205 301 88
205 322 13
205 345 10
205 447 61
205 530 36
205 562 88
206 207 3
206 210 94
206 216 98
206 221 14
206 251 66
206 257 76
206 301 75
206 337 100
206 374 59
206 404 87
206 444 3
206 450 31
206 462 64
206 483 68
206 552 76
206 572 39
207 208 21
207 220 1
207 273 69
207 278 90
207 326 98
207 327 39
207 348 14
207 373 16
207 385 65
207 396 32
207 402 54
207 419 21
207 423 55
207 428 100
207 430 6
207 431 71
207 450 56
207 496 2
207 503 1
207 570 23
207 577 23
208 209 85
208 213 99
208 227 81
208 248 92
208 270 71
208 282 34
208 284 49
208 287 96
208 321 56
208 379 14
208 397 90
208 400 63
208 420 91
208 435 92
208 438 30
208 507 5
208 526 63
208 537 2
209 210 23
209 241 84
209 275 44
209 291 89
209 322 79
209 341 74
209 347 96
209 417 30
209 422 68
209 467 44
209 544 79
209 553 31
210 211 53
210 222 55
210 225 63
210 272 35
210 277 53
210 335 57
210 340 100
210 373 53
210 424 93
210 441 72
210 461 20
210 521 12
210 559 70
210 585 9
211 212 15
211 224 21
211 251 92
211 254 89
211 261 1
211 272 80
211 291 41
211 307 7
211 314 14
211 357 51
211 378 60
211 399 97
211 401 28
211 405 60
211 462 40
211 480 66
211 483 22
211 488 49
211 510 81
211 534 51
211 588 71
212 213 49
212 235 98
212 238 45
212 283 56
212 347 41
212 431 84
212 438 68
212 443 70
212 449 89
212 531 3
212 559 27
212 570 68
213 214 77
213 243 16
213 252 29
213 324 71
213 342 10
213 350 32
213 385 37
213 394 73
213 406 7
213 448 96
213 465 15
213 497 46
213 500 55
213 503 34
213 507 59
213 511 16
213 515 13
213 529 91
213 541 8
213 544 73
213 574 45
214 215 13
214 252 96
214 299 78
214 300 69
214 321 91
214 326 7
214 354 72
214 423 6
214 459 38
214 561 11
215 216 41
215 218 15
215 231 26
215 287 34
215 293 77
215 321 69
215 338 26
215 345 36
215 367 68
215 376 18
215 417 39
215 465 86
215 500 42
216 217 35
216 227 3
216 234 33
216 326 25
216 329 32
216 337 8
216 348 91
216 391 58
216 421 85
216 439 79
216 452 34
216 488 8
216 536 11
216 571 2
216 586 72
217 218 12
217 236 26
217 272 88
217 280 22
217 324 7
217 327 99
217 348 53
217 395 93
217 420 57
217 427 96
217 499 20
217 522 70
217 538 2
217 563 56
217 584 29
218 219 61
218 242 81
218 256 62
218 323 84
218 351 81
218 367 25
218 426 91
218 456 23
218 464 38
218 465 88
218 471 65
218 493 42
218 507 72
218 515 28
218 529 97
218 540 85
218 544 1
218 577 31
218 592 41
219 220 46
219 269 38
219 338 23
219 349 93
219 356 89
219 357 66
219 419 23
219 437 62
219 444 21
219 448 35
219 451 22
219 452 64
219 470 12
219 474 70
219 496 64
219 539 63
219 547 58
219 574 2
220 221 49
220 251 9
220 265 82
220 266 71
220 294 27
220 308 25
220 311 16
220 369 37
220 388 67
220 422 27
220 427 82
220 483 65
220 518 32
220 525 65
221 222 73
221 276 96
221 355 41
221 391 58
221 411 97
221 451 85
221 490 22
221 500 69
221 502 85
221 531 43
221 541 42
221 556 13
221 575 20
221 598 67
222 223 54
222 253 79
222 306 3
222 349 83
222 367 26
222 426 71
222 442 69
222 446 38
222 455 42
222 500 53
222 576 19
223 224 96
223 250 86
223 253 22
223 318 82
223 345 76
223 370 1
223 374 79
223 447 31
223 529 51
223 547 48
223 594 64
224 225 12
224 253 61
224 274 69
224 304 61
224 305 7
224 312 74
224 394 10
224 484 87
224 531 19
225 226 46
225 304 38
225 371 92
225 385 57
225 401 66
225 409 53
225 422 80
225 481 2
225 515 42
225 544 90
225 587 9
225 597 63
226 227 75
226 234 72
226 244 80
226 257 4
226 320 63
226 344 66
226 409 99
226 410 70
226 463 56
226 466 19
226 475 72
227 228 100
227 231 37
227 252 51
227 262 1
227 265 33
227 334 23
227 337 46
227 339 10
227 344 60
227 382 90
227 404 68
227 435 41
227 481 38
227 495 53
227 498 34
227 504 33
227 571 87
227 578 74
227 590 63
227 591 87
228 229 4
228 294 46
228 314 22
228 332 59
228 334 73
228 355 13
228 392 100
228 414 91
228 455 82
228 464 75
228 485 86
228 491 64
228 497 2
228 562 58
228 566 80
228 577 89
229 230 15
229 254 41
229 302 28
229 311 57
229 383 18
229 413 53
229 420 93
229 458 76
229 483 17
229 514 34
229 522 19
229 541 62
229 565 32
229 567 27
230 231 46
230 299 27
230 331 79
230 354 28
230 364 13
230 402 56
230 453 56
230 491 41
230 508 49
230 521 96
230 522 68
230 529 96
230 531 3
230 552 96
231 232 6
231 266 45
231 267 63
231 286 100
231 296 72
231 358 57
231 379 89
231 395 65
231 411 84
231 438 69
231 452 32
231 490 58
231 521 75
231 540 29
231 562 39
231 594 6
232 233 18
232 236 52
232 266 37
232 296 76
232 309 18
232 364 95
232 389 68
232 425 45
232 426 38
232 431 35
232 437 72
232 551 47
233 234 27
233 304 60
233 310 38
233 499 98
233 514 88
234 235 78
234 242 47
234 301 13
234 320 40
234 380 4
234 404 46
234 534 91
234 558 23
235 236 87
235 241 28
235 285 30
235 385 74
235 410 71
235 480 71
235 485 52
235 536 98
236 237 42
236 377 31
236 391 57
236 405 9
236 424 54
236 475 96
236 487 51
236 491 45
236 494 69
236 505 99
236 519 82
236 529 96
236 576 6
236 580 83
236 595 39
237 238 65
237 240 94
237 286 74
237 306 15
237 331 92
237 342 59
237 358 17
237 387 53
237 396 4
237 409 74
237 410 87
237 423 82
237 440 10
237 454 42
237 556 91
238 239 28
238 251 60
238 280 68
238 423 58
238 424 87
238 437 93
238 453 76
238 501 61
238 517 19
238 521 48
238 528 74
238 558 98
239 240 23
239 247 36
239 279 52
239 306 54
239 313 75
239 354 2
239 429 61
239 449 12
239 453 9
239 464 70
239 499 69
239 516 86
239 569 71
239 582 22
240 241 81
240 248 74
240 282 14
240 296 69
240 305 72
240 311 43
240 322 31
240 324 47
240 329 76
240 337 23
240 340 5
240 382 85
240 395 41
240 412 37
240 437 42
240 456 10
240 478 97
240 492 90
240 549 63
240 557 41
240 561 52
240 587 47
241 242 1
241 299 97
241 311 25
241 346 66
241 349 33
241 371 28
241 389 45
241 452 10
241 462 13
241 500 56
241 522 57
241 553 72
241 556 51
241 599 94
242 243 17
242 254 82
242 363 48
242 416 13
242 442 97
242 482 99
242 500 40
242 524 2
242 533 12
242 544 14
242 547 19
242 573 100
243 244 77
243 271 56
243 285 70
243 306 92
243 355 29
243 356 83
243 374 6
243 379 25
243 385 2
243 425 20
243 476 74
243 480 21
243 500 68
243 526 47
243 549 87
243 581 47
244 245 61
244 328 17
244 333 20
244 342 15
244 345 68
244 358 8
244 454 35
244 455 84
244 462 59
244 464 64
244 466 2
244 467 93
244 484 31
244 498 99
244 501 42
244 542 56
244 572 34
244 582 20
244 594 71
244 597 1
245 246 75
245 249 73
245 290 21
245 367 29
245 374 44
245 391 55
245 394 28
245 501 48
246 247 33
246 294 3
246 342 22
246 347 58
246 387 85
246 393 25
246 397 66
246 435 67
246 555 5
247 248 73
247 323 46
247 344 79
247 386 84
247 394 87
247 437 29
247 457 39
247 475 3
247 503 93
247 518 63
247 529 29
247 531 85
248 249 18
248 277 49
248 290 22
248 318 7
248 357 70
248 361 54
248 393 53
248 443 34
248 487 42
248 537 67
248 551 5
248 584 38
249 250 63
249 253 12
249 261 80
249 306 45
249 344 73
249 359 57
249 362 95
249 406 65
249 461 22
249 465 51
249 486 99
249 488 76
249 537 3
249 573 51
249 575 35
249 579 29
249 586 97
249 592 20
250 251 59
250 284 75
250 294 36
250 368 90
250 391 99
250 484 93
250 485 100
250 492 96
250 497 50
250 529 42
250 530 36
250 548 40
250 549 91
250 553 82
250 568 80
250 573 85
251 252 1
251 264 13
251 265 43
251 303 10
251 326 27
251 413 17
251 462 67
251 491 90
251 550 99
251 557 70
251 564 75
252 253 53
252 305 94
252 325 56
252 365 66
252 371 83
252 375 83
252 405 19
252 457 21
252 533 99
253 254 69
253 301 41
253 304 31
253 308 85
253 381 30
253 459 30
253 483 17
253 484 47
253 501 90
253 502 91
253 560 17
254 255 55
254 282 18
254 354 24
254 357 84
254 368 58
254 387 1
254 390 45
254 406 65
254 413 70
254 436 90
254 475 51
254 479 80
254 485 61
254 500 23
254 527 15
254 538 59
254 539 92
254 542 35
254 555 98
254 581 14
255 256 74
255 271 1
255 330 37
255 347 15
255 365 82
255 386 85
255 407 11
255 421 98
255 440 65
255 485 78
255 512 3
255 523 20
255 532 65
256 257 67
256 351 45
256 361 83
256 383 89
256 400 44
256 422 72
256 424 78
256 443 71
256 468 43
256 483 100
256 487 20
256 506 22
256 564 18
256 576 87
256 593 63
257 258 68
257 276 44
257 298 23
257 299 67
257 361 93
257 366 14
257 370 30
257 405 74
257 409 71
257 516 74
257 521 76
257 527 52
257 549 76
257 579 41
257 591 91
257 596 22
258 259 26
258 277 68
258 322 83
258 324 82
258 325 96
258 366 64
258 439 90
258 464 85
258 483 53
258 490 81
258 539 66
258 579 25
258 584 61
259 260 39
259 273 81
259 287 18
259 337 21
259 348 16
259 438 76
259 452 29
259 460 34
259 477 70
259 517 21
259 519 25
259 578 15
259 584 25
260 261 28
260 270 93
260 297 81
260 350 79
260 359 23
260 390 16
260 411 50
260 435 13
260 489 92
260 490 64
260 508 90
260 509 57
260 538 69
260 539 60
260 555 28
260 573 36
261 262 63
261 269 7
261 284 41
261 288 55
261 292 41
261 322 79
261 341 60
261 403 99
261 410 89
261 437 33
261 453 69
261 557 28
261 586 79
262 263 54
262 282 37
262 322 75
262 365 85
262 419 58
262 440 42
262 481 50
262 484 25
262 497 15
262 592 31
263 264 37
263 317 70
263 355 55
263 387 99
263 438 64
263 487 68
263 493 31
263 539 70
264 265 77
264 271 97
264 408 93
264 448 30
264 471 32
264 495 90
264 554 41
264 567 30
265 266 2
265 310 66
265 334 69
265 336 38
265 365 79
265 415 84
265 421 78
265 472 10
265 553 25
266 267 55
266 444 90
266 461 89
266 479 95
266 575 90
266 577 21
266 587 80
266 591 28
267 268 90
267 308 28
267 368 2
267 408 75
267 434 50
267 462 77
267 510 15
267 549 41
267 566 36
267 576 66
267 582 92
268 269 31
268 305 49
268 319 46
268 398 23
268 428 27
268 436 48
268 474 54
268 510 95
268 535 58
268 579 86
268 581 34
269 270 55
269 312 78
269 313 28
269 388 21
269 389 26
269 408 75
269 414 98
269 433 19
269 455 35
269 495 87
269 523 41
269 537 15
270 271 99
270 300 64
270 303 92
270 314 62
270 324 23
270 332 48
270 334 82
270 369 58
270 401 40
270 512 41
270 525 3
270 572 59
270 583 6
270 592 63
270 594 52
271 272 68
271 274 45
271 296 60
271 305 80
271 320 32
271 361 89
271 374 23
271 401 87
271 503 76
271 533 2
271 552 38
272 273 11
272 289 60
272 353 14
272 359 73
272 371 40
272 373 29
272 405 43
272 440 75
272 463 68
272 476 22
272 489 95
272 496 70
272 511 21
272 545 5
273 274 100
273 341 46
273 374 65
273 397 36
273 426 52
273 431 40
273 455 67
273 456 43
273 478 42
273 513 92
273 514 23
273 515 75
273 527 19
273 576 56
273 588 84
274 275 56
274 290 71
274 327 76
274 343 74
274 358 62
274 375 79
274 385 85
274 389 72
274 398 64
274 405 23
274 415 15
274 440 82
274 527 9
274 564 79
274 590 91
275 276 95
275 282 35
275 355 95
275 430 30
275 435 94
275 460 31
275 478 11
275 495 87
275 562 55
275 582 81
275 589 21
276 277 37
276 281 50
276 286 16
276 299 48
276 339 40
276 346 86
276 368 84
276 408 31
276 424 26
276 533 48
277 278 21
277 294 1
277 401 70
277 411 76
277 458 10
277 470 5
278 279 57
278 313 18
278 383 88
278 418 42
278 438 59
278 461 13
278 474 69
278 490 2
278 492 32
278 537 82
278 540 51
278 557 53
278 585 16
279 280 68
279 313 38
279 336 84
279 346 70
279 361 20
279 396 87
279 416 76
279 453 40
279 479 9
279 503 84
279 566 43
279 574 20
280 281 4
280 284 28
280 314 51
280 357 27
280 360 41
280 383 28
280 399 74
280 421 17
280 528 68
280 572 32
280 581 62
280 586 14
281 282 71
281 294 62
281 319 17
281 322 61
281 336 85
281 340 66
281 364 69
281 408 58
281 527 53
281 551 5
281 598 79
282 283 18
282 346 41
282 395 6
282 454 75
282 473 41
282 482 54
282 497 19
282 529 8
282 557 38
283 284 65
283 288 55
283 297 71
283 299 30
283 334 54
283 411 25
283 437 28
283 509 39
283 543 75
283 544 25
284 285 22
284 306 83
284 336 19
284 350 76
284 351 33
284 357 59
284 382 6
284 440 64
284 504 11
284 515 13
284 532 48
284 552 2
284 554 88
284 577 38
285 286 34
285 365 48
285 380 3
285 384 25
285 399 17
285 408 10
285 430 26
285 444 79
285 468 9
285 477 34
285 496 54
285 500 2
285 558 97
285 574 20
286 287 63
286 316 17
286 411 80
286 442 82
286 446 31
286 557 24
287 288 83
287 290 90
287 323 37
287 351 48
287 406 94
287 417 65
287 481 64
287 546 5
287 579 61
287 586 45
288 289 25
288 294 82
288 297 37
288 310 29
288 361 84
288 373 65
288 395 9
288 405 34
288 411 57
288 415 69
288 454 26
288 461 42
288 475 100
288 483 36
288 489 30
288 495 27
288 521 9
288 549 8
288 560 13
289 290 71
289 294 53
289 311 79
289 318 57
289 387 22
289 390 77
289 398 85
289 455 94
289 458 91
289 487 26
289 492 100
289 526 29
290 291 89
290 317 46
290 326 28
290 329 62
290 333 94
290 369 47
290 405 57
290 406 9
290 434 48
290 498 73
290 505 87
290 521 83
290 546 82
290 566 44
290 570 10
290 578 82
291 292 10
291 302 85
291 396 80
291 409 91
291 418 68
291 419 4
291 428 53
291 446 75
291 449 95
291 514 6
291 526 50
291 553 65
291 555 83
291 580 33
291 598 39
292 293 15
292 305 74
292 382 49
292 428 81
292 430 95
292 434 42
292 444 66
292 450 56
292 462 18
292 502 40
292 525 15
292 527 78
292 554 18
292 587 1
293 294 91
293 313 24
293 333 43
293 349 88
293 354 70
293 409 25
293 414 26
293 442 6
293 476 37
293 504 73
293 541 77
294 295 88
294 303 42
294 332 6
294 347 86
294 372 51
294 404 54
294 405 11
294 455 86
294 479 83
294 487 86
294 497 99
294 512 48
294 534 44
294 552 39
294 590 92
295 296 21
295 303 61
295 314 90
295 318 45
295 368 58
295 370 25
295 388 6
295 395 88
295 402 49
295 406 23
295 479 64
295 525 39
295 533 4
295 562 99
295 595 49
296 297 11
296 299 9
296 358 92
296 368 76
296 430 85
296 433 78
296 448 16
296 454 95
296 461 2
296 465 77
296 483 28
296 493 96
296 546 33
296 562 64
296 565 99
296 589 13
297 298 26
297 305 86
297 337 98
297 340 97
297 347 9
297 356 34
297 357 92
297 398 52
297 424 40
297 434 36
297 482 85
297 566 92
297 596 6
298 299 43
298 350 79
298 352 16
298 396 20
298 411 55
298 426 26
298 494 74
298 526 82
298 588 73
299 300 56
299 396 21
299 460 65
299 482 5
299 517 89
299 522 41
299 533 55
299 565 37
299 574 99
300 301 32
300 316 3
300 323 44
300 377 51
300 424 85
300 457 71
300 481 67
300 526 47
300 577 71
301 302 94
301 307 64
301 308 21
301 316 48
301 356 1
301 368 97
301 376 16
301 468 30
301 478 10
301 513 34
301 536 60
301 557 17
301 598 12
302 303 12
302 321 13
302 323 57
302 335 17
302 347 55
302 355 53
302 426 35
302 488 38
302 516 20
302 525 80
302 551 77
302 565 4
302 570 44
302 577 97
303 304 1
303 336 20
303 361 71
303 362 19
303 374 73
303 377 46
303 389 96
303 417 34
303 560 70
303 565 42
303 581 67
304 305 79
304 309 79
304 337 80
304 349 85
304 387 21
304 391 28
304 400 35
304 436 100
304 449 46
304 459 38
304 485 22
304 558 70
304 564 34
304 570 14
304 571 42
304 588 78
305 306 77
305 327 27
305 354 61
305 367 24
305 385 37
305 401 8
305 406 37
305 483 87
305 484 78
305 505 89
305 531 87
305 545 6
305 556 45
305 563 96
305 572 39
305 588 22
306 307 64
306 341 57
306 348 43
306 349 93
306 382 25
306 385 84
306 397 40
306 426 60
306 428 20
306 439 92
306 446 22
306 470 37
306 526 76
306 544 36
306 589 65
307 308 83
307 338 33
307 342 16
307 354 68
307 391 100
307 404 14
307 408 17
307 416 78
307 443 74
307 452 25
307 480 79
307 484 85
307 528 61
307 534 26
307 567 88
308 309 53
308 312 52
308 319 81
308 331 53
308 333 78
308 339 1
308 356 10
308 411 73
308 419 83
308 445 50
308 449 13
308 476 88
308 515 77
308 567 72
308 576 40
308 595 67
309 310 82
309 334 3
309 340 29
309 371 92
309 445 41
309 447 90
309 481 51
309 492 13
309 496 46
309 501 68
309 508 38
309 515 52
309 521 8
309 548 26
310 311 82
310 318 57
310 356 13
310 373 97
310 458 20
310 497 62
310 498 33
310 534 21
310 546 40
310 558 17
310 564 93
311 312 20
311 319 31
311 374 79
311 390 83
311 404 10
311 411 84
311 433 80
311 439 72
311 498 37
311 551 22
311 576 88
311 586 15
312 313 50
312 325 100
312 432 80
312 445 71
312 449 57
312 504 61
312 524 29
312 533 4
312 575 54
312 591 77
312 597 91
313 314 17
313 341 23
313 364 12
313 384 33
313 402 36
313 407 42
313 420 18
313 425 64
313 427 20
313 441 46
313 456 52
313 467 31
313 469 84
313 470 21
313 489 79
313 494 70
313 536 21
313 569 20
313 571 79
314 315 59
314 402 12
314 426 17
314 433 99
314 459 75
314 472 27
314 488 70
314 550 55
314 568 34
314 589 33
315 316 64
315 338 12
315 342 60
315 362 41
315 370 87
315 444 79
315 456 49
315 465 96
315 468 3
315 484 34
315 486 23
315 491 48
315 499 34
315 558 32
316 317 75
316 320 50
316 330 10
316 374 13
316 381 21
316 385 4
316 392 94
316 395 88
316 404 40
316 424 65
316 429 97
316 443 10
316 455 17
316 456 31
316 469 86
316 470 2
316 550 31
316 576 2
316 578 92
316 587 51
317 318 23
317 329 48
317 350 94
317 351 19
317 379 89
317 390 100
317 404 60
317 440 26
317 454 34
317 481 35
317 532 64
317 566 7
317 572 9
318 319 98
318 337 94
318 338 43
318 385 47
318 388 95
318 390 39
318 401 30
318 406 60
318 496 98
318 594 47
318 598 98
319 320 32
319 436 12
319 441 25
319 443 12
319 489 18
319 506 16
319 569 78
319 576 24
320 321 40
320 339 47
320 371 61
320 415 98
320 475 87
320 533 35
320 534 1
320 553 96
320 579 3
321 322 45
321 375 36
321 377 3
321 383 61
321 463 21
321 466 38
321 497 94
321 535 26
321 543 21
321 590 24
322 323 10
322 335 81
322 353 50
322 382 87
322 404 47
322 437 88
322 442 32
322 456 74
322 459 2
322 471 3
322 489 38
322 491 64
322 516 16
322 530 90
322 538 79
322 545 96
322 596 53
323 324 87
323 387 56
323 437 67
323 462 42
323 487 14
323 493 58
323 512 10
324 325 45
324 416 32
324 433 70
324 458 17
324 469 37
324 506 33
324 524 54
324 526 25
324 570 98
324 572 11
324 574 25
324 578 13
324 586 38
325 326 37
325 342 68
325 374 94
325 436 87
325 437 86
325 452 6
325 468 48
325 504 71
325 521 15
325 536 64
325 545 74
325 581 41
325 583 42
326 327 7
326 344 36
326 353 54
326 364 98
326 367 57
326 391 50
326 455 39
326 477 92
326 483 81
326 492 53
326 509 27
326 524 61
327 328 66
327 344 66
327 346 90
327 365 70
327 368 68
327 396 85
327 424 53
327 472 81
327 485 75
327 488 43
327 496 50
327 502 96
327 518 33
327 558 96
328 329 26
328 447 84
328 528 83
328 532 25
328 541 97
328 545 44
328 550 20
328 555 26
328 557 14
328 579 39
329 330 61
329 420 33
329 443 7
329 452 95
329 453 70
329 518 3
330 331 2
330 333 15
330 340 39
330 357 50
330 361 75
330 375 95
330 426 78
330 434 21
330 441 4
330 447 87
330 448 54
330 463 50
330 484 17
330 485 92
330 499 76
330 535 35
330 545 54
330 595 97
331 332 58
331 340 86
331 425 13
331 477 98
331 493 57
331 512 65
331 551 30
331 554 96
331 563 80
331 567 76
331 580 87
332 333 76
332 342 10
332 345 35
332 347 10
332 349 89
332 357 76
332 370 47
332 371 93
332 390 68
332 396 15
332 398 55
332 406 91
332 419 83
332 428 28
332 450 44
332 472 96
332 568 48
333 334 69
333 342 67
333 441 66
333 445 6
333 497 62
333 532 13
333 547 37
334 335 35
334 416 27
334 443 65
334 464 13
334 472 17
334 489 71
334 499 70
334 564 44
334 588 93
335 336 84
335 379 79
335 383 39
335 398 63
335 401 47
335 421 22
335 425 99
335 498 2
335 500 54
335 504 94
335 534 39
335 560 24
335 566 95
336 337 98
336 351 30
336 359 53
336 375 94
336 435 92
336 445 40
336 469 20
336 507 52
337 338 89
337 365 37
337 367 39
337 384 93
337 439 2
337 457 4
337 493 22
337 507 99
337 543 62
338 339 72
338 342 1
338 422 64
338 431 77
338 438 74
338 440 32
338 463 50
338 479 40
338 536 47
338 565 60
339 340 42
339 348 37
339 355 29
339 376 64
339 410 45
339 411 93
339 419 79
339 424 68
339 432 88
339 438 95
339 515 11
339 520 39
339 542 68
339 561 5
340 341 22
340 353 93
340 372 54
340 456 63
340 458 81
340 504 37
340 508 51
340 537 82
340 574 1
340 589 97
340 595 42
341 342 99
341 392 55
341 428 14
341 445 35
341 472 5
341 489 8
341 520 59
341 595 87
342 343 93
342 345 58
342 516 19
342 532 19
342 536 27
342 593 88
343 344 45
343 394 10
343 423 24
343 461 33
343 513 100
343 520 38
343 555 99
343 578 90
343 580 40
343 584 69
343 596 48
344 345 89
344 350 15
344 355 79
344 363 29
344 368 56
344 382 39
344 393 1
344 409 78
344 470 52
344 521 24
344 542 48
344 558 69
345 346 32
345 398 7
345 401 46
345 436 14
345 453 45
345 461 16
345 497 94
345 563 63
345 566 25
346 347 9
346 360 88
346 385 84
346 390 95
346 412 62
346 448 44
346 484 81
346 491 82
346 493 57
346 554 1
346 555 97
346 560 41
346 571 94
346 582 95
347 348 33
347 392 41
347 502 77
347 507 74
347 520 15
347 559 56
347 565 21
347 587 7
348 349 43
348 356 59
348 377 11
348 402 3
348 446 27
348 488 82
348 509 22
348 510 55
348 529 11
348 574 6
348 577 99
348 599 54
349 350 79
349 351 84
349 384 52
349 388 77
349 399 47
349 401 39
349 425 22
349 473 37
349 474 50
349 494 30
349 538 43
349 548 57
349 592 7
350 351 12
350 437 34
350 465 36
350 472 57
350 486 91
351 352 39
351 377 21
351 383 18
351 423 56
351 518 91
351 558 71
351 591 46
351 595 62
352 353 83
352 355 43
352 356 42
352 369 29
352 388 48
352 392 32
352 409 11
352 441 83
352 457 30
352 461 44
352 479 44
352 492 11
352 496 37
352 505 36
353 354 64
353 381 40
353 385 13
353 403 42
353 429 33
353 506 41
353 541 58
353 580 9
354 355 14
354 371 16
354 424 90
354 529 8
354 577 43
354 582 90
355 356 68
355 376 14
355 421 53
355 491 80
355 517 42
355 518 40
355 566 18
355 589 12
356 357 58
356 359 71
356 398 14
356 409 18
356 415 25
356 425 31
356 436 98
356 460 74
356 464 90
356 477 83
357 358 77
357 360 95
357 366 62
357 383 93
357 446 13
357 470 86
357 480 12
357 482 11
357 496 41
357 571 10
357 599 94
358 359 64
358 406 20
358 468 21
358 472 24
358 489 75
358 498 19
358 503 13
358 544 63
358 562 81
358 568 1
359 360 67
359 385 31
359 400 49
359 468 47
359 470 38
359 532 36
360 361 35
360 374 19
360 376 54
360 394 93
360 409 75
360 515 92
360 518 71
360 522 55
360 530 66
360 540 68
361 362 16
361 476 7
361 485 78
361 486 38
361 544 11
361 577 97
362 363 91
362 425 47
362 449 53
362 506 23
362 541 42
362 547 80
362 561 84
362 577 68
363 364 82
363 370 48
363 382 75
363 416 80
363 425 5
363 447 41
363 450 65
363 455 97
363 488 77
363 497 54
363 521 81
363 532 91
363 542 6
363 550 18
364 365 6
364 380 38
364 384 13
364 449 76
364 498 100
364 553 85
364 558 29
364 565 53
364 569 47
365 366 18
365 386 47
365 432 8
365 471 42
365 473 32
365 491 46
366 367 93
366 372 75
366 374 56
366 377 66
366 439 90
366 472 63
366 493 64
366 513 9
366 539 5
366 548 52
366 558 41
367 368 60
367 383 15
367 396 12
367 413 73
367 454 78
367 477 73
367 496 20
367 517 32
367 518 60
367 542 76
367 545 68
367 548 54
367 553 66
367 582 41
367 585 88
368 369 27
368 387 4
368 487 51
368 516 97
368 557 53
369 370 38
369 381 14
369 388 18
369 406 72
369 429 72
369 442 84
369 444 10
369 460 66
369 475 16
369 498 3
369 522 1
369 567 81
369 589 77
370 371 11
370 378 43
370 385 91
370 404 11
370 420 36
370 458 29
370 484 50
370 487 98
370 498 88
370 560 77
370 579 22
371 372 97
371 417 96
371 463 88
371 490 42
371 502 93
371 514 88
371 566 3
371 587 86
372 373 70
372 376 15
372 393 34
372 401 87
372 428 54
372 433 57
372 438 30
372 440 29
372 480 12
372 500 76
372 504 92
372 508 80
372 558 79
372 573 6
372 587 65
372 596 35
373 374 1
373 387 78
373 455 21
373 464 75
373 470 66
373 501 18
373 575 22
374 375 78
374 379 5
374 380 4
374 424 67
374 455 22
374 459 43
374 490 72
374 502 43
374 514 48
375 376 50
375 416 1
375 453 3
375 465 94
375 474 57
375 491 4
375 508 39
375 544 96
375 563 89
375 580 71
375 586 100
375 593 95
376 377 5
376 387 92
376 452 3
376 471 57
376 589 50
376 595 72
377 378 26
377 444 32
377 557 52
377 560 49
377 562 91
377 580 98
377 585 50
378 379 5
378 392 64
378 400 45
378 423 82
378 480 69
378 584 60
379 380 8
379 427 7
379 442 41
379 465 44
379 474 35
379 524 22
379 531 68
379 532 34
379 562 18
380 381 27
380 387 66
380 403 64
380 416 8
380 423 75
380 447 4
380 466 10
380 568 10
380 590 1
381 382 57
381 385 83
381 390 77
381 399 75
381 417 19
381 432 78
381 455 41
381 525 21
381 542 73
382 383 80
382 391 28
382 395 10
382 420 92
382 448 62
382 539 71
383 384 54
383 410 75
383 429 72
383 448 84
383 462 35
383 500 48
384 385 86
384 479 40
384 503 53
384 508 87
384 539 33
384 597 43
385 386 24
385 396 22
385 411 99
385 473 17
385 475 20
385 521 68
385 522 48
385 538 92
385 546 48
385 548 24
385 584 31
385 591 12
386 387 99
386 411 44
386 422 29
386 482 90
386 542 82
386 544 50
387 388 91
387 415 59
387 522 53
387 554 23
387 590 33
388 389 90
388 392 20
388 540 1
389 390 82
389 407 74
389 416 15
389 435 25
389 459 35
389 492 63
389 503 36
389 527 17
389 542 21
389 554 91
389 579 72
390 391 3
390 412 87
390 417 71
390 419 91
390 452 63
390 482 6
390 492 78
390 497 57
390 548 1
390 560 63
390 562 55
391 392 40
391 394 70
391 423 73
391 434 50
391 474 78
391 515 14
391 555 80
392 393 40
392 402 1
392 447 72
392 457 84
392 488 85
392 505 62
392 506 40
392 522 73
392 529 41
392 592 81
393 394 19
393 411 88
393 426 29
393 430 92
393 442 58
393 470 35
393 473 31
393 543 28
393 553 7
393 574 33
393 593 75
394 395 89
394 410 48
394 424 30
394 476 68
394 478 76
394 486 49
394 511 20
394 528 1
394 587 16
394 590 98
395 396 13
395 449 64
395 464 93
395 498 89
395 568 84
395 597 85
396 397 91
396 398 68
396 400 7
396 402 93
396 404 6
396 463 77
396 525 42
396 533 94
396 572 56
396 575 90
396 576 46
397 398 45
397 404 69
397 407 30
397 448 32
397 449 80
397 479 41
397 514 89
397 517 14
397 569 39
398 399 7
398 437 83
398 445 89
398 466 59
398 476 46
398 490 92
398 523 56
398 551 74
398 598 19
399 400 65
399 455 58
399 467 21
399 486 75
399 488 7
399 513 100
400 401 56
400 436 55
400 442 93
400 462 87
400 472 61
400 474 51
400 503 38
400 504 91
400 513 49
400 514 65
400 535 68
400 578 46
401 402 37
401 416 80
401 417 78
401 428 24
401 434 22
401 445 25
401 449 34
401 492 51
401 511 88
401 541 23
401 575 51
401 588 4
402 403 51
402 445 41
402 469 70
402 498 47
402 526 28
402 528 88
402 532 73
403 404 44
403 450 88
403 452 79
403 550 80
404 405 46
404 418 60
404 438 53
404 455 61
404 480 83
404 486 73
404 495 2
404 559 25
405 406 57
405 480 70
405 503 52
405 550 54
405 586 88
406 407 47
406 453 19
406 454 84
406 468 4
406 481 68
406 489 53
406 552 48
406 561 62
407 408 97
407 464 19
407 501 61
407 507 92
407 513 80
407 531 13
407 548 26
407 566 97
407 569 51
408 409 93
408 412 2
408 452 43
408 453 88
408 507 84
408 527 83
408 531 58
408 563 71
409 410 39
409 427 2
409 461 39
409 486 88
409 518 27
409 520 4
409 537 13
409 570 88
409 574 10
410 411 85
410 414 28
410 464 37
410 500 71
410 572 95
411 412 12
411 415 49
411 468 96
411 529 80
411 555 79
411 573 35
412 413 73
412 425 25
412 465 62
412 477 6
412 507 1
412 596 14
413 414 42
413 417 15
413 452 40
413 491 85
413 529 43
414 415 30
414 422 44
414 449 4
414 522 74
414 558 83
414 578 34
414 593 68
414 594 45
415 416 37
415 438 44
415 447 59
415 467 30
415 471 40
415 485 14
415 503 26
415 527 12
415 591 17
415 594 38
416 417 18
416 435 92
416 481 34
416 511 66
416 516 69
416 572 36
417 418 82
417 428 3
417 430 62
417 442 29
417 460 57
417 512 30
417 550 36
418 419 66
418 435 14
418 466 58
418 469 37
418 472 15
418 515 69
418 519 100
418 593 72
419 420 52
419 430 47
419 439 47
419 451 28
419 485 44
419 530 79
419 581 88
420 421 24
420 479 56
420 482 54
420 492 80
420 531 23
420 555 73
420 573 89
420 584 56
420 596 69
421 422 26
421 431 32
421 449 35
422 423 49
422 439 73
422 567 63
422 581 17
423 424 53
423 495 5
423 503 84
423 506 17
423 522 94
423 539 44
424 425 60
424 427 48
424 439 49
424 462 17
424 474 8
424 487 98
424 488 95
424 520 68
424 542 27
424 590 17
424 598 72
425 426 94
425 478 85
425 488 64
425 503 1
425 509 11
425 539 60
425 551 99
425 566 35
425 591 99
426 427 99
426 434 36
427 428 81
427 453 7
427 459 20
427 462 19
427 464 42
427 503 13
427 538 26
427 591 20
427 596 59
428 429 99
428 436 57
428 453 86
428 475 21
428 488 70
428 503 48
428 537 38
428 567 26
429 430 32
429 475 51
429 522 99
429 562 61
430 431 81
430 470 75
430 480 49
430 530 23
430 588 68
431 432 64
431 448 18
431 457 60
431 536 79
431 557 18
432 433 30
432 516 24
432 576 45
432 584 4
432 597 10
433 434 40
433 458 4
433 468 75
433 478 39
433 480 73
433 502 37
433 530 12
433 574 65
434 435 38
434 475 74
434 515 67
434 585 100
435 436 42
435 452 59
435 585 51
435 589 60
436 437 50
436 439 71
436 461 51
436 485 52
436 501 74
436 516 71
436 551 33
436 590 15
437 438 86
437 464 10
437 514 32
437 518 92
437 526 6
437 537 96
437 573 12
438 439 56
438 457 9
438 461 37
438 465 32
438 490 42
438 512 41
438 514 56
438 524 27
438 547 83
439 440 40
439 448 84
439 477 17
439 489 15
439 507 85
439 518 88
439 523 60
439 542 46
440 441 18
440 469 85
440 558 63
440 569 82
440 571 64
440 590 13
441 442 11
441 462 5
441 475 84
441 478 75
441 523 30
441 532 28
441 540 47
441 545 63
441 546 37
441 549 62
441 561 60
441 574 23
442 443 47
442 447 43
442 485 41
442 499 44
442 501 90
442 503 19
442 509 18
442 563 37
442 574 21
443 444 69
443 477 70
443 521 69
443 533 77
443 540 27
444 445 96
444 472 97
444 498 6
444 516 60
444 539 11
445 446 4
445 455 70
445 464 86
445 485 69
445 488 58
445 503 48
445 563 61
445 578 10
445 591 46
446 447 40
446 514 56
446 526 51
446 563 40
446 576 44
446 596 73
446 597 58
447 448 4
447 490 71
447 513 76
447 533 58
447 541 1
447 578 71
448 449 7
448 460 31
448 525 63
448 555 78
449 450 89
449 488 27
449 524 95
449 532 78
449 561 83
449 563 81
450 451 62
450 460 38
450 537 94
450 564 11
451 452 41
451 453 25
451 466 97
451 475 61
451 529 52
451 549 97
451 595 23
452 453 58
452 484 89
452 524 27
453 454 38
453 469 97
453 470 17
453 471 36
453 473 96
453 518 75
453 535 35
453 565 2
453 575 99
453 596 88
454 455 6
454 572 33
455 456 28
455 460 4
455 497 19
455 520 61
455 543 9
456 457 54
456 535 62
456 562 31
456 577 65
456 593 4
456 597 74
457 458 71
457 486 68
457 489 75
457 547 80
457 557 30
457 573 88
457 578 100
457 596 74
458 459 16
458 486 74
458 493 94
458 495 97
458 544 98
458 545 96
458 576 95
459 460 63
459 507 50
459 512 18
459 523 26
459 530 8
459 556 9
459 557 93
459 588 15
460 461 35
460 559 12
460 579 63
461 462 49
461 477 80
461 530 17
461 531 49
461 578 46
462 463 37
462 491 66
462 493 74
462 547 44
462 557 95
462 593 39
463 464 21
463 505 14
463 553 37
463 574 10
463 583 76
463 591 71
464 465 10
464 480 11
464 515 97
464 523 97
464 544 75
464 547 25
465 466 97
465 500 44
465 505 19
465 514 52
465 561 84
465 593 16
465 598 45
466 467 86
466 489 79
466 505 49
466 526 82
466 547 12
467 468 75
467 483 86
467 486 40
467 584 3
467 585 73
468 469 88
468 488 55
468 521 59
468 549 21
468 557 41
468 568 73
468 569 36
469 470 2
469 478 25
469 481 87
469 482 60
469 492 78
469 557 74
469 576 73
469 578 51
469 586 91
470 471 24
470 492 95
470 576 79
471 472 47
471 478 92
471 540 52
471 554 91
471 566 46
471 567 97
472 473 52
472 478 78
472 494 11
472 524 32
472 534 14
472 536 51
472 543 67
472 566 42
472 585 94
473 474 71
473 482 35
473 545 80
474 475 90
474 487 40
474 498 38
474 502 50
474 537 82
474 551 24
474 584 72
474 589 63
475 476 11
475 512 93
475 522 99
475 532 44
475 548 3
475 551 53
475 581 94
476 477 82
476 485 59
476 486 81
476 493 45
476 501 57
476 537 59
476 544 44
476 556 50
476 573 21
477 478 44
477 486 54
477 489 10
477 509 20
477 519 96
477 538 10
477 542 65
477 581 45
478 479 76
478 514 65
478 517 12
478 544 67
478 549 22
478 560 61
478 584 22
478 592 88
479 480 31
479 499 87
479 521 28
479 569 70
480 481 96
480 521 49
480 531 37
480 564 26
480 580 5
481 482 92
481 485 4
481 501 4
481 505 97
481 512 6
481 534 11
481 560 7
481 579 85
481 598 78
482 483 67
482 531 86
482 554 11
482 595 48
483 484 81
483 513 36
483 535 63
483 581 28
483 584 5
484 485 83
484 493 64
484 534 14
484 537 74
484 545 5
484 566 74
484 569 100
485 486 95
485 502 34
485 576 48
486 487 56
486 512 28
486 557 97
486 564 11
486 570 10
486 574 42
486 583 95
487 488 35
487 503 65
487 543 30
488 489 31
488 500 80
488 541 32
488 543 63
488 555 30
488 565 1
488 567 15
488 579 20
488 593 93
489 490 11
489 525 12
489 538 27
489 559 86
489 578 40
489 587 62
490 491 87
490 534 48
490 567 86
490 568 93
490 577 54
491 492 46
491 504 44
491 505 16
491 549 78
491 559 63
491 595 11
492 493 45
492 509 76
492 522 85
493 494 47
493 552 17
493 553 13
493 571 54
494 495 25
494 503 32
494 541 20
494 555 76
495 496 4
495 510 35
495 512 33
495 526 27
495 543 2
495 583 32
495 590 52
496 497 93
496 500 90
496 526 18
496 540 22
496 546 60
496 586 81
496 594 39
496 596 30
497 498 60
497 501 10
497 503 49
497 512 80
497 513 54
497 534 43
497 549 73
497 555 46
497 556 99
497 569 81
497 593 89
498 499 88
498 505 77
498 526 85
498 590 49
499 500 21
499 503 100
499 508 18
499 510 21
499 518 73
499 536 21
499 586 38
500 501 27
500 544 82
500 545 59
500 587 39
501 502 10
501 528 90
502 503 74
502 528 93
502 564 99
502 575 5
502 584 21
502 595 16
503 504 6
503 518 83
503 534 85
503 555 58
503 565 34
503 574 35
503 589 80
503 595 77
504 505 5
504 550 14
504 579 55
504 590 67
505 506 50
505 530 77
505 547 9
505 549 24
505 568 39
506 507 55
506 513 2
506 538 13
506 547 17
506 553 8
506 556 62
507 508 36
507 526 34
507 542 62
507 543 69
507 583 15
508 509 42
508 521 73
508 522 100
508 548 52
508 558 53
508 572 60
508 593 84
509 510 70
509 516 7
509 550 39
509 573 95
509 584 70
510 511 83
510 513 8
510 518 5
510 526 51
510 528 27
510 533 89
510 536 67
510 558 32
510 563 97
510 571 35
510 579 10
511 512 70
511 550 56
511 566 22
512 513 42
512 526 79
512 548 45
512 583 8
512 599 8
513 514 60
513 526 18
513 582 19
513 586 26
513 599 19
514 515 87
514 543 95
514 580 100
514 597 8
515 516 77
515 534 17
516 517 9
516 544 94
516 546 42
517 518 65
517 559 10
518 519 55
518 527 12
518 536 39
518 544 29
518 591 61
518 592 69
519 520 58
519 544 59
519 549 45
520 521 49
520 528 93
520 537 87
520 595 24
521 522 48
521 559 81
521 565 23
522 523 39
522 532 84
522 586 5
522 591 45
523 524 31
523 566 95
523 573 3
523 592 20
523 597 3
523 599 6
524 525 78
524 544 81
524 550 83
524 556 64
525 526 63
525 532 50
525 569 43
525 570 13
526 527 37
526 538 45
526 589 14
526 593 63
527 528 24
527 573 89
527 577 48
528 529 28
528 533 24
528 539 56
528 576 26
528 582 95
528 584 13
529 530 23
529 569 12
529 575 10
529 590 78
530 531 84
530 536 37
530 559 99
530 572 89
531 532 27
531 542 69
531 550 66
532 533 75
532 586 68
533 534 43
533 542 3
533 563 38
533 581 35
533 582 61
534 535 82
534 553 45
534 570 84
535 536 17
535 561 30
536 537 43
536 538 66
536 540 88
536 543 12
536 567 73
536 589 44
536 591 87
537 538 9
537 571 18
538 539 1
539 540 38
539 565 22
540 541 39
540 546 23
540 582 74
540 585 18
541 542 71
541 561 25
541 596 42
542 543 32
542 585 7
542 599 40
543 544 58
543 553 5
543 591 21
544 545 50
544 581 43
544 590 59
544 593 37
545 546 98
545 549 4
545 565 12
545 572 25
545 576 76
546 547 93
546 555 49
546 565 14
547 548 70
548 549 22
548 566 25
548 576 64
549 550 98
550 551 38
551 552 55
551 564 21
551 565 57
551 579 93
551 592 32
552 553 11
552 572 14
553 554 62
553 590 75
554 555 81
554 576 87
554 598 92
555 556 69
555 599 63
556 557 21
556 564 2
556 578 80
557 558 6
557 559 67
557 563 42
558 559 39
558 565 11
558 573 7
558 575 95
558 598 34
559 560 98
559 564 94
559 591 33
559 592 3
560 561 90
560 562 47
560 584 96
561 562 44
562 563 28
563 564 98
564 565 71
565 566 50
566 567 56
567 568 60
567 578 73
567 589 5
568 569 24
568 580 57
568 599 48
569 570 93
569 594 45
570 571 98
570 572 35
570 579 73
571 572 84
571 582 71
572 573 75
572 576 94
572 590 59
573 574 79
573 592 3
574 575 16
574 582 84
575 576 97
575 585 5
575 587 53
575 589 51
576 577 49
577 578 83
578 579 73
578 599 77
579 580 1
580 581 4
580 586 67
581 582 50
581 597 18
582 583 17
583 584 96
583 593 22
584 585 35
584 597 26
585 586 59
586 587 81
587 588 80
587 597 35
588 589 93
589 590 49
590 591 79
591 592 58
592 593 58
593 594 26
594 595 30
595 596 83
596 597 90
597 598 22
598 599 12
599 600 49
