600 7069 5 9917
88 131 302 325 545 
1 2 47
1 8 94
1 250 30
1 274 90
1 293 76
1 295 1
1 323 12
1 375 9
1 377 9
1 382 53
1 441 7
1 521 74
1 575 100
1 600 3
2 3 63
2 32 36
2 58 55
2 117 65
2 124 37
2 127 16
2 188 19
2 214 90
2 235 87
2 238 53
2 282 94
2 310 95
2 358 28
2 360 31
2 362 68
2 380 99
2 382 29
2 386 71
2 439 69
2 462 93
2 466 52
2 476 83
2 502 100
2 576 69
2 579 21
3 4 45
3 113 31
3 141 31
3 186 68
3 231 22
3 268 75
3 312 78
3 347 61
3 384 25
3 396 76
3 404 76
3 418 72
3 427 1
3 437 29
3 462 26
3 467 85
3 469 12
3 498 77
3 521 8
3 539 36
3 578 44
3 579 90
3 580 56
4 5 46
4 6 1
4 12 20
4 16 7
4 38 15
4 70 56
4 85 66
4 94 26
4 99 2
4 154 30
4 162 44
4 187 75
4 202 37
4 206 15
4 249 75
4 264 72
4 267 31
4 273 92
4 284 14
4 296 31
4 306 31
4 309 77
4 321 54
4 355 51
4 364 93
4 373 75
4 397 47
4 401 48
4 473 63
4 486 53
4 505 38
4 510 14
4 532 15
5 6 24
5 8 98
5 11 71
5 32 50
5 50 59
5 76 57
5 103 72
5 105 40
5 106 96
5 127 8
5 196 11
5 199 84
5 259 29
5 292 6
5 309 57
5 361 33
5 369 72
5 455 38
5 495 70
5 499 60
5 588 33
5 589 38
6 7 77
6 47 19
6 112 19
6 131 44
6 132 77
6 139 72
6 153 13
6 212 52
6 222 80
6 229 75
6 237 41
6 289 25
6 341 93
6 353 22
6 395 7
6 401 37
6 408 92
6 451 91
6 470 79
6 477 40
6 567 91
6 592 26
6 597 19
7 8 60
7 33 31
7 34 100
7 53 70
7 59 29
7 100 18
7 114 100
7 158 87
7 160 76
7 170 88
7 172 22
7 224 83
7 240 92
7 290 73
7 295 88
7 299 93
7 359 73
7 360 49
7 382 77
7 410 18
7 414 93
7 493 37
7 501 35
7 552 41
7 557 8
7 575 83
8 9 45
8 46 29
8 67 19
8 147 7
8 155 99
8 190 88
8 197 92
8 284 71
8 292 96
8 339 7
8 347 60
8 372 16
8 382 71
8 408 49
8 448 13
8 450 61
8 503 23
8 520 56
8 540 88
8 580 28
8 593 39
9 10 50
9 27 35
9 31 80
9 34 17
9 52 8
9 61 100
9 123 66
9 187 6
9 193 51
9 242 30
9 252 31
9 269 6
9 315 17
9 334 85
9 336 45
9 348 22
9 373 77
9 416 36
9 453 73
9 454 76
9 497 13
9 508 64
9 543 13
9 557 60
10 11 93
10 69 63
10 135 14
10 157 78
10 159 36
10 167 64
10 174 63
10 233 44
10 244 15
10 296 88
10 317 63
10 319 73
10 399 54
10 452 32
10 489 50
10 510 39
10 521 59
10 536 36
10 546 7
10 591 50
11 12 22
11 58 1
11 75 76
11 92 10
11 115 63
11 180 2
11 184 3
11 189 65
11 231 57
11 234 64
11 274 58
11 287 53
11 309 27
11 381 76
11 405 84
11 410 24
11 423 99
11 471 1
11 533 60
11 556 85
11 569 32
12 13 84
12 102 33
12 132 55
12 180 24
12 243 17
12 304 68
12 330 16
12 346 39
12 349 70
12 355 72
12 391 20
12 442 80
12 449 11
12 471 43
12 509 50
13 14 16
13 46 51
13 59 35
13 82 1
13 124 61
13 136 74
13 148 12
13 158 51
13 162 78
13 190 53
13 214 15
13 231 44
13 250 72
13 254 83
13 292 46
13 330 87
13 346 31
13 394 79
13 402 16
13 408 12
13 442 96
13 496 82
13 512 22
13 577 45
14 15 85
14 52 87
14 79 30
14 90 56
14 110 37
14 126 30
14 176 7
14 240 37
14 266 27
14 288 75
14 292 97
14 305 41
14 309 51
14 325 95
14 332 69
14 433 34
14 441 98
14 459 92
14 479 45
14 531 74
14 534 37
14 553 87
14 563 88
14 591 96
15 16 68
15 58 20
15 64 89
15 70 44
15 105 10
15 214 17
15 234 47
15 236 94
15 247 64
15 257 19
15 298 96
15 305 34
15 399 88
15 442 89
15 477 65
15 531 15
15 548 16
15 563 78
15 593 81
16 17 93
16 42 96
16 75 5
16 80 46
16 89 91
16 106 87
16 112 93
16 114 2
16 151 53
16 163 95
16 211 29
16 220 22
16 238 69
16 268 34
16 269 70
16 299 94
16 306 55
16 328 42
16 357 29
16 439 75
16 476 73
16 498 93
16 516 49
16 574 100
17 18 37
17 25 78
17 115 53
17 118 22
17 119 72
17 121 86
17 166 38
17 233 69
17 246 68
17 247 55
17 268 84
17 297 42
17 356 61
17 366 60
17 409 64
17 432 69
17 472 69
17 535 10
17 580 53
18 19 26
18 61 86
18 72 100
18 85 72
18 143 98
18 171 98
18 229 32
18 254 27
18 264 69
18 271 76
18 277 69
18 298 99
18 326 15
18 335 30
18 350 47
18 367 74
18 445 51
18 487 78
18 537 83
18 559 76
19 20 29
19 34 95
19 36 49
19 103 54
19 118 52
19 179 40
19 248 27
19 296 65
19 300 67
19 305 68
19 317 91
19 357 80
19 365 5
19 393 71
19 409 14
19 429 93
19 434 3
19 462 68
19 469 64
19 474 79
19 522 53
19 526 41
19 546 65
19 568 59
19 584 23
20 21 38
20 34 46
20 89 69
20 125 69
20 137 92
20 149 43
20 161 77
20 244 73
20 251 15
20 283 60
20 350 1
20 357 23
20 398 43
20 460 6
20 473 82
20 489 41
20 523 54
20 534 44
20 565 8
20 567 51
20 583 81
21 22 10
21 36 52
21 63 25
21 78 54
21 128 97
21 159 51
21 166 42
21 198 72
21 235 91
21 248 23
21 261 28
21 268 29
21 339 75
21 354 24
21 364 6
21 394 1
21 510 6
21 514 19
21 543 4
21 582 26
22 23 32
22 147 99
22 176 90
22 180 7
22 192 26
22 211 43
22 223 48
22 232 96
22 266 55
22 270 73
22 295 8
22 332 48
22 377 87
22 452 30
22 493 95
22 516 84
22 532 14
22 585 1
23 24 67
23 30 39
23 72 63
23 87 99
23 122 18
23 180 74
23 185 82
23 201 11
23 211 41
23 225 88
23 227 75
23 233 76
23 240 33
23 260 44
23 277 98
23 291 11
23 303 60
23 326 32
23 330 16
23 346 31
23 368 79
23 417 7
23 443 89
23 450 61
23 528 65
23 534 36
23 562 41
23 594 48
24 25 88
24 29 48
24 34 1
24 49 66
24 140 54
24 188 93
24 202 31
24 226 61
24 231 70
24 249 61
24 263 60
24 282 19
24 311 83
24 321 96
24 350 81
24 371 29
24 375 17
24 401 52
24 410 67
24 452 14
24 476 21
24 493 8
24 511 8
24 514 24
24 516 63
24 522 21
24 561 38
24 581 78
24 598 88
25 26 52
25 99 66
25 103 56
25 157 89
25 159 73
25 207 11
25 235 45
25 247 89
25 306 58
25 308 18
25 360 69
25 383 72
25 467 51
25 469 25
25 491 31
25 520 80
25 574 26
26 27 19
26 33 12
26 60 82
26 116 9
26 136 8
26 152 94
26 203 75
26 243 60
26 296 100
26 322 39
26 335 28
26 356 7
26 460 67
26 461 89
26 471 30
26 493 3
26 509 52
26 544 73
26 581 22
26 585 39
27 28 39
27 100 34
27 153 79
27 156 73
27 273 97
27 275 20
27 280 22
27 307 80
27 353 95
27 365 50
27 374 36
27 409 82
27 412 36
27 425 73
27 431 7
27 447 48
27 451 84
27 496 47
27 499 13
27 564 87
27 565 72
27 594 30
28 29 12
28 37 52
28 39 71
28 82 45
28 95 7
28 125 56
28 175 21
28 187 74
28 211 82
28 245 81
28 246 38
28 341 93
28 379 61
28 440 71
28 441 71
28 459 45
28 469 40
28 485 17
28 497 68
28 517 80
28 532 91
28 544 15
28 555 46
28 568 43
28 581 40
28 585 3
28 597 28
29 30 86
29 77 9
29 80 75
29 132 79
29 158 39
29 173 31
29 181 92
29 220 62
29 222 85
29 340 58
29 404 35
29 415 98
29 437 75
29 443 58
29 444 4
29 468 18
29 473 98
29 484 62
29 485 22
29 514 79
29 517 1
29 537 55
30 31 72
30 40 53
30 45 1
30 86 11
30 122 34
30 170 78
30 217 91
30 229 89
30 240 21
30 242 29
30 305 79
30 345 6
30 360 75
30 410 62
30 412 25
30 416 94
30 431 35
30 489 26
30 499 11
30 503 27
30 537 31
30 544 82
30 551 19
30 583 78
30 586 32
31 32 73
31 34 89
31 44 6
31 68 72
31 135 66
31 146 68
31 187 9
31 276 37
31 342 84
31 362 24
31 397 80
31 465 1
31 551 29
31 585 68
32 33 65
32 126 93
32 216 73
32 306 63
32 317 59
32 333 35
32 343 14
32 352 2
32 366 78
32 367 37
32 372 74
32 417 74
32 459 16
32 472 99
32 487 75
32 576 98
33 34 2
33 42 80
33 71 57
33 129 10
33 159 5
33 189 55
33 195 65
33 211 91
33 212 55
33 255 60
33 265 9
33 271 45
33 286 58
33 312 54
33 335 24
33 358 26
33 377 64
33 381 8
33 409 56
33 432 7
33 461 43
33 492 55
33 501 25
33 544 54
33 565 13
33 581 89
33 595 53
34 35 8
34 61 76
34 97 28
34 165 27
34 244 48
34 251 65
34 264 46
34 303 49
34 308 62
34 311 80
34 341 74
34 355 8
34 411 8
34 435 29
34 441 34
34 450 90
34 460 94
34 468 89
34 542 67
34 543 80
34 561 5
34 575 72
35 36 96
35 140 56
35 152 46
35 160 53
35 214 52
35 245 29
35 263 51
35 269 48
35 291 2
35 298 7
35 302 31
35 325 24
35 344 19
35 385 42
35 395 83
35 410 70
35 423 2
35 442 68
35 446 99
35 450 48
35 477 20
35 483 39
35 496 55
35 526 93
35 544 49
35 555 88
36 37 43
36 50 98
36 138 52
36 160 59
36 203 59
36 217 51
36 222 38
36 233 91
36 241 97
36 246 28
36 294 4
36 306 40
36 311 58
36 318 6
36 342 97
36 357 70
36 360 94
36 396 50
36 406 80
36 421 33
36 428 57
36 433 12
36 484 85
36 517 69
36 521 73
36 532 39
37 38 65
37 53 9
37 96 34
37 175 14
37 193 50
37 204 22
37 259 58
37 286 13
37 305 78
37 320 26
37 344 11
37 358 40
37 398 9
37 464 95
37 480 37
37 481 55
37 499 87
37 501 74
37 510 52
37 531 20
37 538 63
37 551 48
37 558 40
37 559 29
37 568 77
37 569 1
38 39 61
38 48 14
38 135 24
38 214 59
38 216 74
38 228 70
38 250 30
38 258 59
38 266 47
38 314 18
38 338 66
38 426 53
38 470 7
38 488 51
38 502 3
38 512 41
38 516 36
38 521 69
38 543 20
38 574 67
39 40 90
39 55 57
39 90 17
39 181 13
39 190 48
39 194 86
39 211 18
39 232 19
39 234 87
39 257 66
39 287 24
39 322 23
39 323 53
39 340 54
39 345 62
39 378 37
39 413 39
39 492 20
39 505 49
39 510 63
39 513 20
39 532 63
39 547 88
39 573 74
39 584 55
39 588 51
40 41 8
40 62 50
40 87 40
40 106 69
40 155 4
40 159 69
40 180 34
40 181 76
40 205 39
40 246 41
40 294 94
40 317 3
40 362 59
40 374 81
40 409 14
40 423 21
40 472 23
40 490 77
40 504 77
40 515 52
40 516 16
40 561 48
40 577 90
40 578 83
40 579 62
40 587 67
41 42 58
41 59 74
41 90 36
41 108 25
41 110 72
41 112 43
41 133 35
41 190 24
41 229 69
41 241 37
41 250 11
41 305 40
41 336 64
41 380 9
41 471 98
41 491 32
41 499 51
41 550 62
41 555 70
41 561 56
41 563 2
41 572 71
41 579 98
41 591 11
42 43 91
42 62 92
42 75 45
42 76 88
42 93 43
42 100 67
42 142 39
42 143 97
42 183 89
42 191 45
42 210 45
42 225 13
42 272 95
42 285 66
42 306 89
42 308 94
42 317 71
42 381 11
42 394 81
42 396 33
42 404 71
42 417 79
42 432 39
42 454 84
42 472 96
42 520 88
42 525 24
42 548 91
42 557 100
43 44 58
43 104 82
43 142 51
43 188 58
43 210 40
43 230 71
43 329 46
43 351 85
43 374 14
43 439 45
43 446 51
43 452 20
43 471 29
43 496 58
43 581 19
43 595 3
44 45 13
44 141 19
44 206 5
44 217 71
44 219 29
44 247 67
44 260 71
44 305 51
44 318 35
44 349 7
44 439 40
44 466 7
44 471 11
44 473 88
44 484 9
44 550 84
44 562 50
44 579 75
45 46 79
45 113 67
45 166 21
45 245 56
45 276 86
45 354 26
45 382 83
45 422 76
45 425 51
45 432 89
45 453 87
45 495 63
45 507 57
45 518 14
45 554 11
45 578 8
46 47 59
46 82 27
46 149 88
46 277 35
46 321 96
46 341 99
46 369 51
46 396 40
46 417 47
46 490 85
46 509 15
46 533 17
46 537 4
46 548 8
46 562 60
46 583 18
46 584 76
47 48 28
47 70 30
47 73 74
47 93 62
47 165 100
47 203 14
47 259 94
47 314 37
47 351 98
47 427 12
47 474 41
47 480 36
47 494 33
47 556 56
48 49 46
48 64 33
48 103 99
48 116 54
48 123 9
48 195 55
48 222 2
48 236 18
48 246 65
48 255 27
48 257 75
48 263 74
48 281 6
48 288 58
48 290 71
48 335 90
48 346 7
48 347 77
48 399 71
48 424 82
48 438 40
48 443 86
48 485 67
48 510 50
48 529 94
48 542 81
48 575 79
49 50 24
49 59 8
49 108 88
49 176 30
49 217 20
49 226 39
49 273 74
49 282 84
49 304 54
49 380 79
49 398 68
49 406 90
49 501 7
49 502 87
49 506 13
49 578 94
49 590 48
50 51 63
50 128 57
50 176 27
50 276 66
50 287 57
50 349 92
50 401 17
50 526 74
50 552 75
51 52 81
51 104 7
51 115 59
51 123 59
51 188 41
51 196 23
51 198 98
51 229 81
51 238 47
51 269 82
51 367 32
51 390 8
51 394 23
51 408 100
51 443 56
51 465 85
51 482 47
51 582 21
52 53 14
52 60 53
52 73 90
52 113 41
52 146 65
52 200 100
52 274 95
52 295 35
52 353 62
52 367 80
52 459 77
52 479 81
52 490 28
52 526 71
52 529 21
52 572 46
52 596 46
53 54 52
53 66 70
53 69 18
53 74 85
53 110 79
53 213 30
53 218 18
53 225 6
53 227 61
53 237 44
53 256 84
53 265 49
53 316 34
53 369 11
53 379 50
53 388 1
53 437 80
53 482 36
53 571 22
53 592 6
54 55 64
54 70 90
54 72 44
54 149 19
54 156 2
54 164 96
54 196 52
54 211 96
54 223 4
54 235 35
54 249 60
54 300 25
54 305 3
54 351 31
54 357 7
54 370 19
54 377 84
54 395 37
54 423 51
54 433 70
54 450 67
54 503 7
54 538 87
54 544 4
54 549 71
55 56 75
55 76 2
55 85 3
55 145 7
55 180 6
55 255 28
55 265 89
55 300 38
55 317 77
55 352 29
55 399 86
55 500 19
55 508 74
55 527 90
55 589 75
55 590 56
56 57 71
56 62 95
56 65 36
56 77 53
56 145 35
56 176 38
56 205 26
56 220 70
56 254 89
56 274 100
56 307 54
56 330 10
56 365 27
56 408 86
56 508 68
56 516 87
56 525 16
56 530 56
56 551 98
56 584 4
56 590 66
57 58 51
57 79 70
57 83 96
57 86 16
57 128 18
57 146 22
57 231 48
57 238 84
57 256 14
57 265 62
57 304 64
57 316 21
57 350 50
57 358 52
57 377 41
57 434 16
57 439 96
57 457 51
57 462 63
57 490 71
57 546 85
57 567 62
57 577 75
57 587 89
58 59 75
58 91 8
58 123 28
58 132 53
58 152 79
58 158 32
58 171 13
58 177 4
58 183 30
58 198 41
58 233 39
58 242 53
58 283 44
58 288 38
58 301 1
58 364 23
58 383 13
58 396 50
58 450 47
58 559 23
58 562 97
58 583 73
58 594 80
58 595 23
59 60 57
59 61 47
59 64 71
59 99 83
59 197 54
59 231 21
59 239 55
59 244 35
59 278 62
59 300 34
59 356 82
59 389 84
59 392 5
59 393 60
59 398 86
59 412 20
59 430 58
59 452 81
59 467 72
59 481 58
59 539 40
59 545 11
60 61 31
60 65 39
60 66 92
60 74 49
60 93 100
60 138 86
60 150 50
60 185 78
60 207 58
60 211 30
60 214 46
60 229 71
60 232 74
60 235 13
60 252 41
60 336 21
60 355 2
60 468 13
60 483 81
60 486 88
60 490 19
60 516 69
60 598 5
61 62 49
61 110 70
61 241 33
61 260 79
61 262 10
61 296 58
61 341 94
61 343 21
61 356 2
61 369 28
61 390 22
61 400 5
61 403 50
61 414 84
61 447 15
61 473 68
61 492 86
61 495 61
61 497 48
61 511 26
61 513 92
61 524 82
61 569 20
61 581 19
62 63 88
62 81 17
62 176 62
62 184 76
62 239 48
62 245 21
62 275 33
62 281 70
62 282 99
62 323 40
62 335 24
62 340 49
62 365 96
62 378 80
62 409 100
62 437 23
62 453 82
62 485 14
62 497 39
62 529 29
62 530 100
62 534 33
62 583 98
63 64 81
63 95 75
63 108 100
63 112 1
63 195 82
63 230 88
63 377 83
63 425 74
63 439 39
63 451 30
63 459 66
63 519 83
63 527 3
63 539 46
63 558 12
63 562 8
64 65 58
64 67 77
64 96 19
64 153 75
64 181 2
64 187 56
64 219 44
64 261 68
64 262 98
64 282 28
64 326 60
64 333 39
64 420 32
64 422 86
64 435 78
64 477 63
64 479 53
64 484 18
64 555 1
64 596 41
65 66 90
65 73 9
65 133 56
65 136 90
65 181 62
65 191 66
65 229 93
65 235 12
65 258 81
65 264 64
65 319 69
65 335 31
65 361 71
65 367 1
65 390 23
65 441 64
65 506 1
65 522 50
65 534 21
65 572 12
66 67 86
66 84 55
66 127 35
66 142 87
66 146 90
66 173 7
66 237 61
66 244 82
66 257 33
66 263 34
66 284 66
66 287 23
66 288 4
66 293 49
66 318 67
66 362 16
66 393 19
66 429 44
66 470 41
66 508 23
66 514 33
66 520 73
66 527 5
66 531 81
66 560 62
66 577 20
66 587 41
67 68 86
67 71 90
67 97 32
67 135 48
67 212 35
67 287 72
67 301 94
67 350 52
67 352 87
67 376 77
67 379 79
67 399 46
67 408 31
67 419 77
67 422 26
67 446 39
67 459 26
67 479 76
67 539 25
67 554 92
68 69 69
68 84 88
68 135 69
68 214 96
68 241 20
68 248 86
68 251 46
68 256 31
68 286 79
68 330 35
68 351 15
68 358 9
68 449 72
68 451 90
68 501 30
68 521 24
68 541 67
69 70 51
69 139 2
69 143 47
69 148 7
69 152 70
69 230 68
69 294 65
69 337 67
69 345 95
69 391 50
69 456 1
69 485 32
69 500 91
69 506 53
69 516 15
69 530 84
69 563 41
70 71 21
70 72 65
70 85 86
70 102 76
70 135 2
70 151 54
70 176 47
70 216 72
70 223 72
70 246 51
70 248 88
70 313 48
70 383 14
70 384 57
70 391 49
70 410 61
70 444 42
70 451 90
70 502 52
70 571 80
70 578 30
71 72 19
71 80 86
71 172 55
71 173 70
71 189 21
71 255 86
71 263 80
71 300 21
71 357 46
71 376 15
71 379 23
71 395 48
71 399 66
71 432 57
71 532 22
71 545 20
72 73 30
72 119 49
72 124 10
72 145 71
72 171 16
72 180 31
72 183 18
72 243 56
72 246 71
72 257 79
72 258 14
72 346 22
72 381 91
72 433 50
72 472 18
72 474 96
72 491 18
72 506 49
72 508 33
72 532 73
72 542 89
72 549 63
72 554 62
72 567 59
73 74 86
73 89 76
73 96 25
73 142 54
73 162 64
73 164 93
73 177 95
73 186 54
73 212 10
73 217 39
73 268 60
73 299 3
73 321 4
73 379 51
73 388 59
73 426 54
73 429 16
73 441 83
73 492 8
73 516 74
73 546 22
73 548 89
73 550 73
73 560 22
73 567 65
73 589 62
73 592 74
73 595 51
74 75 13
74 84 6
74 120 66
74 142 83
74 172 39
74 202 9
74 287 23
74 292 30
74 327 58
74 347 98
74 349 5
74 423 22
74 436 72
74 442 88
74 487 16
74 489 39
74 491 2
74 502 25
74 505 53
74 543 69
74 553 38
75 76 22
75 78 47
75 79 11
75 81 84
75 100 61
75 128 75
75 219 69
75 247 47
75 281 85
75 334 20
75 335 59
75 371 34
75 387 74
75 390 91
75 402 11
75 433 33
75 437 57
75 497 54
75 518 68
75 542 13
75 552 39
75 563 75
75 580 2
75 592 34
75 599 1
76 77 82
76 82 46
76 155 39
76 159 71
76 182 41
76 222 23
76 231 100
76 260 56
76 316 80
76 321 14
76 340 37
76 354 75
76 365 37
76 369 25
76 395 52
76 404 40
76 415 31
76 465 25
76 471 18
76 487 29
76 560 3
76 588 11
76 598 59
77 78 96
77 82 86
77 92 97
77 106 36
77 280 75
77 311 89
77 385 89
77 420 53
77 466 26
77 493 95
77 550 63
77 599 88
78 79 54
78 86 14
78 127 96
78 162 4
78 164 92
78 187 46
78 222 87
78 251 91
78 272 68
78 275 57
78 281 28
78 286 29
78 296 51
78 341 95
78 386 48
78 402 30
78 428 29
78 440 81
78 449 3
78 597 22
79 80 58
79 114 4
79 122 50
79 124 18
79 136 51
79 151 91
79 225 83
79 283 50
79 299 67
79 300 56
79 435 48
79 447 85
79 458 79
79 496 13
79 520 94
79 533 8
79 535 47
79 539 20
79 551 40
80 81 74
80 94 19
80 118 51
80 145 34
80 161 94
80 173 78
80 196 25
80 207 73
80 253 90
80 262 3
80 265 42
80 333 21
80 386 22
80 417 61
80 455 17
80 476 61
81 82 37
81 108 7
81 138 46
81 141 77
81 212 4
81 224 3
81 368 9
81 379 7
81 380 50
81 395 2
81 417 28
81 441 60
81 455 44
81 486 64
81 489 47
81 509 36
81 530 37
81 555 28
81 596 91
82 83 65
82 94 81
82 102 84
82 139 43
82 157 69
82 188 57
82 213 66
82 220 8
82 296 71
82 312 52
82 350 69
82 359 24
82 364 83
82 395 12
82 506 13
82 534 45
82 584 3
83 84 51
83 110 53
83 128 64
83 146 26
83 150 75
83 171 62
83 201 13
83 204 15
83 226 90
83 227 44
83 265 61
83 359 58
83 389 88
83 440 27
83 451 11
83 453 66
83 460 68
83 461 23
83 468 11
83 499 14
83 564 45
83 599 47
84 85 89
84 95 77
84 134 74
84 157 95
84 163 17
84 216 5
84 218 8
84 245 16
84 254 19
84 264 6
84 278 72
84 283 30
84 284 42
84 358 100
84 399 78
84 415 55
84 432 18
84 457 54
84 507 79
84 512 66
84 513 80
84 545 11
84 550 52
84 561 2
85 86 50
85 123 50
85 131 20
85 141 46
85 145 11
85 231 24
85 260 11
85 316 76
85 334 94
85 376 11
85 390 32
85 404 23
85 442 90
85 453 32
85 455 76
85 498 34
85 503 39
85 555 20
85 594 65
86 87 77
86 141 28
86 152 10
86 164 13
86 170 36
86 190 72
86 232 63
86 325 47
86 331 18
86 360 49
86 397 12
86 422 56
86 427 89
86 430 60
86 461 25
86 500 66
86 531 95
86 553 84
86 556 94
86 572 47
86 588 79
87 88 89
87 135 43
87 167 63
87 180 83
87 184 99
87 260 37
87 265 69
87 275 53
87 285 35
87 367 71
87 417 79
87 511 87
87 556 32
87 577 84
88 89 13
88 109 56
88 116 24
88 125 60
88 187 78
88 248 16
88 293 72
88 297 1
88 332 5
88 375 37
88 394 28
88 397 3
88 400 3
88 419 24
88 441 74
88 479 47
88 493 91
88 512 8
88 532 81
88 546 69
88 548 71
88 583 74
89 90 8
89 95 60
89 97 52
89 110 59
89 114 55
89 139 97
89 148 70
89 172 74
89 207 37
89 239 97
89 248 99
89 289 90
89 321 52
89 323 62
89 335 96
89 355 12
89 426 75
89 449 25
89 488 1
89 522 83
89 533 17
89 552 72
89 578 48
89 586 23
90 91 77
90 115 93
90 148 33
90 157 6
90 165 76
90 191 87
90 238 65
90 246 36
90 298 45
90 315 83
90 335 80
90 369 22
90 376 70
90 383 75
90 450 8
90 457 89
90 476 7
90 518 36
90 524 85
91 92 92
91 94 89
91 102 44
91 127 56
91 133 9
91 140 4
91 145 8
91 150 70
91 164 67
91 298 41
91 319 62
91 405 89
91 410 11
91 444 61
91 457 57
91 495 71
91 525 94
91 534 53
91 539 96
91 557 16
91 559 67
91 597 19
92 93 77
92 121 44
92 135 19
92 139 54
92 151 34
92 183 69
92 192 64
92 256 34
92 262 61
92 280 3
92 287 100
92 300 93
92 395 99
92 416 54
92 443 53
92 465 3
92 544 88
92 585 85
92 595 57
93 94 51
93 102 22
93 129 51
93 160 85
93 178 63
93 189 19
93 202 84
93 239 96
93 252 52
93 269 94
93 318 14
93 364 9
93 375 61
93 396 22
93 409 87
93 438 6
93 481 91
93 483 29
93 492 56
93 514 55
93 570 25
94 95 53
94 114 53
94 124 96
94 152 44
94 229 26
94 259 10
94 385 48
94 404 23
94 412 90
94 424 69
94 441 95
94 468 11
94 478 59
94 491 84
94 505 84
94 526 21
94 546 36
94 565 82
94 570 98
94 584 73
95 96 96
95 114 70
95 127 77
95 135 69
95 138 54
95 139 91
95 186 95
95 196 16
95 210 19
95 215 96
95 225 34
95 239 86
95 276 24
95 342 38
95 345 38
95 369 55
95 396 15
95 418 77
95 528 41
96 97 96
96 98 89
96 110 2
96 112 65
96 142 76
96 156 49
96 178 59
96 180 47
96 222 4
96 245 32
96 306 20
96 391 42
96 407 28
96 498 9
96 585 98
97 98 92
97 101 81
97 162 31
97 176 22
97 211 10
97 215 88
97 217 14
97 220 12
97 236 90
97 292 14
97 300 29
97 342 88
97 400 60
97 424 35
97 430 9
97 471 44
97 492 7
97 520 92
97 527 68
97 528 3
97 541 7
97 544 75
98 99 76
98 101 31
98 110 100
98 141 100
98 167 23
98 220 12
98 226 9
98 258 63
98 280 99
98 291 66
98 301 19
98 372 51
98 374 45
98 392 52
98 396 53
98 404 54
98 411 42
98 449 33
98 462 80
98 500 1
98 509 14
98 516 55
98 526 65
98 547 74
98 549 66
98 552 98
98 584 57
99 100 33
99 120 60
99 130 88
99 166 54
99 187 76
99 206 53
99 212 50
99 214 46
99 238 50
99 319 63
99 328 3
99 382 88
99 409 64
99 530 5
99 535 40
99 544 36
99 591 76
100 101 81
100 122 74
100 123 36
100 134 31
100 144 51
100 227 80
100 231 60
100 234 86
100 254 18
100 276 43
100 294 79
100 306 27
100 315 24
100 352 86
100 373 32
100 376 49
100 436 10
100 439 37
100 447 21
100 491 31
100 556 63
101 102 92
101 136 89
101 209 54
101 281 53
101 292 92
101 345 57
101 347 17
101 353 17
101 370 24
101 385 44
101 470 72
101 474 7
101 486 74
101 491 20
101 506 13
101 535 76
101 555 17
102 103 84
102 156 40
102 272 27
102 288 83
102 314 47
102 344 64
102 411 77
102 459 24
102 462 61
102 515 45
102 576 98
102 595 18
103 104 36
103 172 95
103 187 32
103 227 25
103 285 30
103 319 43
103 348 14
103 364 62
103 445 53
103 459 71
103 500 56
103 545 42
103 567 100
103 576 30
104 105 81
104 110 23
104 167 35
104 177 69
104 183 71
104 194 82
104 208 41
104 256 65
104 273 5
104 303 11
104 328 5
104 424 45
104 426 24
104 433 44
104 512 66
104 545 24
104 581 53
105 106 46
105 140 26
105 180 22
105 209 29
105 255 92
105 289 4
105 298 67
105 320 10
105 330 7
105 333 1
105 335 36
105 363 54
105 411 96
105 520 68
105 537 15
105 539 67
105 565 18
106 107 55
106 156 100
106 210 71
106 239 74
106 310 61
106 319 65
106 340 85
106 355 37
106 364 29
106 470 98
106 508 15
106 522 16
106 578 43
107 108 87
107 218 3
107 227 63
107 248 20
107 269 36
107 271 74
107 305 72
107 324 44
107 339 94
107 351 11
107 354 54
107 356 75
107 369 68
107 499 87
107 516 85
108 109 68
108 111 12
108 136 81
108 143 94
108 186 28
108 198 19
108 284 78
108 302 3
108 318 66
108 326 72
108 359 39
108 373 47
108 377 60
108 433 22
108 436 35
108 437 10
108 467 11
108 476 32
108 507 37
108 527 13
108 538 69
108 549 42
108 563 20
109 110 30
109 116 83
109 143 61
109 148 14
109 154 32
109 160 56
109 224 80
109 225 80
109 239 44
109 264 69
109 312 1
109 321 71
109 330 17
109 352 81
109 383 80
109 434 22
109 575 32
109 581 19
109 583 62
109 585 36
110 111 71
110 112 2
110 126 56
110 178 2
110 198 67
110 216 14
110 231 2
110 250 97
110 303 14
110 341 82
110 367 89
110 416 5
110 490 99
110 575 55
111 112 5
111 160 18
111 164 53
111 201 33
111 211 73
111 282 50
111 294 46
111 299 94
111 334 43
111 349 18
111 393 79
111 401 18
111 409 86
111 444 95
111 446 32
111 497 52
111 540 98
111 545 21
111 565 4
112 113 19
112 148 86
112 186 48
112 198 31
112 273 41
112 280 48
112 306 10
112 447 85
112 449 93
112 488 33
112 502 64
112 549 86
112 581 9
112 589 29
113 114 7
113 144 71
113 203 44
113 225 98
113 228 63
113 235 12
113 272 91
113 333 81
113 393 43
113 468 25
113 474 16
113 488 79
113 489 86
113 499 68
113 532 91
113 543 78
113 555 93
113 565 69
113 593 64
113 599 58
114 115 9
114 128 63
114 158 31
114 163 37
114 165 69
114 177 64
114 228 32
114 285 50
114 286 83
114 289 8
114 295 75
114 299 22
114 310 87
114 321 96
114 330 57
114 351 49
114 377 60
114 383 87
114 391 59
114 400 22
114 439 19
114 441 64
114 447 46
114 453 46
114 462 43
114 473 28
114 485 70
114 488 64
114 584 93
114 591 12
115 116 74
115 134 82
115 147 12
115 170 71
115 195 64
115 204 80
115 221 76
115 227 18
115 251 79
115 254 76
115 255 3
115 260 41
115 330 83
115 359 91
115 381 47
115 401 9
115 408 68
115 411 92
115 426 56
115 432 11
115 483 43
115 503 5
115 546 11
115 573 12
116 117 53
116 172 91
116 178 58
116 248 68
116 263 36
116 305 15
116 322 34
116 323 59
116 324 58
116 333 91
116 335 6
116 347 87
116 348 75
116 369 27
116 385 58
116 416 56
116 433 67
116 469 56
116 471 35
116 477 27
116 487 20
116 493 40
116 522 68
116 534 41
117 118 50
117 135 49
117 147 60
117 179 33
117 233 100
117 340 76
117 403 53
117 540 12
117 562 26
117 582 2
118 119 11
118 133 44
118 147 63
118 185 79
118 241 64
118 307 81
118 335 23
118 379 38
118 406 32
118 424 11
118 435 58
118 436 40
118 439 92
118 463 73
118 488 69
118 531 69
118 545 88
118 555 89
118 573 6
119 120 38
119 172 48
119 181 96
119 194 89
119 218 59
119 227 88
119 335 45
119 349 61
119 351 27
119 405 3
119 469 63
119 515 87
119 521 54
119 560 15
119 567 79
119 591 22
119 595 46
120 121 4
120 133 80
120 134 98
120 170 38
120 192 61
120 209 40
120 224 88
120 231 74
120 240 48
120 251 94
120 289 13
120 311 49
120 351 39
120 364 32
120 387 94
120 426 77
120 506 67
120 512 87
120 533 65
120 558 97
120 571 65
120 589 32
121 122 19
121 130 62
121 152 68
121 158 21
121 179 78
121 194 30
121 202 35
121 230 18
121 257 80
121 295 82
121 343 26
121 362 93
121 425 30
121 434 12
121 465 23
121 483 59
121 556 77
121 558 1
121 569 45
121 570 37
121 572 64
122 123 92
122 131 3
122 159 88
122 185 88
122 204 30
122 221 29
122 256 44
122 302 29
122 324 1
122 422 31
122 423 36
122 434 63
122 482 43
122 522 46
122 540 9
123 124 70
123 162 65
123 165 98
123 192 45
123 317 2
123 328 62
123 332 35
123 344 72
123 376 21
123 431 99
123 449 23
123 468 53
123 485 11
123 494 86
123 521 38
123 532 23
123 542 75
123 596 55
124 125 63
124 159 85
124 183 25
124 202 13
124 235 81
124 253 69
124 284 29
124 311 64
124 404 21
124 410 53
124 415 29
124 446 31
124 482 50
124 484 72
124 495 22
124 574 51
124 583 31
124 597 98
125 126 95
125 130 79
125 161 1
125 169 31
125 259 7
125 260 5
125 306 55
125 330 94
125 331 65
125 416 10
125 428 55
125 434 4
125 509 62
125 524 39
125 571 95
126 127 96
126 137 91
126 152 66
126 162 53
126 197 97
126 260 38
126 261 9
126 367 75
126 385 7
126 391 66
126 440 21
126 467 74
126 481 80
126 483 94
126 554 11
126 576 45
127 128 60
127 156 45
127 164 67
127 173 78
127 202 54
127 209 35
127 268 76
127 305 74
127 310 59
127 316 3
127 334 49
127 339 45
127 344 83
127 361 35
127 386 71
127 392 89
127 403 78
127 419 93
127 468 41
127 481 61
127 483 88
127 503 9
127 510 81
127 521 47
127 588 68
128 129 53
128 135 62
128 160 6
128 163 19
128 196 74
128 213 97
128 239 63
128 242 90
128 270 40
128 328 26
128 356 67
128 397 30
128 417 100
128 418 9
128 431 19
128 434 83
128 439 32
128 442 74
128 515 27
128 533 30
128 547 71
129 130 34
129 178 39
129 192 7
129 202 19
129 230 43
129 231 12
129 265 81
129 289 6
129 294 80
129 322 56
129 334 70
129 358 11
129 397 7
129 436 85
129 455 2
129 462 17
129 478 38
129 539 9
129 540 36
130 131 24
130 136 31
130 175 84
130 188 87
130 208 99
130 213 69
130 221 93
130 282 92
130 290 94
130 301 19
130 311 12
130 318 32
130 322 53
130 338 58
130 349 23
130 359 60
130 370 13
130 393 4
130 413 20
130 475 83
130 482 7
130 529 95
130 544 20
130 582 75
130 584 57
131 132 59
131 161 2
131 189 80
131 264 4
131 268 47
131 273 32
131 289 37
131 304 2
131 320 92
131 333 4
131 352 20
131 358 71
131 414 70
131 466 17
131 469 51
131 498 95
131 503 76
131 510 9
131 548 87
131 549 72
131 574 25
131 590 27
132 133 63
132 158 28
132 175 79
132 241 100
132 318 5
132 384 77
132 397 100
132 412 39
132 418 73
132 441 60
132 446 68
132 472 70
132 477 42
132 560 5
132 576 87
133 134 42
133 169 5
133 183 61
133 185 14
133 193 79
133 198 86
133 237 98
133 249 46
133 254 98
133 259 93
133 268 32
133 332 21
133 359 83
133 419 84
133 457 27
133 514 7
133 536 52
134 135 45
134 167 1
134 210 55
134 218 37
134 225 55
134 256 45
134 272 33
134 307 4
134 317 98
134 337 69
134 358 80
134 420 9
134 427 9
134 467 40
134 490 48
135 136 68
135 177 56
135 242 86
135 246 47
135 267 44
135 270 56
135 305 64
135 319 60
135 326 67
135 329 95
135 366 62
135 372 97
135 413 60
135 459 81
135 509 55
135 568 86
135 588 23
135 590 76
135 599 40
136 137 20
136 142 86
136 165 15
136 182 26
136 215 51
136 255 100
136 260 66
136 332 57
136 341 79
136 353 61
136 377 10
136 437 97
136 438 14
136 475 32
136 503 16
136 537 71
136 571 45
136 597 66
137 138 61
137 146 72
137 219 2
137 244 64
137 274 66
137 317 84
137 332 58
137 386 92
137 388 13
137 430 57
137 431 82
137 443 72
137 467 26
137 502 87
137 508 55
138 139 53
138 154 42
138 167 39
138 174 27
138 179 69
138 181 67
138 198 4
138 214 82
138 249 5
138 262 78
138 285 46
138 289 3
138 316 25
138 322 37
138 324 7
138 334 4
138 360 8
138 361 53
138 566 16
139 140 61
139 225 79
139 227 80
139 254 71
139 337 28
139 360 81
139 388 45
139 437 68
139 472 58
139 568 79
139 578 59
139 589 99
139 598 93
140 141 27
140 151 5
140 169 30
140 202 48
140 218 84
140 280 26
140 300 74
140 355 73
140 358 72
140 366 59
140 370 93
140 436 5
140 474 96
140 475 88
140 502 36
140 551 42
140 557 73
141 142 86
141 180 9
141 183 31
141 260 77
141 262 64
141 291 16
141 303 71
141 322 53
141 326 31
141 350 41
141 373 82
141 396 85
141 422 70
141 425 58
141 427 93
141 459 80
141 460 31
141 467 90
141 499 58
141 519 97
141 539 63
141 541 6
141 544 78
141 552 80
141 553 20
141 593 32
141 597 81
142 143 15
142 159 47
142 199 83
142 202 21
142 207 88
142 216 91
142 219 97
142 227 5
142 240 86
142 246 45
142 273 7
142 276 51
142 328 45
142 347 35
142 349 70
142 360 44
142 387 46
142 389 72
142 451 81
142 463 57
142 476 78
142 597 90
142 598 62
143 144 51
143 196 55
143 253 97
143 274 24
143 294 39
143 315 28
143 317 68
143 318 64
143 364 65
143 411 10
143 449 53
143 455 94
143 479 30
143 490 21
143 547 33
143 592 53
144 145 31
144 147 47
144 150 29
144 177 77
144 197 49
144 251 96
144 277 40
144 295 69
144 305 15
144 343 16
144 362 39
144 434 29
144 469 80
144 513 65
144 522 6
144 550 69
144 564 95
145 146 38
145 164 89
145 173 52
145 205 8
145 280 64
145 319 89
145 337 96
145 346 75
145 366 20
145 420 79
145 443 1
145 486 14
145 497 46
145 507 73
145 524 78
146 147 19
146 253 35
146 254 2
146 261 56
146 290 61
146 320 57
146 328 36
146 337 68
146 338 97
146 344 12
146 365 1
146 429 78
146 431 82
146 477 17
146 508 68
146 570 23
147 148 27
147 151 80
147 164 36
147 256 43
147 258 41
147 330 52
147 390 17
147 394 9
147 433 13
147 442 50
147 464 34
147 475 40
147 501 34
147 520 9
147 574 93
147 578 60
147 590 11
147 597 1
148 149 82
148 175 98
148 270 60
148 322 100
148 331 83
148 405 63
148 413 73
148 438 52
148 445 31
148 450 70
148 454 80
148 495 12
149 150 31
149 170 55
149 178 66
149 179 18
149 198 90
149 206 37
149 272 68
149 298 84
149 334 56
149 379 57
149 416 67
149 439 92
149 445 21
149 453 28
149 457 28
149 501 96
149 523 69
149 526 47
149 527 86
149 572 57
149 590 37
149 597 43
149 598 11
150 151 99
150 167 42
150 238 66
150 239 10
150 250 7
150 263 69
150 334 61
150 341 85
150 351 64
150 366 25
150 399 7
150 408 97
150 417 66
150 438 93
150 460 86
150 461 60
150 463 39
150 521 26
150 527 28
150 537 5
150 552 72
150 579 99
150 589 57
150 594 34
151 152 1
151 165 56
151 206 22
151 238 86
151 272 72
151 340 94
151 357 90
151 404 13
151 409 4
151 432 22
151 471 85
151 498 96
151 514 28
151 557 9
151 560 61
151 581 45
151 589 91
152 153 30
152 174 27
152 178 33
152 210 62
152 215 93
152 230 27
152 240 56
152 257 30
152 292 8
152 307 39
152 316 35
152 351 73
152 357 45
152 377 38
152 443 93
152 491 34
152 529 68
152 542 18
152 551 99
152 571 52
152 582 64
153 154 6
153 164 46
153 209 11
153 317 85
153 322 29
153 356 69
153 390 24
153 420 14
153 424 68
153 499 15
153 510 97
154 155 22
154 174 6
154 180 28
154 201 17
154 216 57
154 264 55
154 315 48
154 342 47
154 391 76
154 399 59
154 415 16
154 449 45
154 469 22
154 488 33
154 502 51
154 510 69
154 526 35
155 156 53
155 161 67
155 183 94
155 205 96
155 213 32
155 315 59
155 320 96
155 324 82
155 416 73
155 438 21
155 440 61
155 480 94
155 487 89
155 498 33
155 501 88
155 519 29
155 546 30
155 555 38
155 582 85
156 157 11
156 163 60
156 178 98
156 179 29
156 207 51
156 212 66
156 218 81
156 228 56
156 260 89
156 298 97
156 302 28
156 358 15
156 364 78
156 391 20
156 446 87
156 455 91
156 459 55
156 460 59
156 481 50
157 158 54
157 162 76
157 165 25
157 189 25
157 196 15
157 284 17
157 304 9
157 366 20
157 368 90
157 372 80
157 373 95
157 425 52
157 454 85
157 531 95
157 576 30
157 580 29
157 596 8
158 159 60
158 182 42
158 197 44
158 199 41
158 244 39
158 293 99
158 312 36
158 335 49
158 368 39
158 392 9
158 446 6
158 464 50
158 516 49
158 545 9
158 565 84
158 574 86
159 160 75
159 172 22
159 244 86
159 303 15
159 315 88
159 348 9
159 401 38
159 405 52
159 447 45
159 470 95
159 530 90
159 559 87
159 570 51
159 580 22
160 161 5
160 174 64
160 209 45
160 213 80
160 216 66
160 253 84
160 260 8
160 289 20
160 300 83
160 311 80
160 340 90
160 386 21
160 389 90
160 425 46
160 437 83
160 455 52
160 472 65
160 488 62
160 550 5
160 578 3
160 581 19
161 162 7
161 176 16
161 211 37
161 236 15
161 284 25
161 315 75
161 332 87
161 397 32
161 416 6
161 419 64
161 425 82
161 433 9
161 435 60
161 474 78
161 558 53
162 163 8
162 200 48
162 221 64
162 226 96
162 232 63
162 354 100
162 451 89
162 453 6
162 476 1
162 479 64
162 489 55
162 531 3
162 540 3
162 560 64
162 565 14
162 566 46
162 571 19
162 581 90
162 596 26
163 164 41
163 172 35
163 185 68
163 190 12
163 203 79
163 211 17
163 221 50
163 268 26
163 277 51
163 292 3
163 310 69
163 364 36
163 412 6
163 434 79
163 455 42
163 500 71
163 508 3
163 521 100
163 528 65
163 529 55
163 535 16
163 596 99
164 165 45
164 173 87
164 256 2
164 265 94
164 269 73
164 284 7
164 304 26
164 312 68
164 323 36
164 331 89
164 351 65
164 377 29
164 403 1
164 427 66
164 518 43
164 597 24
165 166 80
165 177 16
165 183 98
165 196 8
165 211 69
165 229 98
165 240 44
165 247 77
165 283 95
165 302 6
165 357 41
165 475 8
165 491 71
165 508 47
165 514 5
165 578 5
165 580 58
165 592 17
166 167 41
166 196 6
166 203 67
166 206 25
166 232 17
166 281 62
166 301 82
166 338 92
166 435 95
166 455 44
166 489 48
166 523 63
166 561 12
167 168 76
167 192 87
167 219 17
167 246 64
167 248 79
167 296 34
167 332 55
167 358 95
167 376 91
167 394 79
167 411 66
167 433 88
167 488 11
167 542 76
167 565 56
167 575 98
167 590 6
168 169 42
168 202 79
168 205 89
168 207 90
168 211 52
168 213 92
168 257 15
168 271 14
168 311 22
168 323 87
168 372 39
168 382 49
168 394 15
168 436 20
168 461 45
168 465 18
168 481 76
168 507 7
168 516 57
168 569 63
168 592 12
169 170 44
169 173 16
169 252 67
169 258 46
169 309 74
169 406 24
169 446 70
169 491 36
169 566 55
170 171 12
170 176 4
170 182 63
170 238 47
170 284 59
170 285 42
170 349 63
170 382 13
170 401 41
170 474 19
170 513 96
170 516 19
170 536 24
170 595 62
171 172 56
171 192 41
171 194 41
171 228 22
171 238 41
171 240 61
171 287 10
171 338 26
171 429 86
171 440 67
171 523 92
171 541 22
171 544 80
172 173 62
172 182 75
172 249 32
172 265 53
172 268 40
172 345 38
172 368 45
172 370 75
172 398 19
172 411 13
172 425 68
172 450 6
172 518 52
172 533 70
172 589 53
172 593 88
172 594 72
173 174 66
173 258 68
173 323 46
173 354 57
173 358 36
173 385 3
173 415 69
173 417 56
173 441 76
173 452 22
173 454 8
173 461 89
173 500 53
173 510 88
173 523 13
173 537 46
173 559 40
173 563 26
174 175 73
174 189 33
174 200 57
174 204 72
174 247 92
174 277 74
174 284 100
174 292 83
174 313 87
174 344 75
174 353 60
174 471 32
174 485 65
174 512 5
174 525 79
174 555 4
174 561 73
174 589 6
175 176 21
175 215 38
175 240 21
175 267 71
175 302 64
175 389 5
175 415 29
175 502 90
175 520 83
175 545 16
175 572 94
176 177 94
176 193 46
176 235 98
176 263 84
176 266 22
176 304 9
176 334 16
176 380 11
176 387 20
176 394 58
176 420 97
176 433 85
176 491 28
176 503 18
176 568 49
176 588 12
177 178 35
177 201 93
177 241 4
177 270 79
177 294 80
177 305 64
177 382 83
177 386 92
177 419 81
177 487 65
177 495 54
177 531 54
177 546 28
177 571 33
177 583 70
178 179 10
178 238 70
178 254 29
178 272 69
178 293 4
178 314 10
178 368 81
178 402 49
178 409 42
178 435 91
178 479 1
178 480 4
178 498 83
178 513 84
178 571 58
178 577 99
179 180 100
179 253 44
179 261 40
179 316 6
179 373 95
179 375 50
179 378 10
179 505 15
179 526 56
179 597 71
180 181 28
180 203 68
180 227 49
180 236 57
180 370 82
180 371 53
180 392 26
180 401 8
180 409 8
180 448 2
180 492 93
180 502 61
180 508 71
180 598 17
181 182 45
181 205 12
181 222 71
181 270 12
181 382 91
181 397 86
181 398 85
181 400 33
181 403 15
181 459 34
181 475 41
181 483 56
181 517 84
181 522 62
182 183 68
182 255 9
182 304 68
182 339 67
182 347 100
182 362 32
182 397 93
182 424 47
182 459 40
182 476 51
182 528 63
182 554 38
182 571 18
183 184 19
183 200 83
183 249 80
183 271 34
183 300 49
183 303 68
183 309 11
183 332 13
183 339 19
183 349 2
183 500 87
183 520 31
183 583 27
184 185 16
184 212 61
184 244 92
184 252 12
184 275 15
184 278 64
184 285 99
184 298 24
184 363 63
184 371 32
184 420 56
184 424 16
184 454 59
184 459 12
184 465 12
184 470 19
184 520 26
184 561 24
184 562 18
184 566 99
184 568 29
185 186 80
185 187 64
185 250 32
185 288 95
185 317 33
185 340 29
185 351 71
185 362 69
185 385 73
185 409 76
185 444 77
185 506 41
185 525 73
185 526 45
185 578 81
185 594 23
186 187 96
186 210 54
186 250 78
186 281 26
186 295 100
186 309 11
186 319 22
186 377 35
186 386 10
186 402 34
186 457 90
186 485 27
186 562 68
186 572 70
186 581 24
186 594 25
187 188 13
187 193 61
187 225 43
187 280 12
187 381 92
187 396 44
187 417 91
187 460 95
187 497 15
187 521 38
187 559 61
188 189 43
188 206 41
188 210 27
188 320 50
188 375 5
188 380 53
188 384 1
188 402 84
188 423 18
188 458 85
188 470 53
188 475 79
188 528 36
188 534 52
188 563 87
188 568 86
188 570 10
188 573 42
188 578 67
189 190 3
189 202 64
189 208 98
189 209 48
189 262 83
189 267 44
189 275 79
189 286 89
189 351 88
189 366 80
189 425 72
189 441 82
189 443 39
189 451 52
189 469 11
189 470 58
189 530 69
189 532 55
189 558 64
189 564 15
189 565 62
190 191 68
190 206 89
190 228 62
190 272 49
190 343 74
190 429 19
190 430 26
190 492 50
190 499 9
190 563 20
191 192 4
191 198 62
191 231 9
191 259 23
191 275 31
191 307 93
191 344 88
191 364 86
191 397 71
191 438 36
191 518 57
191 549 27
191 571 1
191 581 99
191 591 17
192 193 28
192 211 69
192 226 96
192 229 88
192 259 1
192 262 84
192 342 36
192 378 63
192 381 57
192 389 60
192 419 57
192 458 32
192 467 96
192 505 53
192 534 50
192 559 88
193 194 59
193 218 21
193 244 52
193 268 28
193 316 94
193 331 40
193 342 89
193 370 89
193 485 45
193 487 19
193 488 12
193 501 57
193 520 25
193 529 39
193 573 35
193 595 42
194 195 17
194 271 59
194 289 90
194 379 48
194 420 61
194 424 85
194 427 83
194 431 68
194 439 71
194 540 17
195 196 60
195 197 100
195 254 27
195 272 9
195 295 98
195 296 85
195 310 29
195 330 58
195 362 86
195 374 66
195 416 94
195 417 73
195 421 35
195 429 2
195 438 99
195 471 8
195 521 62
195 538 10
195 580 91
196 197 18
196 227 86
196 233 78
196 248 45
196 251 94
196 263 81
196 275 73
196 298 86
196 346 73
196 372 21
196 380 18
196 445 100
196 448 4
196 473 66
196 483 86
196 495 60
196 534 45
196 587 73
196 598 26
197 198 81
197 248 30
197 251 55
197 259 34
197 264 21
197 271 76
197 281 80
197 293 4
197 344 86
197 358 71
197 415 37
197 429 33
197 512 49
197 547 86
197 563 69
198 199 34
198 213 65
198 240 37
198 275 92
198 290 83
198 358 10
198 381 10
198 428 33
198 473 31
198 500 6
198 530 17
198 551 35
198 555 70
199 200 35
199 220 34
199 286 99
199 302 34
199 305 84
199 306 96
199 312 60
199 313 52
199 320 36
199 334 60
199 386 58
199 421 58
199 442 13
199 471 87
199 500 88
199 516 38
200 201 7
200 228 57
200 257 75
200 308 6
200 319 97
200 323 14
200 344 63
200 349 88
200 406 46
200 416 55
200 423 99
200 424 49
200 444 45
200 445 100
200 461 3
200 463 41
200 464 72
200 476 39
200 501 36
200 531 76
200 567 60
200 595 68
201 202 7
201 209 7
201 237 65
201 258 47
201 299 85
201 329 9
201 404 63
201 416 33
201 424 39
201 453 16
201 522 51
201 535 89
201 538 92
201 558 67
202 203 21
202 235 7
202 238 7
202 319 96
202 335 74
202 337 36
202 339 9
202 373 68
202 392 99
202 416 52
202 422 69
202 449 79
202 494 36
202 498 34
202 507 95
202 526 44
202 537 27
202 554 47
202 557 26
202 578 13
202 583 18
203 204 14
203 221 19
203 225 67
203 283 56
203 305 43
203 332 92
203 350 100
203 357 18
203 369 57
203 396 14
203 412 38
203 437 16
203 449 43
203 520 35
203 586 50
204 205 82
204 218 6
204 231 90
204 274 38
204 323 77
204 345 16
204 397 12
204 462 95
204 480 100
204 493 42
204 535 68
204 540 84
204 586 35
205 206 26
205 225 56
205 301 21
205 343 2
205 378 87
205 406 62
205 458 77
205 460 78
205 511 39
206 207 32
206 208 17
206 213 31
206 285 13
206 286 86
206 291 58
206 305 31
206 331 66
206 332 67
206 342 83
206 467 52
206 471 63
206 473 96
206 488 94
206 541 89
206 545 100
206 572 7
207 208 26
207 245 74
207 267 48
207 297 37
207 330 87
207 347 97
207 372 93
207 397 56
207 405 71
207 476 58
207 478 33
207 491 95
207 587 60
207 588 77
207 595 86
208 209 6
208 225 74
208 256 52
208 294 12
208 300 93
208 313 24
208 323 71
208 324 65
208 345 44
208 348 35
208 380 31
208 469 43
208 512 21
208 539 78
209 210 7
209 213 29
209 272 75
209 276 20
209 297 77
209 376 91
209 400 69
209 471 27
209 512 36
209 519 32
209 533 41
210 211 64
210 239 29
210 267 21
210 298 45
210 337 91
210 340 30
210 367 68
210 378 5
210 409 100
210 431 93
210 510 52
210 520 14
210 534 19
210 544 3
210 576 30
211 212 83
211 274 86
211 293 27
211 296 42
211 304 25
211 309 8
211 315 99
211 325 46
211 356 83
211 393 53
211 401 95
211 406 31
211 436 31
211 437 80
211 453 61
211 461 15
212 213 31
212 233 41
212 237 57
212 242 76
212 301 10
212 384 2
212 401 32
212 434 12
212 443 30
212 469 13
212 525 17
212 557 11
212 591 63
212 595 48
213 214 70
213 262 81
213 392 89
213 398 27
213 457 39
213 458 54
213 460 57
213 494 31
213 503 47
213 526 73
213 572 51
213 590 81
214 215 53
214 219 5
214 226 48
214 270 17
214 276 34
214 333 1
214 334 67
214 388 60
214 423 80
214 438 9
214 449 96
214 479 42
214 481 36
214 491 43
214 510 4
214 534 43
214 571 63
214 590 85
215 216 92
215 276 73
215 293 24
215 295 10
215 303 43
215 327 68
215 328 49
215 336 56
215 338 34
215 341 34
215 418 24
215 470 94
215 472 45
215 508 54
215 513 14
215 517 84
215 535 14
215 548 81
215 579 38
215 581 50
216 217 78
216 228 75
216 256 18
216 342 13
216 390 95
216 413 88
216 515 9
216 517 97
216 521 78
216 540 49
216 596 3
217 218 32
217 279 20
217 297 26
217 314 37
217 382 68
217 390 85
217 432 50
217 444 47
217 467 53
217 490 56
217 501 31
217 508 26
217 531 41
217 572 81
217 596 79
218 219 46
218 229 26
218 250 79
218 269 88
218 305 58
218 309 26
218 358 18
218 366 21
218 410 10
218 431 71
218 437 8
218 462 79
218 484 31
218 496 5
218 508 66
218 551 20
218 554 51
219 220 59
219 256 37
219 281 9
219 286 79
219 301 6
219 398 53
219 479 95
219 501 19
219 503 40
219 522 21
219 544 83
219 547 47
219 592 72
220 221 33
220 227 47
220 236 42
220 254 60
220 279 66
220 285 81
220 291 36
220 303 44
220 334 29
220 409 38
220 427 17
220 455 17
220 462 94
220 551 9
220 569 70
221 222 42
221 307 96
221 326 72
221 347 79
221 349 87
221 354 69
221 435 22
221 452 4
221 500 47
221 548 12
221 572 61
221 576 62
221 585 75
222 223 57
222 235 12
222 248 65
222 277 51
222 300 68
222 376 84
222 384 65
222 396 14
222 408 21
222 419 70
222 467 75
222 474 36
222 507 72
222 514 65
222 540 50
222 565 74
222 571 43
222 576 37
222 587 15
222 595 95
223 224 5
223 233 92
223 241 84
223 261 40
223 263 60
223 266 72
223 327 54
223 351 63
223 389 84
223 481 13
223 495 84
223 503 33
223 504 59
223 548 100
223 575 8
223 592 13
223 596 20
224 225 9
224 238 82
224 270 67
224 339 59
224 353 93
224 359 54
224 413 93
224 443 14
224 479 73
224 487 88
224 547 15
224 567 28
225 226 53
225 241 14
225 260 30
225 325 1
225 354 59
225 449 4
225 463 88
225 494 11
225 508 69
225 525 80
225 568 53
226 227 66
226 229 22
226 234 34
226 245 52
226 280 41
226 282 78
226 288 74
226 297 66
226 339 75
226 355 53
226 370 81
226 415 5
226 430 32
226 470 73
226 502 23
226 558 21
226 569 75
227 228 66
227 268 50
227 331 22
227 332 54
227 340 1
227 343 22
227 362 100
227 391 9
227 394 1
227 425 11
227 459 99
227 510 65
227 554 82
227 579 5
227 589 81
227 592 28
228 229 95
228 237 14
228 289 66
228 295 12
228 316 44
228 318 64
228 397 91
228 401 100
228 412 43
228 416 4
228 457 18
228 463 87
228 464 89
228 480 14
228 521 25
228 536 32
228 539 22
228 564 60
228 569 30
229 230 61
229 303 49
229 310 57
229 344 37
229 352 90
229 358 10
229 375 84
229 398 85
229 405 69
229 425 94
229 460 47
229 467 90
229 493 77
229 515 49
229 526 99
229 530 4
229 573 89
230 231 95
230 257 3
230 258 11
230 274 48
230 322 60
230 354 94
230 358 66
230 373 98
230 379 1
230 387 97
230 416 22
230 475 96
230 483 17
230 550 10
230 561 60
230 577 18
230 597 14
231 232 91
231 304 81
231 328 90
231 348 53
231 372 71
231 423 38
231 449 76
231 469 37
231 519 24
231 521 94
231 536 39
231 576 11
231 586 67
232 233 63
232 276 13
232 293 61
232 305 98
232 322 94
232 345 91
232 503 19
232 521 90
232 548 54
232 552 47
232 583 28
232 592 69
233 234 73
233 261 35
233 335 72
233 339 78
233 353 44
233 356 13
233 365 84
233 368 42
233 398 55
233 403 99
233 419 17
233 438 7
233 471 54
233 478 10
233 483 79
233 496 17
233 516 94
233 570 13
233 580 90
233 595 89
234 235 34
234 241 4
234 270 7
234 284 52
234 299 15
234 305 47
234 323 69
234 348 35
234 360 95
234 370 73
234 407 63
234 415 5
234 454 21
234 471 21
234 472 32
234 499 15
234 510 46
234 583 93
234 596 82
235 236 73
235 245 13
235 262 81
235 271 24
235 326 37
235 338 6
235 340 60
235 370 70
235 459 95
235 485 1
235 518 32
235 528 38
235 541 100
235 562 63
235 577 35
235 595 52
236 237 40
236 251 85
236 254 85
236 281 83
236 411 66
236 437 18
236 448 47
236 466 61
236 470 6
236 483 57
236 530 57
236 531 68
236 532 33
236 571 25
236 587 40
236 596 82
237 238 21
237 240 81
237 246 84
237 267 27
237 295 7
237 303 68
237 370 87
237 384 74
237 391 55
237 395 45
237 404 9
237 409 91
237 433 93
237 448 80
237 480 95
237 483 73
237 505 94
237 522 63
237 537 24
237 580 14
238 239 59
238 242 47
238 248 12
238 259 17
238 306 92
238 311 93
238 356 34
238 415 18
238 422 76
238 452 37
238 459 87
238 460 43
238 469 3
238 557 12
239 240 43
239 245 92
239 248 78
239 255 29
239 295 71
239 297 36
239 315 22
239 322 97
239 338 22
239 394 24
239 438 48
239 467 64
239 527 10
239 551 80
239 562 18
239 570 18
239 571 40
239 575 57
240 241 86
240 277 71
240 287 64
240 294 76
240 339 67
240 345 8
240 366 44
240 367 5
240 369 68
240 391 36
240 438 37
240 455 55
240 469 54
240 471 64
240 485 87
240 498 66
240 505 8
240 538 12
240 576 66
240 579 98
240 590 47
240 596 11
241 242 34
241 243 88
241 270 94
241 292 69
241 310 16
241 317 16
241 321 79
241 328 53
241 421 6
241 468 48
241 513 97
241 527 52
242 243 30
242 286 75
242 298 11
242 307 82
242 320 23
242 341 98
242 373 19
242 416 73
242 425 97
242 431 98
242 457 2
242 493 11
242 494 23
242 567 72
243 244 57
243 276 37
243 279 60
243 280 47
243 296 95
243 312 25
243 323 75
243 326 75
243 335 50
243 365 72
243 381 84
243 390 47
243 392 86
243 412 27
243 425 18
243 454 51
244 245 37
244 296 10
244 302 59
244 312 29
244 316 23
244 330 9
244 368 46
244 415 22
244 534 63
244 549 50
244 552 52
244 559 66
245 246 34
245 263 78
245 277 31
245 286 29
245 325 6
245 332 39
245 432 84
245 485 84
245 506 100
245 528 71
245 533 91
245 545 29
245 548 60
245 556 59
245 578 49
246 247 94
246 279 54
246 429 10
246 550 72
246 566 6
246 583 42
246 591 38
246 596 28
247 248 52
247 276 97
247 315 90
247 337 41
247 359 88
247 370 99
247 428 38
247 439 10
247 444 70
247 459 72
247 466 95
247 485 3
247 487 16
247 498 61
248 249 63
248 299 66
248 321 68
248 356 76
248 406 94
248 416 37
248 484 32
248 516 89
249 250 38
249 267 40
249 271 85
249 291 24
249 401 86
249 484 38
249 489 2
249 505 67
249 573 50
249 575 1
249 592 80
250 251 56
250 278 19
250 286 51
250 287 66
250 347 3
250 360 5
250 377 46
250 430 20
250 435 66
250 489 95
250 528 91
250 531 59
250 554 77
251 252 26
251 292 16
251 334 52
251 335 9
251 378 87
251 469 27
251 511 36
251 518 1
251 519 22
251 585 82
251 597 6
252 253 29
252 288 25
252 302 64
252 318 77
252 322 62
252 324 67
252 345 26
252 425 74
252 428 37
252 484 72
252 486 58
252 496 91
252 497 30
252 502 83
252 523 5
252 526 50
252 578 52
252 596 33
253 254 20
253 264 58
253 323 82
253 326 53
253 358 43
253 387 78
253 390 52
253 392 79
253 397 95
253 445 90
253 459 25
253 481 61
253 482 19
253 532 93
253 561 19
253 575 53
253 594 66
254 255 48
254 283 58
254 311 66
254 333 81
254 358 53
254 361 75
254 392 49
254 412 27
254 454 37
254 461 33
254 471 46
254 473 42
254 497 74
254 524 80
254 543 54
254 555 38
254 562 80
254 564 63
255 256 99
255 309 57
255 366 99
255 426 83
255 430 45
255 451 17
255 476 62
255 516 33
255 549 40
255 555 43
255 561 10
255 583 18
255 597 65
256 257 53
256 297 22
256 333 79
256 361 86
256 365 13
256 376 44
256 403 10
256 417 53
256 428 56
256 448 38
256 471 58
256 494 23
256 542 83
256 573 24
256 583 76
256 593 27
257 258 4
257 268 35
257 338 1
257 379 79
257 392 28
257 409 44
257 432 54
257 495 96
257 502 58
257 510 57
257 583 6
257 595 37
258 259 33
258 318 5
258 323 69
258 345 13
258 401 34
258 417 51
258 420 29
258 459 17
258 483 67
258 560 82
258 570 91
259 260 45
259 261 19
259 266 37
259 299 65
259 302 86
259 356 9
259 362 14
259 408 54
259 473 22
259 476 93
259 482 74
259 498 35
259 508 7
259 534 10
259 535 24
259 573 52
259 579 88
259 582 90
260 261 31
260 265 25
260 311 60
260 407 58
260 442 21
260 452 34
260 474 96
260 495 11
260 528 60
260 539 26
260 541 47
261 262 48
261 398 25
261 425 75
261 492 16
261 515 65
261 554 94
261 583 2
261 590 37
261 593 61
262 263 82
262 301 50
262 316 69
262 389 10
262 390 66
262 404 52
262 418 60
262 426 39
262 459 76
262 468 72
262 476 17
262 490 69
262 497 32
262 499 87
262 501 4
262 558 18
262 581 65
263 264 8
263 301 86
263 319 44
263 354 66
263 377 40
263 400 92
263 426 11
263 447 73
263 480 22
263 491 96
263 543 9
263 559 26
263 563 30
263 564 40
264 265 52
264 279 78
264 331 99
264 351 76
264 355 87
264 407 41
264 409 63
264 513 2
264 520 50
265 266 31
265 289 65
265 320 31
265 330 7
265 359 95
265 400 27
265 410 1
265 456 5
265 458 66
265 463 58
265 475 57
265 508 44
265 511 69
265 538 12
265 548 35
265 556 100
265 580 41
266 267 37
266 274 32
266 282 59
266 304 1
266 324 79
266 342 14
266 349 78
266 365 97
266 478 82
266 506 41
266 531 71
266 546 94
266 555 88
266 564 70
267 268 81
267 294 29
267 326 81
267 441 55
267 448 11
267 494 67
267 495 45
267 504 43
267 512 23
267 551 14
267 572 95
267 578 10
268 269 14
268 331 50
268 376 8
268 394 41
268 418 23
268 426 22
268 440 92
268 465 54
268 468 56
268 475 28
268 497 31
268 515 93
268 536 74
268 570 82
268 573 33
269 270 51
269 292 66
269 306 99
269 357 28
269 360 39
269 408 16
269 423 8
269 491 29
269 503 63
269 505 53
269 558 3
269 583 12
269 593 28
269 594 35
270 271 27
270 276 89
270 281 55
270 282 94
270 339 70
270 349 20
270 385 32
270 429 39
270 492 96
270 520 78
270 522 87
270 530 44
270 543 30
270 565 2
271 272 16
271 280 71
271 296 49
271 346 64
271 363 71
271 376 25
271 424 35
271 439 19
271 451 53
271 486 51
272 273 27
272 283 72
272 297 4
272 322 2
272 337 35
272 348 80
272 377 21
272 389 11
272 403 71
272 434 75
272 437 66
272 460 18
272 481 40
272 506 65
272 515 37
272 542 12
272 556 45
273 274 14
273 339 12
273 471 64
273 483 99
273 554 67
273 570 41
273 572 54
273 573 38
274 275 48
274 282 7
274 287 93
274 310 66
274 332 95
274 384 4
274 388 76
274 405 60
274 410 5
274 420 56
274 439 76
274 464 53
274 467 100
274 471 75
274 478 97
274 508 26
274 546 86
275 276 89
275 317 85
275 329 93
275 345 84
275 430 22
275 465 91
275 522 33
275 529 85
275 536 94
275 591 41
276 277 33
276 313 6
276 385 55
276 386 6
276 387 14
276 414 45
276 477 33
276 487 48
276 495 33
276 497 72
276 503 16
276 514 19
276 575 68
277 278 8
277 290 20
277 345 3
277 348 18
277 388 51
277 392 20
277 397 22
277 418 5
277 428 67
277 474 61
277 477 56
277 500 11
277 563 75
277 566 73
277 569 79
278 279 57
278 318 79
278 346 8
278 355 72
278 405 51
278 416 21
278 421 74
278 424 79
278 428 26
278 430 90
278 444 2
278 454 44
278 500 76
278 578 12
278 591 79
279 280 31
279 339 82
279 386 75
279 412 97
279 423 19
279 451 78
279 468 47
279 493 32
279 509 39
279 514 99
279 528 57
279 586 38
280 281 76
280 321 32
280 342 30
280 399 91
280 435 26
280 448 99
280 450 74
280 489 37
280 514 21
280 518 14
280 598 64
281 282 88
281 328 28
281 330 27
281 339 15
281 342 29
281 345 84
281 359 42
281 360 40
281 365 37
281 432 91
281 477 51
281 499 21
281 505 86
281 513 99
281 595 89
282 283 92
282 328 94
282 347 81
282 396 43
282 434 38
282 439 66
282 483 56
282 503 2
283 284 17
283 298 91
283 333 13
283 370 91
283 416 15
283 467 19
283 493 24
283 500 48
283 505 56
283 515 38
283 540 94
283 542 54
283 584 53
283 593 64
284 285 33
284 313 73
284 356 71
284 404 14
284 419 100
284 464 37
285 286 50
285 356 45
285 362 100
285 370 63
285 387 6
285 399 23
285 423 95
285 445 26
285 466 87
285 475 71
285 547 19
286 287 77
286 312 17
286 347 67
286 392 77
286 402 49
286 447 92
286 455 3
286 498 22
286 499 43
286 546 63
286 558 34
286 563 75
287 288 71
287 293 90
287 314 13
287 315 18
287 345 30
287 365 55
287 370 58
287 372 52
287 422 68
287 470 13
287 476 35
287 503 42
287 512 62
287 533 62
287 559 82
287 572 10
287 574 100
288 289 30
288 326 3
288 338 76
288 385 3
288 427 10
288 432 93
288 457 45
288 598 72
289 290 74
289 321 29
289 352 11
289 375 42
289 387 40
289 443 68
289 497 24
289 499 98
289 502 83
289 515 91
289 590 83
290 291 25
290 342 90
290 351 14
290 391 40
290 424 24
290 426 63
290 536 94
291 292 100
291 343 80
291 432 15
291 436 16
291 443 78
291 504 92
291 557 69
291 599 61
292 293 19
292 302 12
292 325 80
292 337 54
292 353 44
292 434 69
292 435 80
292 442 37
292 464 62
292 468 10
292 514 3
292 590 29
293 294 96
293 304 79
293 313 58
293 343 2
293 347 51
293 364 100
293 392 33
293 460 18
293 474 15
293 486 30
293 492 99
293 516 9
293 594 52
294 295 30
294 316 22
294 334 75
294 337 53
294 352 9
294 372 59
294 404 24
294 407 69
294 496 26
294 504 80
294 506 32
294 575 32
295 296 96
295 312 48
295 342 21
295 348 85
295 350 5
295 355 54
295 361 4
295 371 80
295 514 61
295 587 32
295 592 65
295 596 46
296 297 14
296 306 9
296 319 75
296 363 54
296 443 78
296 484 13
296 509 100
296 516 49
296 518 33
296 524 45
296 563 13
297 298 86
297 301 60
297 333 7
297 336 58
297 358 20
297 378 68
297 414 54
297 431 4
297 460 65
297 492 71
297 512 82
297 528 46
297 535 56
297 549 55
297 554 94
297 572 99
297 576 50
297 583 73
298 299 90
298 301 5
298 376 88
298 400 100
298 449 45
298 483 60
298 531 29
298 535 7
298 566 16
298 567 41
299 300 49
299 329 57
299 411 87
299 421 75
299 463 62
299 480 52
299 494 95
299 503 98
299 564 61
299 581 57
299 584 28
299 588 2
300 301 8
300 303 68
300 438 96
300 445 92
300 465 3
300 488 72
300 493 84
300 496 45
300 511 70
300 516 64
300 532 97
300 543 45
300 549 72
300 559 25
301 302 96
301 315 41
301 339 17
301 424 57
301 443 67
301 466 74
301 468 45
301 472 88
301 487 68
301 492 12
301 494 5
301 503 33
301 510 1
301 512 57
301 524 11
301 531 39
301 550 99
302 303 97
302 307 9
302 317 1
302 330 66
302 348 5
302 350 92
302 377 37
302 394 3
302 401 35
302 402 60
302 443 1
302 488 90
302 522 9
302 523 2
302 544 72
302 557 65
303 304 5
303 309 36
303 343 47
303 346 98
303 396 58
303 408 58
303 434 4
303 496 71
303 543 9
303 576 56
303 596 99
304 305 87
304 315 31
304 338 37
304 344 77
304 372 94
304 382 42
304 419 94
304 423 9
304 436 97
304 539 66
304 548 100
304 567 15
304 590 28
305 306 73
305 336 43
305 342 45
305 349 48
305 419 69
305 443 61
305 467 72
305 511 27
306 307 4
306 340 44
306 352 67
306 495 29
307 308 41
307 317 34
307 323 36
307 340 21
307 354 15
307 507 23
307 534 28
307 567 51
307 584 82
308 309 100
308 375 49
308 410 83
308 440 69
308 494 76
308 572 94
309 310 33
309 334 63
309 370 11
309 424 43
309 435 17
309 489 7
309 527 51
309 551 88
309 572 72
309 590 53
310 311 35
310 356 29
310 363 17
310 371 39
310 381 76
310 422 58
310 438 27
310 445 49
310 490 28
310 528 96
311 312 96
311 330 59
311 332 5
311 379 72
311 386 48
311 419 77
311 516 73
311 533 26
311 586 79
312 313 1
312 333 53
312 374 95
312 447 18
312 450 97
312 477 39
312 482 73
313 314 31
313 316 90
313 336 69
313 430 8
313 506 63
313 509 89
313 512 97
313 516 35
313 517 42
313 521 47
313 535 68
313 554 40
313 569 7
313 578 74
313 580 17
313 584 23
314 315 100
314 350 94
314 352 95
314 367 52
314 372 88
314 413 77
314 416 20
314 417 71
314 451 46
314 527 74
314 548 41
314 554 11
314 563 52
314 589 88
314 599 38
315 316 3
315 340 11
315 374 65
315 400 3
315 449 57
315 518 85
315 536 82
315 541 6
316 317 49
316 429 52
316 467 94
316 518 24
316 527 13
316 562 31
317 318 19
317 357 23
317 410 15
317 458 74
317 481 90
317 492 43
317 553 84
317 576 65
317 581 46
318 319 76
318 338 91
318 379 72
318 418 16
318 449 81
318 465 64
318 489 12
318 511 29
318 514 9
318 548 21
319 320 100
319 333 40
319 364 22
319 390 96
319 397 55
319 415 12
319 453 52
319 502 61
319 545 24
319 586 71
319 598 10
320 321 58
320 333 18
320 349 65
320 364 92
320 371 3
320 391 12
320 422 73
320 441 76
320 462 10
320 469 23
320 478 25
320 563 39
320 567 86
320 575 91
320 586 76
321 322 48
321 353 40
321 375 95
321 404 69
321 427 17
321 474 78
321 519 59
322 323 68
322 326 17
322 341 25
322 366 57
322 371 27
322 456 15
322 494 36
322 517 2
322 534 53
323 324 36
323 325 79
323 342 6
323 400 35
323 421 51
323 483 16
323 494 27
323 521 49
323 541 26
323 545 53
323 571 14
323 572 29
324 325 61
324 335 70
324 351 12
324 394 89
324 403 17
324 409 28
324 449 15
324 471 3
324 489 6
324 503 67
324 519 93
324 534 1
324 552 42
324 580 29
324 581 11
325 326 5
325 460 98
325 463 81
325 467 13
325 490 1
325 518 3
325 533 91
325 549 73
325 598 11
326 327 39
326 359 38
326 398 78
326 405 95
326 425 10
326 456 62
326 466 28
326 481 70
326 516 53
326 540 7
326 543 34
326 554 100
327 328 16
327 335 87
327 342 93
327 371 30
327 373 67
327 406 45
327 410 14
327 412 63
327 413 34
327 448 26
327 492 81
327 500 14
327 523 8
327 587 89
327 589 51
327 597 41
327 598 41
327 599 23
328 329 70
328 357 45
328 400 9
328 416 58
328 502 14
328 510 53
328 548 75
328 562 51
329 330 54
329 518 54
329 536 94
329 556 83
330 331 40
330 340 36
330 387 79
330 390 10
330 392 17
330 393 85
330 396 35
330 475 81
330 478 46
330 503 30
330 510 13
330 553 84
330 562 79
331 332 52
331 354 98
331 375 51
331 380 38
331 405 13
331 407 96
331 442 74
331 485 51
331 496 75
331 505 47
331 507 96
331 517 62
331 532 22
331 542 50
331 560 60
331 579 48
332 333 96
332 373 76
332 428 58
332 456 50
332 488 87
332 491 70
332 502 40
332 522 20
332 591 5
332 596 90
332 597 89
333 334 55
333 341 61
333 352 38
333 362 32
333 381 96
333 410 18
333 435 64
333 443 50
333 448 26
333 465 6
333 518 43
334 335 47
334 341 48
334 346 39
334 355 74
334 364 78
334 385 68
334 388 84
334 423 67
334 452 70
334 531 39
334 534 15
334 555 50
334 569 53
334 579 79
334 587 33
335 336 55
335 369 32
335 389 63
335 466 14
335 541 64
335 543 5
335 574 86
335 581 99
336 337 17
336 386 66
336 407 92
336 456 43
336 480 51
336 505 7
336 535 72
336 569 44
336 571 68
337 338 45
337 344 97
337 415 61
337 432 62
337 439 79
337 472 17
338 339 9
338 346 4
338 353 78
338 377 12
338 433 57
338 454 62
338 470 45
338 479 100
338 497 4
338 527 68
339 340 84
339 355 22
339 364 23
339 402 54
339 431 84
339 435 33
339 456 17
339 486 59
339 497 57
339 499 26
339 502 19
339 518 75
339 559 42
339 577 40
340 341 75
340 401 36
340 416 100
340 432 94
340 496 65
340 509 13
340 510 14
341 342 98
341 372 98
341 427 24
341 429 34
341 443 69
341 460 64
341 479 63
341 520 91
341 529 16
341 541 48
341 544 19
341 566 78
341 574 33
341 584 10
342 343 67
342 370 84
342 388 48
342 432 98
342 447 23
342 501 83
342 539 98
342 564 24
342 569 49
343 344 81
343 364 81
343 406 46
343 430 70
343 447 61
343 464 50
343 548 98
344 345 9
344 388 66
344 495 13
344 556 11
344 574 38
344 578 37
344 586 50
344 594 23
345 346 49
345 369 77
345 394 56
345 411 7
345 428 51
345 450 74
345 491 88
345 542 87
345 550 20
345 556 62
346 347 92
346 348 38
346 359 30
346 410 56
346 412 95
346 490 94
346 497 89
346 540 2
346 562 70
346 568 28
346 569 36
346 570 6
346 579 27
347 348 91
347 394 61
347 412 34
347 429 50
347 449 42
347 496 85
347 513 64
347 551 2
348 349 96
348 371 8
348 396 54
348 399 45
348 412 1
348 487 54
348 504 41
348 537 83
348 556 14
349 350 96
349 352 32
349 369 31
349 426 18
349 451 68
349 463 27
349 509 19
349 517 87
349 551 15
349 569 12
349 581 100
349 589 90
350 351 4
350 402 48
350 417 53
350 457 20
350 533 44
350 550 35
350 579 39
350 593 84
351 352 27
351 358 59
351 416 47
351 431 14
351 469 71
351 494 25
351 531 96
351 543 72
351 566 31
351 592 47
351 596 54
352 353 27
352 387 7
352 391 70
352 421 12
352 520 34
352 542 100
352 594 15
353 354 76
353 361 81
353 363 77
353 364 97
353 366 81
353 382 53
353 500 7
354 355 23
354 359 49
354 376 72
354 413 31
354 555 3
354 559 6
354 590 56
355 356 48
355 373 100
355 403 66
355 407 36
355 447 51
355 474 44
355 483 46
355 484 54
355 485 61
355 522 5
355 559 59
355 571 20
355 588 93
356 357 63
356 365 55
356 381 67
356 417 26
356 433 96
356 446 14
356 487 8
356 514 89
356 530 78
357 358 79
357 481 30
357 565 84
358 359 55
358 399 28
358 403 54
358 423 12
358 475 88
358 488 2
358 490 48
358 504 72
358 513 72
358 579 24
358 598 96
359 360 80
359 367 77
359 386 63
359 388 92
359 389 3
359 392 9
359 397 9
359 442 73
359 449 26
359 457 30
359 515 68
359 534 49
359 559 36
359 578 38
360 361 3
360 369 3
360 438 90
360 460 11
360 473 72
360 480 63
360 494 5
360 502 22
360 523 43
360 567 65
360 568 27
360 572 85
360 577 100
361 362 57
361 377 36
361 410 38
361 423 52
361 461 7
361 473 91
361 479 99
361 480 17
361 492 63
361 512 29
361 550 98
361 553 49
361 556 8
361 565 69
362 363 15
362 376 92
362 398 21
362 431 97
362 437 18
362 507 26
362 523 75
362 528 40
362 539 94
363 364 70
363 394 34
363 433 53
363 464 75
363 472 12
363 526 7
363 528 61
363 548 62
363 588 38
363 595 9
364 365 46
364 382 14
364 386 71
364 408 49
364 416 77
364 441 7
364 496 3
364 505 20
364 532 80
364 538 74
364 589 80
364 593 87
365 366 74
365 401 22
365 437 73
365 451 10
365 455 74
365 480 6
365 489 43
365 527 77
365 539 51
365 571 33
366 367 31
366 373 91
366 416 67
366 419 22
366 460 22
366 479 54
366 539 69
366 581 58
367 368 5
367 374 60
367 389 58
367 423 70
367 460 42
367 461 39
367 466 36
367 490 94
367 514 77
367 538 36
367 543 30
368 369 27
368 423 78
368 448 44
368 466 25
368 492 51
369 370 25
369 420 77
369 431 18
369 434 4
369 435 78
369 438 90
369 465 23
369 475 54
369 510 21
369 531 5
369 534 38
369 550 71
369 562 100
369 567 99
369 582 68
369 593 4
370 371 2
370 424 52
370 471 17
370 483 6
370 491 56
370 508 7
370 548 72
370 590 32
371 372 20
371 459 28
371 466 74
371 471 90
371 557 74
371 583 13
372 373 27
372 432 17
372 483 72
372 503 97
372 504 58
372 513 90
372 521 31
372 537 6
372 556 88
372 575 70
373 374 63
373 491 57
373 506 30
373 545 3
373 548 10
373 567 44
373 573 75
374 375 50
374 426 82
374 431 43
374 455 36
374 460 57
374 509 83
374 513 66
374 577 5
375 376 94
375 438 29
375 449 14
375 469 76
375 470 38
375 515 17
375 539 28
375 552 17
375 567 53
375 577 47
375 586 39
376 377 51
376 453 65
376 459 35
376 465 43
376 506 74
376 538 98
376 543 94
376 574 80
377 378 41
377 382 10
377 429 24
377 458 56
377 478 58
377 495 47
377 503 91
377 530 3
377 596 5
377 598 49
378 379 58
378 393 98
378 397 48
378 403 8
378 414 58
378 516 77
378 562 64
378 587 28
379 380 32
379 395 56
379 420 99
379 424 1
379 433 38
379 447 73
379 459 85
379 462 23
379 532 4
379 578 98
379 595 8
380 381 76
380 392 56
380 399 31
380 424 81
380 483 68
380 521 2
380 524 54
380 530 76
380 542 50
380 549 10
380 551 29
381 382 38
381 395 37
381 441 73
381 451 85
381 508 42
381 549 84
381 550 32
381 569 97
381 571 65
381 582 32
381 595 18
382 383 30
382 408 74
382 446 95
382 449 98
382 450 3
382 477 68
382 502 98
382 544 37
382 568 18
383 384 54
383 407 81
383 418 51
383 421 40
383 441 78
383 452 59
383 479 74
383 523 9
383 538 97
383 552 71
383 585 44
383 595 60
383 596 94
384 385 62
384 423 37
384 492 57
384 494 66
384 525 58
384 596 72
385 386 85
385 402 4
385 407 25
385 427 22
385 444 43
385 493 31
385 507 62
385 551 46
386 387 35
386 408 34
386 410 65
386 496 41
386 510 43
386 572 17
387 388 30
387 415 12
387 428 15
387 464 39
387 523 22
387 562 44
387 586 46
388 389 45
388 424 19
388 468 54
388 484 61
388 490 100
388 500 84
388 551 25
388 560 83
388 565 40
388 579 20
389 390 50
389 418 18
389 419 27
389 430 91
389 451 29
389 453 1
389 490 18
389 503 47
389 549 83
389 550 69
390 391 69
390 394 65
390 421 18
390 423 64
390 444 89
390 460 23
390 502 56
390 512 52
390 583 60
391 392 20
391 402 83
391 405 65
391 450 79
391 468 7
391 510 57
391 516 31
391 528 51
391 544 10
391 572 42
392 393 23
392 437 97
392 458 7
392 491 17
392 497 57
392 499 60
392 513 96
392 543 68
392 568 70
392 595 20
393 394 53
393 406 16
393 482 2
393 509 50
393 525 55
393 531 57
393 556 79
394 395 96
394 412 99
394 417 11
394 453 31
394 457 67
394 511 57
394 517 18
394 598 95
395 396 75
395 439 67
395 452 31
395 474 46
395 476 99
395 517 68
395 521 86
395 533 83
395 535 92
395 567 27
396 397 100
396 400 3
396 406 18
396 422 78
396 423 68
396 430 80
396 448 78
396 500 7
396 510 55
396 537 75
396 595 100
397 398 70
397 433 95
398 399 22
398 402 49
398 442 79
398 450 23
398 457 18
398 459 22
398 474 34
398 511 27
398 515 50
398 584 70
399 400 28
399 414 27
399 462 49
399 470 95
399 521 38
400 401 97
400 406 6
400 432 39
400 455 92
400 484 11
400 490 25
400 509 74
400 519 39
400 529 95
400 552 77
400 568 29
400 577 48
400 581 8
400 583 9
401 402 45
401 414 50
401 422 35
401 442 18
401 543 75
401 571 17
401 581 66
402 403 91
402 431 6
402 460 91
402 480 84
402 534 8
402 589 40
402 590 98
403 404 11
403 407 41
403 417 80
403 451 7
403 552 44
404 405 50
404 431 17
404 472 69
404 504 21
404 505 99
404 540 22
405 406 26
405 408 42
405 428 64
405 461 92
405 505 63
405 517 2
405 541 16
405 563 68
405 569 71
405 582 60
405 590 64
406 407 53
406 409 15
406 476 55
406 509 21
406 518 56
406 540 82
406 593 9
406 598 28
407 408 10
407 486 61
407 545 64
407 563 77
407 579 26
408 409 50
408 446 11
408 516 24
408 519 99
408 550 40
408 569 53
408 572 47
408 580 7
409 410 35
409 448 46
409 483 91
409 565 10
409 589 77
410 411 99
410 417 46
410 480 61
410 514 14
410 529 78
411 412 2
411 448 35
411 450 75
411 526 18
412 413 23
412 436 19
412 494 93
412 542 14
412 563 47
412 579 100
412 586 78
412 596 77
413 414 81
413 465 55
413 470 43
413 476 10
413 500 68
413 515 32
413 542 67
413 549 93
414 415 21
414 585 46
414 591 19
415 416 71
415 429 31
415 479 48
415 498 68
415 506 37
415 526 29
415 533 91
415 544 92
416 417 24
416 422 15
416 438 94
416 444 96
416 497 35
416 501 32
416 538 64
416 548 17
416 580 53
416 593 68
417 418 61
417 419 68
417 438 10
417 449 83
417 461 68
417 466 54
417 473 55
417 488 77
417 521 24
418 419 100
418 499 94
418 507 79
418 514 92
419 420 76
419 437 16
419 450 7
419 492 1
419 534 1
419 538 77
419 570 95
419 584 39
420 421 69
420 429 37
420 446 99
420 487 3
420 494 11
420 515 2
420 541 32
421 422 38
421 424 12
421 429 82
421 441 96
421 450 67
421 469 94
421 480 46
421 497 30
421 540 50
421 562 12
421 567 61
422 423 1
422 470 36
422 482 77
422 491 93
422 502 57
422 538 19
422 552 69
422 597 61
423 424 47
423 455 5
423 478 54
423 521 37
423 587 73
424 425 21
424 445 98
424 466 20
424 491 49
424 514 25
424 541 22
424 562 99
425 426 73
425 444 44
425 457 69
425 472 70
425 473 75
425 492 81
425 499 44
425 519 86
425 542 13
425 564 99
425 591 77
426 427 59
426 500 66
426 510 23
426 573 12
426 574 18
427 428 61
427 518 20
428 429 22
428 455 91
428 473 50
428 479 1
428 528 81
428 567 72
428 570 44
428 576 98
429 430 50
429 464 90
429 593 9
430 431 89
430 455 31
430 471 100
430 503 77
430 556 55
430 597 70
431 432 4
431 434 68
431 493 28
431 503 49
431 504 71
431 531 81
431 536 5
431 572 78
431 573 39
431 591 24
432 433 19
432 440 12
432 451 86
432 452 96
432 457 71
432 496 71
432 513 49
432 522 73
432 563 79
433 434 13
433 475 27
433 505 29
433 528 72
433 545 86
433 589 79
434 435 1
434 495 53
434 538 26
434 543 82
435 436 18
435 448 57
435 465 49
435 500 14
435 516 33
435 526 64
435 537 6
435 547 92
435 563 88
435 576 53
435 580 67
435 590 17
436 437 69
436 438 48
436 452 73
436 520 8
436 522 87
436 524 79
436 526 69
436 544 76
436 571 98
436 587 50
437 438 36
437 475 73
437 515 95
437 525 69
437 567 57
437 568 28
437 588 92
438 439 38
438 473 25
438 510 9
439 440 43
439 464 29
439 560 7
439 581 87
440 441 68
440 443 1
440 468 29
440 537 88
440 545 97
440 546 12
440 566 76
441 442 16
441 455 83
441 469 35
441 485 86
441 545 92
441 586 41
442 443 39
442 487 36
442 490 47
442 494 60
442 516 23
442 540 6
442 588 3
442 596 80
443 444 37
443 456 65
443 524 81
443 545 90
444 445 97
444 469 38
444 533 24
444 540 44
444 546 17
444 551 57
445 446 37
445 482 57
445 488 28
445 520 56
445 540 76
445 561 95
446 447 63
446 460 49
446 482 28
446 511 34
446 549 58
446 573 67
447 448 86
447 457 12
447 487 57
447 517 59
447 553 40
447 570 16
447 583 28
448 449 50
448 491 44
448 502 70
448 538 12
448 586 28
449 450 2
449 459 29
449 475 34
449 538 73
450 451 65
450 509 83
450 515 7
450 532 33
450 577 67
450 583 38
451 452 3
451 477 29
451 508 77
451 522 100
451 558 25
451 574 88
451 589 1
452 453 69
452 514 60
452 517 55
452 591 96
453 454 82
453 489 34
453 554 65
453 557 1
453 562 6
453 565 89
453 573 43
454 455 98
454 480 55
454 499 20
454 523 76
454 596 17
454 598 32
455 456 97
455 461 85
455 467 77
455 489 87
455 491 27
455 513 22
455 526 6
455 528 7
455 536 45
455 538 34
455 562 21
455 590 8
455 592 12
456 457 14
456 463 98
456 491 70
456 498 54
456 529 56
456 541 81
456 563 89
457 458 96
457 508 91
457 530 21
457 589 50
457 593 23
458 459 4
458 464 42
458 506 55
458 550 13
458 561 49
459 460 27
459 471 36
459 476 73
459 478 3
459 512 30
459 529 55
459 581 34
459 585 54
460 461 3
460 482 72
460 492 68
460 528 62
460 557 100
460 565 28
460 581 40
461 462 31
461 481 56
461 558 14
461 598 58
462 463 37
462 467 39
462 472 55
462 569 64
462 598 7
463 464 23
463 469 40
463 474 27
463 496 91
463 499 32
463 552 72
464 465 88
464 471 85
464 562 26
464 573 37
464 586 28
464 590 74
465 466 78
465 486 75
465 491 36
465 506 34
465 553 38
465 597 45
466 467 71
466 511 100
466 522 2
466 542 77
466 565 55
467 468 47
467 473 70
467 493 32
467 520 12
467 548 54
467 555 30
467 558 36
467 569 95
467 574 9
467 583 22
467 595 81
467 597 8
468 469 61
468 552 92
468 556 94
468 559 29
468 597 4
469 470 49
469 479 27
469 498 71
469 548 48
469 596 100
469 599 31
470 471 75
470 478 7
470 558 75
470 563 41
470 566 40
471 472 6
471 486 31
471 528 51
471 539 14
471 549 41
471 593 82
472 473 75
472 539 50
472 578 87
473 474 75
473 503 55
473 524 6
473 537 68
473 538 85
473 554 63
473 569 47
473 575 86
474 475 13
474 483 44
474 525 90
474 532 61
474 534 78
474 536 53
474 548 4
474 578 21
475 476 19
475 496 3
476 477 58
476 554 29
477 478 80
477 502 31
477 529 80
477 568 26
477 590 77
478 479 29
478 507 98
478 523 6
478 554 35
478 565 4
479 480 16
479 485 29
479 511 38
479 521 24
479 525 19
479 547 9
479 560 16
479 594 95
480 481 36
480 489 36
480 490 26
480 545 19
480 558 20
480 566 26
481 482 46
481 571 95
482 483 49
482 518 49
483 484 70
483 489 56
483 535 4
483 549 94
484 485 12
484 503 34
484 514 37
484 516 22
484 545 54
484 567 84
484 571 72
485 486 14
485 511 95
485 535 54
485 538 18
485 552 81
485 594 93
486 487 25
486 512 91
486 514 18
486 527 66
486 555 16
487 488 48
487 522 44
487 548 31
487 551 6
487 585 22
487 587 39
488 489 80
488 497 36
488 514 26
488 539 79
488 592 62
489 490 23
489 510 63
489 534 8
489 538 84
489 548 28
489 549 46
489 553 79
490 491 48
490 538 20
490 586 99
490 596 2
490 599 87
491 492 30
491 532 29
491 536 82
492 493 42
492 494 81
492 500 49
492 524 82
492 538 32
492 546 99
492 582 45
493 494 45
493 560 5
493 567 40
493 580 51
493 587 45
493 594 77
493 599 23
494 495 98
494 572 29
494 594 39
495 496 28
495 535 67
495 541 59
495 587 66
496 497 19
496 531 29
496 551 70
496 579 85
496 586 27
497 498 65
497 503 90
497 522 25
497 569 16
498 499 29
498 531 69
498 554 14
499 500 98
499 518 76
499 540 79
499 576 52
499 590 47
500 501 87
500 525 40
500 534 11
500 564 81
500 584 38
501 502 36
501 553 79
501 565 48
501 588 21
502 503 64
502 519 26
502 581 69
502 590 12
503 504 48
503 508 14
503 528 76
503 580 94
503 587 41
504 505 3
504 508 21
504 516 34
504 553 71
504 578 42
505 506 80
505 508 51
505 530 5
505 578 33
505 579 36
505 581 63
506 507 22
506 580 32
506 581 93
507 508 29
507 517 10
507 562 28
507 598 70
508 509 35
508 538 92
508 572 41
508 588 71
509 510 33
509 567 43
510 511 40
510 549 33
510 590 44
510 597 43
511 512 82
511 519 52
511 520 10
511 527 95
511 537 89
511 565 24
511 569 81
511 593 22
512 513 52
512 562 64
512 592 66
513 514 59
513 545 32
513 569 84
513 573 74
514 515 97
514 560 63
514 561 48
515 516 15
515 526 44
515 544 100
515 568 30
516 517 56
516 518 35
516 520 24
516 547 46
517 518 31
517 522 11
518 519 63
518 569 5
518 586 45
519 520 32
519 521 46
519 565 48
519 570 46
519 594 40
520 521 78
520 533 74
520 561 41
520 580 65
521 522 90
521 568 83
521 572 52
522 523 79
522 541 60
523 524 80
523 532 83
523 543 67
523 563 26
523 589 27
523 593 24
524 525 78
524 531 77
524 539 66
524 565 98
524 595 10
525 526 52
525 554 65
525 560 90
525 563 8
525 570 13
526 527 88
526 532 2
526 562 95
526 577 49
526 595 55
527 528 79
527 565 73
528 529 19
528 569 22
528 588 18
529 530 25
529 538 100
529 554 79
530 531 74
530 541 94
530 594 68
531 532 33
531 533 39
531 588 12
532 533 38
532 539 94
532 593 81
533 534 26
534 535 59
534 564 68
534 586 98
535 536 83
535 559 15
535 561 2
535 577 70
536 537 82
537 538 67
537 573 44
538 539 21
538 570 54
539 540 51
539 565 50
539 575 5
540 541 6
540 564 65
541 542 44
541 597 37
542 543 69
542 586 93
543 544 67
543 546 64
543 555 3
543 578 65
543 584 24
543 594 53
543 596 17
544 545 2
544 568 43
545 546 1
545 548 41
545 551 9
545 587 42
546 547 56
546 557 82
546 577 35
546 585 88
547 548 90
548 549 34
548 555 44
549 550 98
549 560 30
549 563 78
549 572 19
549 594 55
550 551 8
551 552 20
551 577 50
551 588 76
552 553 60
552 565 44
553 554 88
553 567 99
553 586 13
553 597 93
554 555 39
554 570 8
554 578 34
554 589 79
555 556 5
556 557 96
557 558 33
557 570 99
558 559 1
558 587 18
558 588 26
559 560 65
560 561 80
560 578 20
560 590 2
560 599 60
561 562 66
562 563 68
562 588 85
563 564 38
563 565 86
563 582 43
564 565 4
564 571 25
565 566 4
566 567 87
567 568 89
567 570 50
567 581 98
567 585 50
568 569 76
569 570 50
569 579 4
570 571 29
570 579 93
570 588 44
571 572 39
571 589 43
571 593 48
572 573 96
573 574 56
573 580 51
574 575 81
575 576 14
575 580 30
575 581 14
575 587 19
576 577 23
577 578 62
577 588 50
578 579 78
578 597 36
579 580 16
579 589 71
580 581 49
581 582 84
582 583 67
582 590 30
583 584 99
583 594 60
583 599 39
584 585 72
585 586 14
585 599 94
586 587 91
587 588 70
587 597 36
588 589 94
588 593 85
589 590 95
590 591 50
591 592 34
592 593 29
593 594 90
593 597 29
594 595 96
594 599 68
595 596 5
596 597 44
596 599 78
597 598 51
598 599 76
599 600 100
