500 4914 100 2961
11 13 16 24 31 32 41 42 45 46 47 52 54 61 62 65 75 77 81 86 91 95 99 104 106 107 111 115 125 128 129 133 134 137 139 143 154 160 167 173 179 180 182 189 196 200 202 206 212 218 221 228 229 234 241 246 249 252 254 256 267 269 290 292 295 298 310 313 315 318 323 328 331 337 338 341 363 365 368 370 371 377 378 384 392 399 401 418 421 422 429 436 465 466 482 488 489 491 494 500 
1 2 76
1 5 79
1 32 38
1 38 36
1 108 5
1 122 56
1 164 63
1 188 38
1 231 70
1 237 28
1 249 75
1 260 18
1 262 22
1 303 35
1 317 35
1 329 58
1 330 50
1 346 15
1 366 98
1 378 82
1 405 40
1 428 23
1 431 73
1 437 95
1 448 61
1 454 71
1 463 94
1 500 86
2 3 36
2 6 75
2 21 43
2 46 45
2 54 79
2 88 72
2 194 30
2 215 87
2 221 57
2 235 33
2 262 87
2 268 3
2 271 43
2 362 98
2 369 16
2 424 23
2 435 77
2 478 18
3 4 74
3 39 100
3 73 46
3 110 5
3 120 22
3 138 4
3 188 93
3 189 53
3 222 15
3 241 57
3 292 75
3 300 60
3 318 79
3 367 45
3 383 86
3 400 20
3 417 94
3 445 50
3 463 23
3 468 19
4 5 47
4 14 72
4 43 39
4 63 43
4 105 67
4 121 41
4 165 98
4 176 48
4 200 30
4 214 68
4 233 82
4 242 98
4 277 81
4 315 62
4 329 56
4 343 17
4 359 78
4 384 47
4 423 93
4 457 75
4 474 32
4 486 69
5 6 42
5 50 53
5 64 100
5 67 57
5 88 4
5 125 58
5 184 65
5 191 31
5 208 91
5 215 56
5 218 44
5 230 18
5 234 4
5 277 54
5 302 59
5 406 51
5 459 36
5 484 63
6 7 91
6 22 39
6 33 62
6 93 47
6 95 50
6 104 34
6 121 100
6 144 67
6 150 28
6 181 91
6 214 20
6 218 1
6 268 29
6 288 52
6 290 12
6 309 26
6 315 45
6 322 21
6 341 77
6 390 75
6 466 91
7 8 52
7 47 2
7 75 88
7 91 10
7 99 53
7 114 70
7 236 88
7 250 49
7 259 73
7 262 74
7 348 14
7 409 99
7 480 86
7 489 14
8 9 74
8 12 5
8 74 12
8 135 22
8 181 67
8 189 7
8 213 17
8 234 48
8 252 55
8 308 73
8 337 89
8 342 80
8 371 55
8 376 8
8 378 71
8 393 57
8 429 59
8 433 54
8 438 7
8 473 49
8 485 44
8 489 9
8 496 70
9 10 94
9 20 27
9 25 92
9 41 39
9 62 93
9 88 36
9 123 85
9 136 10
9 190 24
9 191 20
9 220 49
9 223 40
9 231 80
9 232 77
9 251 15
9 274 2
9 314 37
9 324 35
9 331 75
9 359 53
9 377 68
9 448 38
9 454 21
9 486 80
10 11 38
10 60 63
10 73 8
10 113 18
10 149 49
10 177 91
10 190 30
10 195 52
10 200 20
10 206 51
10 208 75
10 246 2
10 311 78
10 319 67
10 420 100
10 432 41
10 455 65
10 476 81
11 12 78
11 49 34
11 56 83
11 98 100
11 109 22
11 162 29
11 177 49
11 207 87
11 215 78
11 238 25
11 322 87
11 347 83
11 354 30
11 378 28
11 380 70
11 393 46
11 406 55
11 430 71
11 435 99
12 13 14
12 25 17
12 52 32
12 64 100
12 65 51
12 79 6
12 91 49
12 106 43
12 108 20
12 119 25
12 137 45
12 174 51
12 188 14
12 190 64
12 200 10
12 256 59
12 265 97
12 289 70
12 304 8
12 306 95
12 334 77
12 342 50
12 357 20
12 383 73
12 426 58
12 474 65
12 494 47
13 14 6
13 84 1
13 159 72
13 160 79
13 168 32
13 174 68
13 180 61
13 194 55
13 248 58
13 291 80
13 294 83
13 305 32
13 320 41
13 325 98
13 417 54
13 431 84
13 447 38
13 472 33
13 480 18
13 482 78
13 485 30
14 15 99
14 34 90
14 89 38
14 103 13
14 125 77
14 152 27
14 165 7
14 168 14
14 199 58
14 235 8
14 240 44
14 265 79
14 282 35
14 297 33
14 311 78
14 318 36
14 332 72
14 400 77
14 426 66
14 443 50
14 498 74
15 16 47
15 31 86
15 68 54
15 87 45
15 195 44
15 291 10
15 294 76
15 306 20
15 335 34
15 338 93
15 342 83
15 361 9
15 363 79
15 417 13
15 419 88
15 461 79
16 17 1
16 66 56
16 108 58
16 116 54
16 207 49
16 209 17
16 252 54
16 293 26
16 344 43
16 376 58
16 419 65
16 451 12
16 452 75
16 454 22
16 463 14
17 18 69
17 110 70
17 148 44
17 166 94
17 182 72
17 195 11
17 257 24
17 261 87
17 272 33
17 282 72
17 284 41
17 323 97
17 365 98
17 399 64
17 414 61
17 466 81
17 483 74
18 19 78
18 66 74
18 78 49
18 82 28
18 89 28
18 112 82
18 148 46
18 197 51
18 217 22
18 233 77
18 235 65
18 252 82
18 289 52
18 294 100
18 299 91
18 301 89
18 315 5
18 325 10
18 375 96
18 401 47
18 411 14
18 470 73
18 472 72
19 20 43
19 144 56
19 211 90
19 227 9
19 234 79
19 256 63
19 258 50
19 272 14
19 298 74
19 303 99
19 330 89
19 341 40
19 346 45
19 350 86
19 431 7
19 448 20
19 491 6
20 21 35
20 42 10
20 71 92
20 95 17
20 120 51
20 143 24
20 164 18
20 291 54
20 297 69
20 361 74
20 362 90
20 438 25
20 447 28
20 496 87
21 22 51
21 33 92
21 36 26
21 46 98
21 47 21
21 108 25
21 167 87
21 168 88
21 196 89
21 199 91
21 203 5
21 215 70
21 305 9
21 307 75
21 398 94
21 463 54
21 468 43
21 481 96
22 23 69
22 71 85
22 139 3
22 165 43
22 186 35
22 190 93
22 204 17
22 217 82
22 231 33
22 238 58
22 261 49
22 324 56
22 328 98
22 350 24
22 354 83
22 381 48
22 389 88
22 410 11
22 430 43
22 483 69
22 498 34
23 24 47
23 72 78
23 91 32
23 155 27
23 164 10
23 168 46
23 171 56
23 173 89
23 277 56
23 311 36
23 336 6
23 342 66
23 350 53
23 398 33
23 445 97
23 453 74
24 25 4
24 30 81
24 55 3
24 70 67
24 77 14
24 101 13
24 111 34
24 144 2
24 166 11
24 175 97
24 266 7
24 273 29
24 386 53
24 455 12
24 464 14
24 476 71
25 26 26
25 33 87
25 34 46
25 87 27
25 91 91
25 97 22
25 104 31
25 142 18
25 151 100
25 187 25
25 210 30
25 214 100
25 290 60
25 294 51
25 302 30
25 305 84
25 339 56
25 341 47
25 407 16
25 442 98
25 453 90
25 470 13
25 485 30
25 494 7
26 27 76
26 40 39
26 60 84
26 68 34
26 84 12
26 168 40
26 186 49
26 187 3
26 193 40
26 215 31
26 273 11
26 387 47
26 469 64
26 471 23
26 476 30
26 479 26
26 488 8
27 28 55
27 44 23
27 47 16
27 54 29
27 72 2
27 138 49
27 142 14
27 147 69
27 154 72
27 179 73
27 294 61
27 326 61
27 399 6
27 425 79
27 430 65
27 451 45
27 452 18
27 463 14
27 481 79
28 29 47
28 34 12
28 56 11
28 57 90
28 111 96
28 116 68
28 157 39
28 190 86
28 194 12
28 209 75
28 213 45
28 232 12
28 253 36
28 312 99
28 318 30
28 392 25
28 403 2
28 448 66
28 485 31
29 30 91
29 49 31
29 77 84
29 101 98
29 122 24
29 126 52
29 203 90
29 220 18
29 227 34
29 228 29
29 245 34
29 277 9
29 344 87
29 373 90
29 397 38
29 403 48
29 444 39
29 450 45
29 493 91
30 31 1
30 35 37
30 44 12
30 74 79
30 75 21
30 124 40
30 151 73
30 219 62
30 239 91
30 245 63
30 298 28
30 305 42
30 308 47
30 316 53
30 335 8
30 376 62
30 432 39
30 442 75
30 454 59
30 481 34
31 32 14
31 41 97
31 70 33
31 73 26
31 103 11
31 118 71
31 124 27
31 132 87
31 141 31
31 159 49
31 160 62
31 170 76
31 174 96
31 176 13
31 191 9
31 225 4
31 227 20
31 272 15
31 273 9
31 277 33
31 381 55
31 423 65
31 451 52
32 33 54
32 59 100
32 69 42
32 72 81
32 76 58
32 118 60
32 146 74
32 192 3
32 197 20
32 230 33
32 231 1
32 278 11
32 368 56
32 371 47
32 409 54
32 428 51
33 34 54
33 142 54
33 183 12
33 278 46
33 285 26
33 405 49
33 411 26
33 438 58
33 458 49
33 462 36
33 477 25
33 488 94
34 35 9
34 68 52
34 111 88
34 179 24
34 216 98
34 228 36
34 233 56
34 241 13
34 255 32
34 281 82
34 282 37
34 339 62
34 351 57
34 372 81
34 409 10
34 440 90
34 464 37
34 466 98
34 476 53
34 486 77
34 492 89
35 36 1
35 89 38
35 91 94
35 94 4
35 121 21
35 155 91
35 172 76
35 182 2
35 189 80
35 196 43
35 221 70
35 228 64
35 310 59
35 332 98
35 342 65
35 376 29
35 400 61
35 415 15
35 481 56
36 37 31
36 62 20
36 86 99
36 107 83
36 152 28
36 175 88
36 224 96
36 238 55
36 253 10
36 281 88
36 327 1
36 345 39
36 376 27
36 377 7
36 379 34
36 452 29
36 454 75
36 457 62
36 490 57
37 38 68
37 112 83
37 127 55
37 176 28
37 196 79
37 244 65
37 269 97
37 335 78
37 337 25
37 343 81
37 370 43
37 377 51
37 407 19
37 445 38
37 457 15
37 466 38
37 476 88
38 39 77
38 51 18
38 82 89
38 105 26
38 110 53
38 115 17
38 119 44
38 137 27
38 145 90
38 269 18
38 284 79
38 298 78
38 344 28
38 368 51
38 438 27
38 456 19
38 470 39
38 496 7
39 40 20
39 45 87
39 58 44
39 92 19
39 148 82
39 160 32
39 165 20
39 216 17
39 231 10
39 251 41
39 257 54
39 376 20
39 385 51
39 466 95
40 41 30
40 119 60
40 128 54
40 133 85
40 143 68
40 174 42
40 224 42
40 275 64
40 295 17
40 353 22
40 421 11
40 434 80
40 474 76
40 485 90
41 42 43
41 112 48
41 122 32
41 143 29
41 159 9
41 166 49
41 172 89
41 187 77
41 234 46
41 235 42
41 266 54
41 278 59
41 281 34
41 284 38
41 296 56
41 357 87
41 399 47
41 436 75
41 456 94
41 489 75
42 43 51
42 74 11
42 127 2
42 171 55
42 232 78
42 236 56
42 245 7
42 274 32
42 313 56
42 330 83
42 331 82
42 372 13
42 450 78
42 463 10
42 468 35
43 44 26
43 50 42
43 81 59
43 106 82
43 127 32
43 136 25
43 143 71
43 215 23
43 225 40
43 226 6
43 258 6
43 456 76
43 468 59
44 45 80
44 115 32
44 123 28
44 153 34
44 193 94
44 208 32
44 255 42
44 288 48
44 361 55
44 387 34
44 479 94
44 486 74
44 487 40
45 46 42
45 60 75
45 81 48
45 124 50
45 139 22
45 158 99
45 214 63
45 217 70
45 231 28
45 243 50
45 245 36
45 252 38
45 300 22
45 313 44
45 324 79
45 369 27
45 406 82
45 417 34
45 479 40
46 47 95
46 67 60
46 91 33
46 95 52
46 140 45
46 146 76
46 180 41
46 197 62
46 211 11
46 262 70
46 296 36
46 315 49
46 323 98
46 367 56
46 455 25
46 462 14
46 465 61
47 48 8
47 88 2
47 117 29
47 145 75
47 158 77
47 192 4
47 215 33
47 256 21
47 272 8
47 280 38
47 283 14
47 322 55
47 325 39
47 335 18
47 336 30
47 431 95
47 434 53
47 439 76
47 463 78
48 49 22
48 123 61
48 148 22
48 184 80
48 215 56
48 255 75
48 283 6
48 297 71
48 345 30
48 347 26
48 366 3
48 387 68
48 393 16
48 486 70
48 494 56
48 495 44
49 50 77
49 51 58
49 54 81
49 82 67
49 84 74
49 122 97
49 160 80
49 187 31
49 190 79
49 209 18
49 229 16
49 246 25
49 282 97
49 312 14
49 344 88
49 388 84
49 399 98
49 457 21
49 471 31
49 489 3
50 51 36
50 74 29
50 129 65
50 158 24
50 180 6
50 237 29
50 253 35
50 298 100
50 319 90
50 327 32
50 347 3
50 374 35
50 395 73
50 423 18
50 445 47
50 472 81
50 480 51
50 481 21
50 487 1
51 52 26
51 77 76
51 93 98
51 97 4
51 127 14
51 176 70
51 226 38
51 278 64
51 316 67
51 359 66
51 385 36
51 404 53
51 436 33
51 446 27
51 455 45
51 482 23
51 496 47
52 53 50
52 140 16
52 174 63
52 208 14
52 226 76
52 240 88
52 270 96
52 299 58
52 307 8
52 339 30
52 363 93
52 364 14
52 372 68
52 448 27
52 451 6
52 468 59
53 54 6
53 58 8
53 125 99
53 144 19
53 145 67
53 156 23
53 157 29
53 162 9
53 169 74
53 190 80
53 254 87
53 276 34
53 294 57
53 378 48
53 408 14
53 424 43
53 435 18
53 437 17
53 499 88
54 55 57
54 67 23
54 98 2
54 101 49
54 124 40
54 138 41
54 168 81
54 204 83
54 222 71
54 228 27
54 274 32
54 310 22
54 325 90
54 345 88
54 367 94
54 373 77
54 376 41
54 440 86
55 56 3
55 59 6
55 113 84
55 126 30
55 138 59
55 221 6
55 272 96
55 322 78
55 381 35
55 396 16
55 400 3
55 435 59
55 439 67
56 57 59
56 82 39
56 197 71
56 314 34
56 321 2
56 324 56
56 361 3
56 371 29
56 465 54
56 467 83
56 478 28
56 496 33
57 58 56
57 170 71
57 189 6
57 236 44
57 340 66
57 391 99
57 395 38
57 415 43
57 477 34
57 479 93
58 59 55
58 142 35
58 152 75
58 155 45
58 176 99
58 215 90
58 241 36
58 351 53
58 378 79
58 403 94
58 433 78
58 465 68
58 466 55
59 60 13
59 111 3
59 113 7
59 118 27
59 123 20
59 159 19
59 176 80
59 221 73
59 222 8
59 298 74
59 301 46
59 331 16
59 342 38
59 354 7
59 360 52
59 389 6
59 453 91
59 454 91
59 489 5
60 61 93
60 83 51
60 89 35
60 122 25
60 130 75
60 144 73
60 161 4
60 171 3
60 196 32
60 202 89
60 244 44
60 302 35
60 316 51
60 341 5
60 369 16
60 378 61
60 401 24
60 419 85
60 455 51
60 487 32
61 62 59
61 195 39
61 201 73
61 268 33
61 287 76
61 293 56
61 345 58
61 354 42
61 356 24
61 393 17
61 402 39
61 447 9
61 498 7
62 63 73
62 73 70
62 126 86
62 136 64
62 142 9
62 160 36
62 170 3
62 181 77
62 184 100
62 267 90
62 321 13
62 344 78
62 357 9
62 364 9
62 371 22
62 383 81
62 440 87
62 445 56
62 498 59
63 64 85
63 66 85
63 71 15
63 117 87
63 119 18
63 129 97
63 142 53
63 218 67
63 226 64
63 229 30
63 247 39
63 308 81
63 321 41
63 338 10
63 349 44
63 363 100
63 369 14
63 414 18
63 447 11
63 448 15
63 495 82
64 65 61
64 67 80
64 72 51
64 90 60
64 93 22
64 118 13
64 119 45
64 120 63
64 136 15
64 137 97
64 154 97
64 166 16
64 196 18
64 201 89
64 261 35
64 311 18
64 370 39
64 371 24
64 389 38
64 397 87
64 398 91
64 404 35
65 66 79
65 163 48
65 166 19
65 174 33
65 232 56
65 242 9
65 294 25
65 305 49
65 338 91
65 423 92
65 428 89
66 67 86
66 75 52
66 95 11
66 103 22
66 112 52
66 122 59
66 146 44
66 202 25
66 210 98
66 211 87
66 226 81
66 260 46
66 274 37
66 303 16
66 357 25
66 360 40
66 415 40
66 440 66
66 457 95
66 487 33
66 490 50
67 68 41
67 96 11
67 109 10
67 166 100
67 228 57
67 249 26
67 269 40
67 277 70
67 330 66
67 364 65
67 435 67
67 479 41
68 69 23
68 86 36
68 98 47
68 104 99
68 176 99
68 186 59
68 195 81
68 200 54
68 208 76
68 287 10
68 337 7
68 353 15
68 368 85
68 404 49
68 457 45
68 458 48
68 480 20
69 70 49
69 79 64
69 101 23
69 111 96
69 122 47
69 143 30
69 151 11
69 153 97
69 169 37
69 187 70
69 247 74
69 302 87
69 316 12
69 354 66
69 386 58
69 441 5
69 454 67
69 484 30
70 71 7
70 95 12
70 108 70
70 137 36
70 151 7
70 175 33
70 185 96
70 197 53
70 293 96
70 323 81
70 328 47
70 337 36
70 358 6
70 385 8
70 447 31
70 455 29
70 458 75
70 464 87
70 467 63
70 480 72
71 72 64
71 73 38
71 80 8
71 81 99
71 156 97
71 161 59
71 178 88
71 219 62
71 221 61
71 257 88
71 266 81
71 317 31
71 380 80
71 445 85
71 464 30
71 475 52
71 493 41
72 73 38
72 113 15
72 152 47
72 201 41
72 231 86
72 237 13
72 245 70
72 283 22
72 324 36
72 342 74
72 373 14
72 438 12
72 457 99
72 467 44
72 470 12
73 74 70
73 117 65
73 137 83
73 162 14
73 188 3
73 237 81
73 244 92
73 268 69
73 282 29
73 366 33
73 368 97
73 427 42
73 451 65
73 453 21
73 461 59
73 462 41
74 75 66
74 116 61
74 141 98
74 339 75
74 348 97
74 373 83
74 461 32
74 476 61
75 76 16
75 92 65
75 122 4
75 136 73
75 155 83
75 207 13
75 269 55
75 278 61
75 292 19
75 322 27
75 346 69
75 382 77
75 397 62
75 399 67
75 404 65
75 412 53
75 441 27
75 451 12
75 459 91
75 479 21
75 491 16
76 77 37
76 97 86
76 162 29
76 198 8
76 290 26
76 292 75
76 299 53
76 309 8
76 356 94
76 430 35
76 439 93
77 78 32
77 109 89
77 142 36
77 166 87
77 204 13
77 216 1
77 274 51
77 331 60
77 370 53
77 373 19
77 407 60
77 410 97
77 446 75
77 478 6
77 491 80
78 79 61
78 83 67
78 86 82
78 118 55
78 128 62
78 130 15
78 131 28
78 161 28
78 163 76
78 167 73
78 189 86
78 216 5
78 290 27
78 302 32
78 317 64
78 326 85
78 420 8
78 436 16
78 486 61
79 80 12
79 85 38
79 86 16
79 102 78
79 105 74
79 199 71
79 205 55
79 246 24
79 249 76
79 266 15
79 288 13
79 305 72
79 338 30
79 346 25
79 352 46
79 402 49
79 411 19
79 420 11
79 452 92
80 81 12
80 83 49
80 197 23
80 317 100
80 327 25
80 331 54
80 344 77
80 349 99
80 354 29
80 359 57
80 377 5
80 386 33
80 404 9
80 419 24
80 441 61
81 82 4
81 117 36
81 127 22
81 262 8
81 286 86
81 289 69
81 307 58
81 340 47
81 343 80
81 351 97
81 455 57
81 460 60
81 490 3
82 83 49
82 87 52
82 126 14
82 155 100
82 158 38
82 168 45
82 169 92
82 178 53
82 181 8
82 186 54
82 199 84
82 209 17
82 210 14
82 241 72
82 243 21
82 256 26
82 348 95
82 361 64
82 367 54
82 368 55
82 370 93
82 376 82
82 380 64
83 84 61
83 109 11
83 111 26
83 129 21
83 155 40
83 164 66
83 228 14
83 273 53
83 306 89
83 331 99
83 354 15
83 363 94
83 372 68
83 389 78
83 433 36
83 477 78
83 494 46
84 85 53
84 144 34
84 171 45
84 184 49
84 235 87
84 254 82
84 321 20
84 337 69
84 339 73
84 379 89
84 422 75
84 461 44
85 86 40
85 88 77
85 92 52
85 94 74
85 108 66
85 132 3
85 158 42
85 262 42
85 263 100
85 277 45
85 290 88
85 335 47
85 354 47
85 376 42
85 382 70
85 410 76
85 426 33
85 433 50
86 87 17
86 147 5
86 158 8
86 247 37
86 250 5
86 254 37
86 258 85
86 306 57
86 354 96
86 364 54
86 371 57
86 411 58
86 437 29
86 439 50
86 467 25
86 476 30
86 478 32
86 494 98
87 88 89
87 131 83
87 147 93
87 217 51
87 228 31
87 232 46
87 234 65
87 237 80
87 257 74
87 271 39
87 290 4
87 306 3
87 322 25
87 340 69
87 343 96
87 374 81
87 385 78
87 412 69
87 423 31
87 463 60
87 465 88
87 479 8
87 485 35
88 89 16
88 187 18
88 229 85
88 296 87
88 331 22
88 381 10
88 385 84
88 432 39
88 453 11
88 494 42
89 90 86
89 97 48
89 111 29
89 236 73
89 290 5
89 355 36
89 358 91
89 373 88
89 377 20
89 417 33
90 91 85
90 111 7
90 133 30
90 136 97
90 139 79
90 143 96
90 178 49
90 181 57
90 192 29
90 222 39
90 228 98
90 290 23
90 303 9
90 324 54
90 333 8
90 362 22
90 378 30
90 415 64
90 425 64
90 448 31
90 470 2
90 476 29
90 478 73
91 92 5
91 220 73
91 246 75
91 271 94
91 358 65
91 426 18
91 442 33
91 448 98
91 471 7
91 499 46
92 93 46
92 112 71
92 154 70
92 296 49
92 302 22
92 316 33
92 328 77
92 358 85
92 405 61
92 447 77
92 455 76
92 459 72
92 464 100
92 471 43
92 473 70
92 498 78
93 94 89
93 112 13
93 115 24
93 155 13
93 162 23
93 195 82
93 201 18
93 266 90
93 271 57
93 307 34
93 308 76
93 310 72
93 318 44
93 352 68
93 363 2
93 387 58
93 402 93
93 418 99
93 443 79
93 444 35
93 469 67
94 95 95
94 128 79
94 142 5
94 175 3
94 218 48
94 247 17
94 258 95
94 267 50
94 304 32
94 378 47
94 413 12
94 421 84
94 436 20
94 480 67
94 496 37
95 96 40
95 113 28
95 151 30
95 152 50
95 154 91
95 161 41
95 213 77
95 249 94
95 293 91
95 327 78
95 354 6
95 360 74
95 362 13
95 397 5
95 406 6
95 477 28
96 97 46
96 121 43
96 145 93
96 174 81
96 180 97
96 235 83
96 323 8
96 333 49
96 352 90
96 392 88
96 407 78
96 495 32
97 98 84
97 130 3
97 152 4
97 157 53
97 176 66
97 186 55
97 187 53
97 195 81
97 243 32
97 296 35
97 341 4
97 486 39
98 99 92
98 121 92
98 144 27
98 198 29
98 221 56
98 230 55
98 243 25
98 251 39
98 257 5
98 325 42
98 358 47
98 362 53
98 371 37
98 414 74
99 100 80
99 121 69
99 161 45
99 178 81
99 208 68
99 230 36
99 307 21
99 316 88
99 319 11
99 346 99
99 388 8
99 412 37
99 445 6
99 457 6
99 459 7
99 475 48
99 476 88
99 489 57
100 101 99
100 112 64
100 124 21
100 131 83
100 169 14
100 182 1
100 200 32
100 205 53
100 239 56
100 258 66
100 341 41
100 363 63
100 372 8
100 419 60
100 432 46
100 442 10
100 446 25
101 102 50
101 113 53
101 128 93
101 150 15
101 161 46
101 191 11
101 229 33
101 245 12
101 281 83
101 311 34
101 316 65
101 350 77
101 404 11
101 410 95
101 414 21
101 443 24
101 444 91
101 463 27
102 103 97
102 149 24
102 158 12
102 187 28
102 240 5
102 253 83
102 254 33
102 267 33
102 293 19
102 382 48
102 390 87
102 406 86
102 470 63
102 473 53
103 104 8
103 154 11
103 161 63
103 170 38
103 221 39
103 231 51
103 302 87
103 365 91
103 366 21
103 401 69
103 410 44
103 442 62
103 463 66
103 493 40
103 494 20
104 105 33
104 117 58
104 122 57
104 163 74
104 190 54
104 203 1
104 267 75
104 274 88
104 330 8
104 355 2
104 367 56
104 375 43
104 394 89
104 411 88
104 423 94
104 444 83
104 445 82
104 490 53
105 106 19
105 126 57
105 143 63
105 146 91
105 167 56
105 192 42
105 213 58
105 242 85
105 253 72
105 271 84
105 291 86
105 297 14
105 316 89
105 319 30
105 325 17
105 340 99
105 358 98
105 421 20
105 440 74
105 462 46
105 470 50
105 480 16
105 486 43
106 107 27
106 117 4
106 124 47
106 197 45
106 268 91
106 308 61
106 347 41
106 353 29
106 367 78
106 376 65
106 385 91
106 395 36
106 402 65
106 417 34
106 424 99
106 431 16
106 461 88
107 108 3
107 145 5
107 147 79
107 148 29
107 166 22
107 180 57
107 194 98
107 196 36
107 213 17
107 232 29
107 236 83
107 246 44
107 261 5
107 262 39
107 280 10
107 305 52
107 314 79
107 343 73
107 347 44
107 424 37
107 454 16
107 476 68
108 109 91
108 195 56
108 200 12
108 228 23
108 253 66
108 259 61
108 280 73
108 288 48
108 330 21
108 364 99
108 411 90
108 412 41
108 433 10
108 436 17
108 442 73
108 445 18
108 446 40
108 451 19
108 476 2
108 483 26
109 110 24
109 194 91
109 213 41
109 272 5
109 295 3
109 321 40
109 359 51
109 405 89
109 409 17
109 441 84
109 458 1
109 460 97
109 463 55
110 111 9
110 207 90
110 274 20
110 288 58
110 300 19
110 400 78
110 405 53
110 498 27
110 499 44
111 112 62
111 155 67
111 168 86
111 187 15
111 236 46
111 243 88
111 247 46
111 286 1
111 304 8
111 396 50
111 407 5
111 409 57
111 429 28
111 431 44
111 435 26
111 436 23
111 469 80
111 472 15
111 481 75
111 486 1
112 113 60
112 118 61
112 140 13
112 176 10
112 186 33
112 202 12
112 215 95
112 295 52
112 330 12
112 344 44
112 374 5
112 382 62
112 388 25
112 404 18
112 463 32
113 114 100
113 163 67
113 169 35
113 197 90
113 278 59
113 280 8
113 336 1
113 371 1
113 376 38
113 389 67
113 407 52
113 431 11
113 464 2
113 473 56
113 483 83
114 115 65
114 116 47
114 135 34
114 143 17
114 146 38
114 152 4
114 157 41
114 188 81
114 207 60
114 302 53
114 325 6
114 351 59
114 369 100
114 381 42
114 436 8
114 475 86
115 116 2
115 146 52
115 176 99
115 178 34
115 217 20
115 255 48
115 289 54
115 352 25
115 416 62
115 430 74
115 439 43
115 445 2
115 446 69
115 493 96
116 117 22
116 168 62
116 206 92
116 271 48
116 281 29
116 343 3
116 389 20
116 437 7
117 118 56
117 121 72
117 145 54
117 185 34
117 210 33
117 227 67
117 245 46
117 257 93
117 262 67
117 335 69
117 353 99
117 435 49
117 437 13
118 119 36
118 137 8
118 201 65
118 253 82
118 256 76
118 273 78
118 333 25
118 336 56
118 397 84
118 422 94
118 461 42
118 465 100
118 481 29
118 491 38
118 494 10
119 120 51
119 139 81
119 145 13
119 165 89
119 201 59
119 261 39
119 325 42
119 356 7
119 375 14
119 410 87
119 422 26
119 492 33
120 121 24
120 123 78
120 144 7
120 171 50
120 184 53
120 191 100
120 270 29
120 294 20
120 360 20
120 385 26
120 401 23
120 423 66
120 478 67
121 122 86
121 125 91
121 180 64
121 257 68
121 305 80
121 364 80
121 401 67
121 450 39
121 481 75
122 123 72
122 168 7
122 253 53
122 273 49
122 326 60
122 336 64
122 342 42
122 423 79
122 453 68
122 477 93
122 485 88
122 495 65
123 124 98
123 140 85
123 143 12
123 193 69
123 247 89
123 264 57
123 277 29
123 289 23
123 324 59
123 348 52
123 362 52
123 363 19
123 365 78
123 369 90
123 478 85
124 125 81
124 172 63
124 181 17
124 188 19
124 232 42
124 286 70
124 311 76
124 378 78
124 440 99
124 446 33
124 478 25
124 491 16
125 126 77
125 130 91
125 133 82
125 139 36
125 151 79
125 156 52
125 256 43
125 285 32
125 444 3
126 127 4
126 175 9
126 182 42
126 191 78
126 198 75
126 252 19
126 309 71
126 392 73
126 429 98
126 445 83
126 494 38
127 128 18
127 157 89
127 171 80
127 239 83
127 293 10
127 296 44
127 404 50
127 418 10
127 466 99
127 478 9
127 492 39
128 129 92
128 157 85
128 165 6
128 215 54
128 264 56
128 307 84
128 349 95
128 367 50
128 402 2
128 497 12
129 130 31
129 131 2
129 157 71
129 164 81
129 178 63
129 197 8
129 213 10
129 258 68
129 304 51
129 384 73
129 427 8
129 431 30
129 469 91
129 482 35
129 491 42
129 497 89
130 131 34
130 212 22
130 229 56
130 306 12
130 337 99
130 350 41
130 472 5
130 478 88
130 488 71
131 132 34
131 152 60
131 168 59
131 315 24
131 368 68
131 449 53
131 455 27
131 458 49
131 480 48
132 133 8
132 199 14
132 200 83
132 229 28
132 241 78
132 343 69
132 348 82
132 375 77
132 383 16
132 416 36
132 420 32
132 462 89
132 485 88
133 134 52
133 136 69
133 143 53
133 150 98
133 166 31
133 199 90
133 217 97
133 232 71
133 250 58
133 258 2
133 322 12
133 325 50
133 346 61
133 354 37
133 384 96
133 477 12
133 482 56
134 135 40
134 149 30
134 178 44
134 214 9
134 249 55
134 256 24
134 271 65
134 341 84
134 369 41
134 397 22
134 457 70
134 476 100
135 136 87
135 187 18
135 216 66
135 231 39
135 297 88
135 305 11
135 333 58
135 358 71
135 417 1
135 451 22
135 476 27
135 485 53
135 488 100
136 137 43
136 141 97
136 166 53
136 182 1
136 189 90
136 197 18
136 214 75
136 250 47
136 279 4
136 306 45
136 325 85
136 398 94
136 405 16
136 433 61
137 138 7
137 144 19
137 165 14
137 169 86
137 223 45
137 228 68
137 249 74
137 255 59
137 282 95
137 310 29
137 437 3
137 449 1
137 499 4
138 139 46
138 144 87
138 203 4
138 208 78
138 284 21
138 285 80
138 351 55
138 377 44
138 398 14
138 406 64
138 415 47
138 431 62
138 438 24
138 487 46
139 140 62
139 151 61
139 154 72
139 157 42
139 197 91
139 210 63
139 250 73
139 303 85
139 318 9
139 364 30
139 380 15
139 381 54
139 397 41
139 402 90
139 464 51
139 481 14
139 489 37
139 491 79
139 494 74
140 141 72
140 154 4
140 161 41
140 182 79
140 184 80
140 222 32
140 246 81
140 310 8
140 328 39
140 341 93
140 375 25
140 390 13
140 422 40
140 430 45
140 435 31
140 451 50
140 488 8
141 142 53
141 177 82
141 292 3
141 296 40
141 342 71
141 424 39
141 481 73
141 485 91
141 498 90
142 143 6
142 153 58
142 203 46
142 260 79
142 286 84
142 360 54
142 369 55
142 378 96
142 398 28
142 424 24
142 446 94
142 457 72
142 498 12
143 144 51
143 184 9
143 237 83
143 246 53
143 255 31
143 282 5
143 296 36
143 307 50
143 390 12
143 408 3
143 424 57
143 448 9
143 459 48
143 480 30
143 495 71
144 145 89
144 195 70
144 250 62
144 272 82
144 322 92
144 364 30
144 392 41
144 394 60
144 455 9
144 477 26
145 146 74
145 147 82
145 192 26
145 193 22
145 256 65
145 299 97
145 308 99
145 328 95
145 391 40
145 430 5
145 439 21
145 472 85
145 496 13
146 147 41
146 156 71
146 162 95
146 171 39
146 177 62
146 195 70
146 211 21
146 230 91
146 245 81
146 247 99
146 248 8
146 279 2
146 288 95
146 332 68
146 333 53
146 335 11
146 356 95
146 395 86
146 398 35
146 410 76
146 448 60
146 484 17
147 148 42
147 169 86
147 226 19
147 251 40
147 295 37
147 365 29
147 377 48
147 395 97
147 435 79
147 453 62
148 149 32
148 157 75
148 183 63
148 205 61
148 242 28
148 245 47
148 308 19
148 329 29
148 343 88
148 349 30
148 390 55
148 422 56
148 483 41
148 496 95
148 499 78
149 150 12
149 199 35
149 203 22
149 242 52
149 247 50
149 251 80
149 269 82
149 275 47
149 333 6
149 335 24
149 373 22
149 385 27
149 398 96
149 419 17
149 430 39
150 151 75
150 232 93
150 235 62
150 238 64
150 267 88
150 274 43
150 284 80
150 298 1
150 333 20
150 335 17
150 396 61
150 437 40
150 458 24
150 482 78
151 152 37
151 153 1
151 186 93
151 189 98
151 243 60
151 290 19
151 336 48
151 423 6
151 436 60
151 471 60
151 491 88
152 153 25
152 174 60
152 223 83
152 236 14
152 264 57
152 304 82
152 306 60
152 321 91
152 341 41
152 348 69
152 361 23
152 408 16
152 420 79
153 154 70
153 158 14
153 161 63
153 191 25
153 202 6
153 242 72
153 327 26
153 354 52
154 155 22
154 194 1
154 196 91
154 201 14
154 227 45
154 260 34
154 269 28
154 344 25
154 349 57
154 359 14
154 371 35
154 386 75
154 442 28
154 462 11
155 156 27
155 164 51
155 187 96
155 217 91
155 230 49
155 275 14
155 334 14
155 345 76
155 350 56
155 371 10
155 421 80
155 496 82
156 157 78
156 162 56
156 219 64
156 244 30
156 246 49
156 289 12
156 299 4
156 323 98
156 357 53
156 371 5
156 379 26
156 425 18
156 455 12
156 461 70
156 465 3
157 158 44
157 209 57
157 210 24
157 212 82
157 235 50
157 236 13
157 252 66
157 323 41
157 330 75
157 332 32
157 371 15
157 389 68
157 422 58
157 427 58
157 430 34
157 492 76
158 159 97
158 213 84
158 313 98
158 367 10
158 452 25
159 160 92
159 178 45
159 206 98
159 246 99
159 262 94
159 315 85
159 328 73
159 368 26
159 376 54
159 386 41
159 411 72
159 436 98
159 457 30
159 464 56
160 161 5
160 174 60
160 206 25
160 233 34
160 260 52
160 293 58
160 361 2
160 372 46
160 374 94
160 385 96
160 434 3
160 454 34
160 476 93
161 162 41
161 189 43
161 223 42
161 317 43
161 341 18
161 363 83
161 389 82
161 396 92
161 413 40
161 425 84
161 486 27
162 163 21
162 180 83
162 203 4
162 206 27
162 208 55
162 229 85
162 239 6
162 243 50
162 326 99
162 341 66
162 362 91
162 413 92
162 429 52
162 445 55
162 479 28
163 164 92
163 191 97
163 232 51
163 234 80
163 241 10
163 254 81
163 324 86
163 344 22
163 403 100
163 412 22
163 482 42
164 165 44
164 200 15
164 272 60
164 325 59
164 329 45
164 341 49
164 344 31
164 499 27
165 166 37
165 183 51
165 190 85
165 193 1
165 221 79
165 247 44
165 285 58
165 398 29
165 405 89
165 493 74
165 495 9
166 167 87
166 212 8
166 286 10
166 343 14
166 436 65
166 456 13
167 168 2
167 185 6
167 235 61
167 273 24
167 310 92
167 372 13
167 373 10
167 388 54
167 413 76
168 169 78
168 198 7
168 200 36
168 226 57
168 259 71
168 311 43
168 313 32
168 323 52
168 348 65
168 386 60
168 399 14
168 416 71
168 437 52
168 439 87
168 457 23
168 475 58
169 170 12
169 172 86
169 174 19
169 180 3
169 194 56
169 196 51
169 204 48
169 205 98
169 235 45
169 247 94
169 437 23
169 444 12
170 171 57
170 174 24
170 177 45
170 208 60
170 218 49
170 222 83
170 224 33
170 232 45
170 249 34
170 266 90
170 281 75
170 286 83
170 387 16
170 421 70
170 430 38
170 442 82
170 447 21
170 468 12
171 172 90
171 189 26
171 203 35
171 247 78
171 260 26
171 309 49
171 354 83
171 384 16
171 428 7
171 432 78
171 438 61
171 446 72
171 466 67
172 173 52
172 211 94
172 214 18
172 218 10
172 221 69
172 247 41
172 266 28
172 295 37
172 325 87
172 334 47
172 401 30
172 460 35
172 478 88
172 486 74
173 174 21
173 179 67
173 237 25
173 295 39
173 296 46
173 298 87
173 327 78
173 348 96
173 385 70
173 396 36
173 425 54
173 452 45
173 470 60
174 175 15
174 225 9
174 240 55
174 259 82
174 270 82
174 295 59
174 309 3
174 344 19
174 366 92
174 425 32
174 427 65
174 442 63
174 478 50
174 485 22
175 176 56
175 230 49
175 252 1
175 262 5
175 312 82
175 324 82
175 369 67
175 371 95
175 411 99
175 448 14
175 466 69
176 177 62
176 185 31
176 204 68
176 262 79
176 291 29
176 301 100
176 332 49
176 336 89
176 346 44
176 368 30
176 376 36
176 419 68
176 422 58
176 448 2
176 451 26
176 470 26
176 478 64
177 178 30
177 201 59
177 219 46
177 226 64
177 241 97
177 282 49
177 301 22
177 325 3
177 392 73
177 450 80
178 179 70
178 180 37
178 244 45
178 254 97
178 290 78
178 340 12
178 349 89
178 403 51
178 462 66
178 498 26
179 180 74
179 195 48
179 279 50
179 283 15
179 298 65
179 307 73
179 323 58
179 325 4
179 350 3
179 367 8
179 418 22
179 466 21
179 476 93
179 499 38
180 181 58
180 197 67
180 210 82
180 221 51
180 232 36
180 294 12
180 317 87
180 327 51
180 334 1
180 357 19
180 384 36
180 385 40
180 417 62
180 439 67
180 454 32
180 465 52
180 487 43
180 495 71
181 182 95
181 243 5
181 268 32
181 270 21
181 291 88
181 308 39
181 351 57
181 395 29
181 419 64
181 432 66
181 455 8
181 458 90
181 492 30
182 183 8
182 215 77
182 226 31
182 233 86
182 302 89
182 308 47
182 365 86
182 385 40
182 395 77
182 406 1
183 184 30
183 233 15
183 241 68
183 263 4
183 277 7
183 305 47
183 321 22
183 344 91
183 350 79
183 394 42
183 408 50
183 424 89
183 429 1
183 452 32
184 185 8
184 187 63
184 201 87
184 205 24
184 248 58
184 275 78
184 300 40
184 318 3
184 325 84
184 352 65
184 424 74
184 429 53
184 431 83
184 456 14
184 468 21
184 478 43
185 186 54
185 230 26
185 257 33
185 277 37
185 317 13
185 319 50
185 323 30
185 324 57
185 325 13
185 368 59
185 450 88
185 476 89
185 494 65
186 187 83
186 190 15
186 191 40
186 199 94
186 240 34
186 289 47
186 293 51
186 307 72
186 371 36
186 377 24
186 408 18
186 481 63
186 491 73
187 188 91
187 226 39
187 228 51
187 352 25
187 429 74
188 189 33
188 195 44
188 201 95
188 225 42
188 350 16
188 375 47
188 393 76
188 396 81
188 426 77
188 452 59
188 453 46
188 466 3
189 190 89
189 213 40
189 221 40
189 262 31
189 402 61
189 409 7
189 458 39
190 191 15
190 227 47
190 264 19
190 271 5
190 304 86
190 331 69
190 369 45
190 370 75
190 371 31
190 386 29
190 470 71
191 192 44
191 200 85
191 202 11
191 214 100
191 230 59
191 302 19
191 328 54
191 329 99
191 358 88
191 369 37
191 383 58
191 391 57
191 398 65
191 474 31
191 482 16
192 193 50
192 201 41
192 209 69
192 248 39
192 259 8
192 271 83
192 294 97
192 307 67
192 333 45
192 385 40
192 457 29
192 463 42
192 494 19
193 194 71
193 212 22
193 218 56
193 220 72
193 239 79
193 274 12
193 283 75
193 303 95
193 312 97
193 320 7
193 368 91
193 398 51
193 463 41
193 470 93
193 494 77
194 195 25
194 227 93
194 285 90
194 315 26
194 327 61
194 342 29
194 395 48
194 406 87
194 414 31
194 423 10
194 437 4
194 445 55
194 459 60
194 473 43
194 493 70
195 196 35
195 222 41
195 237 47
195 243 4
195 253 10
195 269 22
195 328 4
195 344 34
195 373 36
195 406 73
196 197 21
196 202 36
196 232 49
196 275 18
196 305 93
196 349 43
196 351 85
196 380 16
196 407 81
196 426 84
196 477 98
197 198 96
197 236 52
197 249 14
197 250 72
197 266 63
197 268 30
197 332 97
197 398 81
197 411 49
197 422 49
197 436 30
197 456 11
197 493 2
197 496 8
198 199 9
198 201 85
198 259 69
198 326 35
198 339 89
198 348 64
198 359 93
198 366 31
198 376 35
198 438 63
198 485 5
199 200 71
199 203 27
199 211 81
199 237 54
199 303 81
199 361 39
199 384 70
199 411 10
199 419 22
199 488 87
199 492 29
200 201 96
200 222 11
200 226 5
200 282 83
200 303 70
200 324 16
200 326 56
200 345 18
200 402 71
200 435 32
201 202 28
201 290 56
201 347 43
201 362 55
201 373 75
201 437 57
201 438 96
202 203 5
202 250 13
202 251 64
202 294 74
202 325 69
202 336 9
202 342 24
202 350 93
202 372 62
202 377 8
202 395 3
202 411 1
202 426 33
202 453 99
202 479 82
202 484 1
202 499 78
203 204 46
203 210 21
203 300 26
203 318 88
203 335 82
203 340 60
203 353 66
203 359 94
203 381 8
203 382 16
203 413 39
203 442 69
203 470 18
203 480 74
203 481 26
203 491 81
203 493 83
204 205 8
204 225 98
204 256 10
204 301 35
204 316 44
204 321 59
204 338 30
204 377 17
204 401 44
204 421 69
204 443 46
204 481 36
204 490 38
205 206 55
205 214 24
205 272 83
205 276 34
205 289 91
205 323 76
205 329 29
205 339 83
205 344 53
205 387 66
205 410 33
205 431 47
205 447 70
205 461 38
205 476 47
206 207 74
206 221 34
206 232 5
206 244 64
206 247 25
206 256 77
206 298 24
206 348 84
206 385 5
206 424 13
206 427 14
206 436 19
206 437 37
206 458 16
206 463 43
206 485 8
207 208 35
207 232 25
207 236 26
207 267 61
207 415 90
207 437 40
207 461 98
207 468 43
208 209 100
208 229 59
208 246 71
208 282 61
208 305 80
208 346 3
208 377 32
208 391 60
208 425 68
208 443 34
208 472 56
208 491 5
208 493 69
208 496 35
208 497 53
209 210 39
209 244 53
209 262 60
209 264 73
209 328 68
209 330 25
209 339 12
209 359 95
209 406 68
209 420 77
209 430 37
209 475 36
210 211 10
210 214 32
210 234 44
210 237 17
210 250 88
210 255 49
210 270 51
210 274 82
210 290 9
210 311 56
210 329 65
210 354 77
210 361 49
210 392 43
210 407 23
210 412 25
210 420 14
210 421 92
210 481 74
211 212 21
211 227 55
211 234 44
211 337 58
211 340 60
211 353 79
211 368 60
211 374 97
211 415 84
211 443 50
211 475 63
211 491 89
212 213 55
212 265 9
212 269 58
212 277 41
212 342 87
212 396 78
212 413 27
212 466 17
212 479 4
213 214 10
213 262 87
213 275 16
213 298 75
213 343 93
213 359 79
213 368 28
213 380 84
213 393 31
213 428 27
213 434 85
213 449 24
214 215 47
214 243 81
214 318 33
214 338 27
214 348 20
214 365 13
214 433 24
214 457 61
214 485 68
215 216 46
215 224 88
215 231 7
215 244 92
215 258 92
215 265 16
215 287 33
215 369 24
215 373 19
215 377 13
215 454 11
215 455 21
215 472 90
216 217 17
216 241 30
216 251 16
216 252 90
216 270 80
216 320 7
216 322 36
216 350 82
216 351 9
216 366 94
216 373 17
216 382 54
216 391 87
216 401 92
216 420 85
216 435 46
216 459 32
216 487 90
216 488 47
217 218 11
217 238 71
217 246 27
217 270 55
217 369 66
217 374 79
217 432 67
217 470 36
218 219 48
218 270 82
218 301 31
218 397 24
218 427 23
218 440 41
218 466 97
218 470 28
219 220 76
219 243 91
219 350 72
219 396 68
219 407 55
219 408 39
219 422 16
220 221 15
220 244 89
220 316 63
220 333 17
220 399 69
220 432 53
220 447 63
221 222 3
221 296 78
221 310 45
221 326 66
221 349 83
221 442 100
221 485 21
222 223 53
222 237 91
222 341 21
222 359 14
222 371 86
222 380 37
222 389 77
222 484 45
222 499 83
223 224 42
223 248 85
223 276 4
223 294 38
223 295 3
223 326 2
223 413 83
223 492 22
224 225 2
224 227 39
224 247 28
224 305 65
224 306 100
224 322 63
224 429 56
224 482 61
224 485 9
224 498 31
225 226 39
225 285 26
225 292 34
225 328 35
225 391 33
225 428 29
225 435 76
225 496 10
226 227 34
226 326 65
226 332 37
226 348 81
226 349 20
226 358 16
226 396 98
226 463 36
226 493 62
226 498 33
227 228 73
227 233 70
227 240 91
227 294 99
227 295 30
227 312 99
227 338 80
227 348 39
227 359 61
227 406 38
227 422 64
227 425 29
227 468 80
227 488 85
227 490 73
228 229 25
228 268 92
228 298 49
228 308 1
228 316 17
228 320 44
228 333 41
228 428 12
228 469 4
228 493 68
229 230 57
229 266 95
229 289 91
229 295 51
229 314 59
229 391 4
229 423 35
229 443 13
229 453 44
229 455 99
230 231 27
230 298 14
230 310 68
230 328 4
230 332 84
230 348 65
230 371 41
230 445 81
230 450 88
230 452 50
230 468 57
230 489 82
231 232 76
231 267 90
231 328 58
231 346 34
231 354 80
231 356 93
231 422 51
231 426 53
231 486 25
232 233 18
232 247 42
232 250 9
232 271 47
232 279 94
232 372 76
232 409 52
232 494 27
232 499 6
233 234 77
233 236 64
233 237 54
233 270 10
233 328 48
233 356 12
233 438 9
233 453 82
233 461 71
233 467 27
233 489 30
234 235 3
234 251 71
234 263 94
234 303 2
234 316 2
234 322 17
234 323 86
234 355 91
234 387 16
234 391 62
234 414 76
234 475 26
235 236 12
235 257 47
235 263 31
235 274 87
235 403 3
235 488 82
235 490 8
236 237 14
236 247 56
236 348 31
236 421 41
236 440 33
236 445 81
236 457 51
236 487 34
236 496 59
237 238 32
237 343 30
237 355 70
237 383 62
237 390 19
237 394 79
237 414 59
237 433 50
237 463 69
237 494 1
238 239 86
238 241 48
238 306 80
238 330 6
238 341 15
238 385 45
238 413 12
238 422 98
238 424 92
238 438 46
238 459 26
239 240 39
239 275 58
239 368 23
239 371 66
239 406 41
239 413 15
239 451 95
239 484 84
240 241 12
240 276 19
240 280 75
240 302 82
240 305 63
240 319 10
240 332 46
240 361 54
240 402 55
240 406 24
240 414 49
240 415 55
240 429 7
240 461 51
240 491 39
241 242 60
241 281 61
241 284 13
241 323 49
241 357 87
241 423 43
241 432 6
241 443 35
241 464 32
241 479 45
242 243 14
242 260 77
242 270 99
242 297 53
242 347 62
242 357 96
242 401 31
242 415 33
243 244 60
243 274 14
243 297 86
243 301 11
243 335 43
243 380 82
243 439 77
243 496 36
244 245 41
244 310 15
244 388 95
244 389 44
244 401 59
244 459 57
244 482 26
244 489 5
245 246 95
245 270 66
245 340 97
245 343 80
245 353 97
245 356 92
245 363 64
245 376 39
245 383 30
245 461 70
245 489 14
245 492 51
245 493 4
246 247 43
246 261 89
246 266 78
246 323 89
246 367 76
246 374 92
246 396 96
246 401 64
246 449 46
246 474 2
247 248 91
247 292 20
247 315 85
247 334 44
247 445 66
247 452 31
247 457 73
247 477 29
247 481 76
247 486 57
247 497 52
248 249 40
248 253 43
248 293 14
248 307 54
248 333 97
248 369 64
248 423 83
248 464 90
248 479 64
249 250 23
249 256 55
249 323 36
249 341 35
249 354 21
249 364 83
249 378 14
249 393 13
249 425 46
249 452 8
249 473 20
250 251 54
250 267 51
250 291 93
250 340 31
250 480 93
250 481 13
251 252 16
251 287 14
251 334 53
251 335 57
251 357 57
251 365 6
251 438 87
251 467 93
252 253 56
252 271 51
252 277 37
252 288 85
252 309 27
252 356 1
252 424 46
252 455 81
253 254 51
253 261 74
253 265 27
253 296 93
253 319 67
253 330 36
253 375 84
253 396 55
253 404 30
253 478 44
253 495 97
253 496 48
254 255 97
254 285 99
254 294 42
254 312 86
254 314 45
254 319 38
254 326 59
254 328 87
254 369 51
254 378 90
254 411 82
255 256 27
255 298 44
255 361 22
255 366 20
255 389 2
255 402 62
255 431 92
255 462 57
256 257 8
256 288 45
256 309 91
256 393 1
256 433 95
256 441 12
256 461 87
256 475 99
256 480 15
256 494 69
257 258 92
257 363 57
257 430 54
257 453 99
257 480 76
258 259 33
258 266 37
258 268 8
258 282 96
258 300 88
258 344 9
258 371 44
258 404 84
258 408 80
258 412 90
258 469 68
258 480 90
259 260 62
259 266 87
259 302 27
259 321 23
259 342 65
259 394 94
259 444 95
259 471 31
259 474 20
260 261 60
260 334 94
260 354 49
260 420 49
260 421 15
260 444 66
260 462 95
260 467 42
260 486 88
261 262 29
261 274 68
261 355 51
261 359 48
261 364 52
261 365 24
261 370 72
261 450 87
261 463 38
262 263 28
262 278 40
262 363 46
262 370 10
262 408 86
262 457 97
263 264 75
263 266 86
263 282 28
263 317 59
263 328 29
263 357 84
263 390 36
263 391 63
263 392 19
263 445 39
263 455 76
263 478 57
263 493 63
264 265 21
264 296 25
264 363 15
264 396 52
264 404 97
264 409 76
264 414 59
264 426 49
264 475 53
264 495 99
264 496 40
264 497 91
265 266 15
265 286 96
265 288 74
265 291 87
265 331 23
265 336 52
265 371 97
265 392 60
265 394 28
265 396 79
265 422 56
265 438 46
265 451 41
265 475 43
266 267 31
266 324 34
266 376 70
266 388 91
266 391 47
266 431 82
266 443 36
266 476 38
266 480 57
266 482 73
267 268 99
267 270 67
267 271 31
267 299 75
267 343 82
267 359 77
267 396 51
267 417 47
267 450 90
267 456 12
267 463 30
267 472 59
267 491 18
267 496 44
268 269 38
268 272 37
268 294 83
268 310 8
268 376 99
268 490 96
269 270 76
269 314 78
269 338 35
269 370 54
269 389 97
269 394 83
269 407 44
269 428 40
269 472 60
270 271 49
270 289 1
270 317 92
270 324 55
270 357 60
270 359 63
270 374 84
270 390 87
270 429 69
270 454 35
271 272 28
271 288 37
271 289 17
271 325 10
271 334 4
271 359 68
271 379 92
271 412 50
271 455 23
271 473 44
272 273 46
272 277 9
272 327 44
272 331 65
272 343 95
272 356 64
272 392 22
272 404 8
272 447 25
272 461 5
272 466 12
272 480 65
272 485 64
273 274 8
273 306 70
273 356 4
273 368 79
273 456 45
273 459 24
273 463 63
273 488 84
274 275 66
274 297 78
274 303 44
274 330 51
274 376 41
274 379 77
274 386 97
274 390 44
274 405 15
274 434 15
274 444 35
274 451 44
275 276 27
275 298 13
275 334 19
275 338 31
275 345 7
275 427 43
275 435 85
275 437 88
275 461 40
276 277 59
276 316 87
276 333 3
276 398 81
276 420 2
276 431 71
276 432 47
277 278 53
277 335 75
277 348 23
277 365 13
277 389 80
277 393 2
277 406 39
277 415 22
277 440 90
277 454 15
277 475 100
278 279 58
278 286 4
278 291 30
278 312 31
278 324 9
278 373 66
278 383 77
278 392 65
278 445 100
278 489 65
279 280 66
279 283 39
279 291 32
279 292 84
279 303 52
279 308 67
279 373 62
279 435 51
279 466 67
279 481 16
279 487 8
280 281 46
280 348 41
280 400 1
280 451 44
280 468 43
281 282 27
281 319 50
281 342 84
281 346 96
281 366 21
281 401 93
281 424 17
281 494 8
282 283 77
282 319 13
282 368 61
282 375 30
282 396 81
282 408 55
282 409 3
282 456 79
282 460 58
283 284 85
283 295 8
283 309 45
283 332 58
283 355 70
283 360 97
283 388 58
283 424 22
283 473 61
283 493 63
284 285 83
284 300 48
284 334 75
284 369 8
284 420 56
284 427 81
284 430 9
284 486 17
285 286 35
285 294 83
285 349 45
285 385 38
285 390 70
285 401 11
286 287 88
286 290 94
286 348 21
286 354 32
286 387 9
286 485 52
286 489 35
286 492 77
287 288 8
287 302 14
287 308 20
287 309 31
287 314 75
287 357 28
287 370 3
287 386 20
287 401 57
287 419 20
287 444 22
287 464 27
287 495 98
288 289 72
288 307 58
288 310 59
288 317 34
288 367 60
288 394 12
288 409 50
288 412 46
288 424 70
288 440 5
288 450 85
288 491 32
289 290 15
289 360 3
289 371 96
289 399 2
289 414 79
289 421 73
289 450 58
289 453 52
289 457 57
290 291 78
290 304 82
290 348 39
290 350 53
290 376 6
290 469 37
290 495 99
291 292 13
291 337 58
291 374 18
291 425 42
291 434 66
291 464 81
292 293 85
292 298 21
292 315 47
292 320 65
292 393 13
292 395 27
292 428 9
293 294 72
293 390 50
293 405 96
293 460 45
293 467 36
293 478 61
293 479 10
293 491 97
294 295 52
294 296 29
294 313 81
294 352 18
294 383 25
294 464 93
295 296 60
295 303 70
295 312 79
295 315 72
295 325 83
295 346 67
295 420 1
295 426 12
295 472 8
295 497 56
296 297 84
296 335 73
296 338 55
296 370 16
296 398 17
296 403 30
296 413 89
296 468 15
297 298 68
297 304 89
297 330 33
297 351 91
297 356 70
297 361 90
297 369 99
297 404 83
297 424 25
297 445 28
297 486 91
297 488 7
298 299 86
298 313 35
298 365 75
298 383 77
298 399 25
298 410 6
298 429 94
299 300 80
299 304 67
299 338 71
299 342 60
299 405 68
299 461 59
299 468 39
299 499 49
300 301 39
300 322 95
300 387 97
300 419 97
300 441 39
300 484 52
301 302 24
301 318 11
301 365 88
301 381 35
301 417 25
301 424 63
301 428 77
301 469 48
301 470 11
302 303 8
302 380 92
302 406 25
302 414 84
302 422 95
302 490 53
302 493 81
303 304 90
303 305 19
303 312 53
303 361 75
303 441 61
303 466 60
303 486 23
304 305 47
304 313 37
304 362 8
304 380 83
304 388 76
304 404 25
304 407 51
304 440 98
305 306 60
305 323 21
305 338 89
305 399 8
305 421 28
305 429 47
306 307 15
306 326 58
306 375 45
306 378 54
306 379 47
306 414 94
306 469 74
307 308 96
307 347 13
307 477 21
307 488 38
308 309 31
308 397 94
308 410 38
308 428 16
308 430 88
308 436 19
309 310 1
309 325 4
309 333 75
309 340 90
309 403 65
309 421 26
309 427 23
310 311 16
310 344 7
310 367 24
310 437 66
310 440 2
310 449 11
310 475 11
311 312 42
311 342 8
311 354 76
311 371 57
311 385 83
311 398 92
311 416 36
311 456 36
311 465 1
311 466 96
311 471 72
311 473 10
311 483 94
311 498 93
312 313 93
312 334 90
312 445 7
313 314 53
313 315 81
313 366 98
313 383 45
313 398 14
314 315 79
314 350 93
314 354 1
314 356 70
314 383 46
314 400 33
314 401 3
314 420 37
314 434 72
314 444 87
314 450 75
314 461 74
314 464 19
314 493 66
315 316 22
315 355 57
315 378 18
315 431 99
315 432 62
315 433 6
315 467 51
316 317 88
316 358 83
316 365 66
316 453 78
316 465 13
316 479 27
316 480 96
316 481 60
317 318 14
317 372 84
317 419 68
317 441 95
317 459 33
317 492 30
318 319 6
318 335 29
318 422 89
318 464 41
319 320 65
319 347 20
319 381 34
319 384 25
319 405 30
319 445 28
319 447 56
319 471 14
319 485 82
320 321 38
320 330 43
320 397 10
320 431 27
320 441 75
320 443 48
320 475 30
321 322 98
321 326 69
321 361 68
321 403 100
321 473 37
321 497 58
322 323 8
322 329 31
322 331 100
322 338 47
322 430 100
322 438 41
322 477 12
323 324 4
323 329 96
323 332 48
323 358 9
323 365 18
323 400 98
323 408 12
323 437 74
323 459 14
323 475 22
323 484 100
324 325 38
324 335 22
324 395 62
325 326 85
325 340 32
325 385 91
325 409 73
325 429 19
325 435 21
325 436 42
325 481 37
325 493 96
326 327 58
326 330 5
326 339 68
326 370 33
326 409 4
326 467 5
326 490 30
327 328 88
327 350 45
327 431 87
327 432 51
327 438 59
327 486 32
328 329 53
328 358 4
328 438 2
328 444 72
329 330 64
329 401 6
329 431 84
329 471 98
329 490 47
329 493 65
330 331 89
330 355 87
330 366 10
330 369 98
330 407 98
330 428 25
330 499 73
331 332 52
331 347 47
331 361 65
331 398 91
331 425 15
331 443 58
331 475 78
332 333 34
332 384 53
332 392 26
332 453 55
332 476 80
332 478 11
332 480 69
332 485 47
332 489 45
333 334 61
333 348 82
333 350 63
333 390 87
333 391 26
333 431 21
333 434 87
333 465 85
333 466 85
333 496 35
334 335 29
334 360 13
334 381 32
334 397 28
334 405 37
334 425 27
334 498 16
334 499 70
335 336 76
335 339 19
335 343 88
335 360 43
335 377 40
335 410 99
335 418 29
335 425 59
335 478 68
336 337 29
336 358 22
337 338 18
337 389 37
337 405 14
337 416 90
337 492 1
338 339 7
338 360 26
338 468 16
338 471 53
339 340 53
339 354 10
339 357 79
339 373 6
339 428 73
339 434 16
340 341 2
340 433 50
341 342 50
341 362 22
341 385 46
341 407 48
341 428 97
341 429 53
341 431 18
341 437 3
341 440 57
341 488 63
342 343 36
342 357 69
342 376 29
342 420 97
342 489 63
343 344 82
343 350 69
343 377 92
343 416 71
343 434 90
343 441 100
343 462 90
343 474 90
344 345 6
344 384 5
344 420 46
345 346 67
345 355 60
345 362 94
345 375 29
345 476 100
345 478 42
345 479 67
345 485 15
346 347 20
346 385 66
346 426 11
346 443 50
346 473 51
346 480 58
347 348 88
347 362 74
347 368 48
347 374 10
347 412 24
347 481 67
347 496 66
347 498 21
347 499 62
348 349 36
348 361 67
348 458 80
348 484 1
349 350 6
349 357 14
349 370 73
349 389 69
349 395 92
349 402 89
349 414 30
349 416 23
349 495 45
350 351 96
350 364 91
350 407 63
350 421 82
350 490 82
350 492 64
350 494 54
351 352 59
351 360 4
351 411 37
351 417 42
351 420 21
351 468 20
351 484 76
351 486 67
352 353 5
352 363 97
352 372 60
352 433 16
352 459 41
352 488 59
353 354 32
353 407 6
353 453 88
354 355 54
354 364 19
354 404 39
354 464 34
354 467 74
354 482 99
355 356 85
355 372 46
355 388 23
355 408 70
355 442 3
356 357 48
356 362 35
356 389 70
357 358 16
357 365 58
357 380 65
357 397 70
357 412 8
357 417 69
357 426 10
358 359 65
358 361 16
358 395 82
358 399 39
358 472 25
358 482 78
359 360 57
359 432 90
360 361 84
360 362 78
360 443 86
360 455 18
360 461 70
360 463 66
360 474 7
360 486 81
360 499 29
361 362 15
361 377 47
361 387 11
361 402 9
361 415 88
361 427 70
361 452 43
362 363 42
362 365 49
362 370 62
362 437 63
362 441 53
363 364 42
363 372 22
363 390 75
363 404 33
363 432 47
363 445 62
363 478 23
364 365 3
364 381 82
364 400 47
364 409 12
364 427 19
364 437 70
364 457 31
364 460 73
365 366 31
365 375 5
365 428 35
366 367 7
366 376 61
366 384 34
366 407 84
366 448 70
366 477 14
367 368 39
367 399 81
367 410 87
368 369 69
368 426 92
368 431 59
368 464 78
369 370 8
369 377 52
369 380 44
369 413 75
369 451 17
369 453 72
369 459 12
369 462 87
369 477 55
370 371 28
370 373 4
370 404 10
370 480 60
370 493 51
371 372 43
371 408 64
371 415 84
371 431 1
371 432 4
371 446 5
371 491 68
372 373 75
372 409 5
372 420 14
372 452 42
372 457 29
372 458 96
372 492 89
373 374 93
373 394 35
373 435 98
373 450 53
373 460 10
373 462 77
373 465 95
373 475 44
374 375 33
374 411 63
374 431 41
374 434 6
374 439 43
374 451 97
374 460 64
374 472 59
374 485 49
375 376 31
375 391 10
375 474 75
376 377 4
376 386 96
376 389 70
376 420 37
376 429 62
377 378 97
377 382 1
377 417 75
378 379 9
378 383 21
378 447 94
379 380 59
379 422 34
379 440 55
379 447 23
379 450 98
379 477 41
379 488 97
380 381 20
380 438 59
380 445 36
381 382 52
381 412 59
381 465 94
381 496 85
382 383 2
382 395 65
382 397 47
382 403 60
382 465 18
382 466 73
382 472 54
382 492 79
383 384 51
383 385 77
383 410 65
384 385 42
384 410 20
384 417 35
384 423 7
384 460 1
384 467 69
384 479 65
384 483 58
385 386 66
385 453 94
385 455 85
385 467 32
385 497 64
386 387 56
386 390 85
386 404 44
386 459 11
386 461 64
386 467 11
386 470 20
387 388 60
387 435 64
387 437 96
387 448 13
387 460 4
387 474 19
387 497 78
388 389 35
388 416 91
388 449 30
388 464 86
388 465 80
388 480 66
389 390 85
389 484 88
390 391 70
390 399 5
390 416 15
390 432 62
390 444 42
391 392 45
391 406 92
391 434 83
391 450 92
391 459 80
392 393 54
392 405 69
392 477 61
392 481 92
392 487 93
393 394 75
394 395 33
394 417 76
394 465 27
394 495 50
395 396 32
395 400 76
395 401 18
396 397 53
396 436 7
396 438 22
396 459 96
396 490 61
397 398 12
397 455 10
397 474 76
397 478 68
398 399 95
398 411 80
398 414 81
398 466 53
398 478 99
398 493 97
399 400 82
399 435 18
399 459 28
400 401 4
400 434 60
400 453 30
400 460 19
400 495 95
401 402 24
401 425 45
401 449 21
401 495 81
402 403 38
402 412 47
402 448 48
402 489 71
403 404 8
403 439 93
403 496 13
404 405 29
404 420 62
404 431 47
405 406 21
405 485 91
405 487 58
406 407 100
406 408 75
406 446 81
406 453 24
407 408 56
407 418 19
407 435 68
407 443 75
407 449 98
407 491 49
407 495 61
408 409 9
408 432 43
409 410 62
409 436 45
409 476 60
409 486 98
409 488 23
409 498 53
410 411 18
410 449 25
411 412 47
411 440 55
412 413 39
412 418 5
412 429 26
412 437 57
413 414 57
413 443 7
413 449 20
413 478 58
413 488 4
414 415 42
414 421 1
414 486 60
414 490 54
415 416 24
415 422 96
416 417 26
416 454 31
416 457 77
416 458 38
416 486 66
417 418 95
417 424 37
417 429 10
417 439 81
417 444 18
417 466 93
417 486 78
418 419 73
418 443 35
418 461 10
418 485 41
418 487 84
418 491 67
419 420 90
419 444 41
419 445 27
419 458 68
419 466 49
419 480 60
419 487 72
420 421 6
420 430 65
420 444 90
420 451 57
420 486 54
420 490 37
421 422 39
421 441 61
421 447 65
421 468 74
421 478 90
422 423 42
422 439 7
423 424 12
423 468 59
423 482 47
424 425 24
424 463 9
424 486 51
424 494 38
425 426 88
425 475 44
425 493 96
426 427 96
426 464 77
426 478 63
426 479 92
427 428 31
428 429 2
428 440 90
428 441 71
428 444 24
428 448 96
429 430 64
429 449 84
429 474 50
430 431 64
430 455 66
430 483 32
431 432 8
431 450 91
431 455 49
431 457 60
432 433 54
432 466 100
432 473 7
432 489 52
433 434 27
433 458 71
433 461 18
433 478 41
434 435 18
434 485 87
435 436 3
435 446 47
435 487 35
435 496 58
436 437 32
436 440 16
436 471 69
436 479 51
437 438 55
437 444 84
437 448 78
438 439 68
438 443 80
439 440 48
439 449 71
440 441 1
440 452 56
441 442 97
441 471 44
442 443 38
442 464 23
442 468 5
443 444 57
443 457 67
443 486 16
444 445 32
444 447 94
445 446 93
445 465 62
445 487 73
446 447 99
446 473 87
446 481 61
447 448 23
447 466 52
447 467 14
448 449 91
448 475 27
448 484 39
449 450 4
450 451 3
450 491 15
451 452 74
451 457 62
451 473 82
452 453 30
452 483 21
452 485 83
453 454 18
453 455 37
453 456 40
454 455 96
454 470 52
455 456 46
455 475 100
455 499 44
456 457 26
456 471 49
456 494 39
457 458 35
457 463 68
457 468 81
458 459 20
459 460 67
459 475 50
459 489 13
459 497 47
460 461 42
460 473 25
460 477 50
460 497 42
461 462 45
461 476 80
462 463 83
462 482 44
462 494 1
463 464 89
464 465 46
464 466 75
465 466 77
466 467 4
466 483 67
467 468 90
467 491 28
468 469 41
468 475 74
468 489 29
469 470 3
469 471 73
469 483 38
470 471 36
470 483 42
471 472 77
471 489 55
471 492 32
472 473 55
472 477 75
472 494 20
473 474 67
473 480 83
473 498 21
474 475 89
474 487 23
475 476 85
476 477 42
477 478 83
478 479 49
479 480 91
479 488 79
479 491 13
480 481 86
480 496 86
481 482 54
482 483 1
483 484 16
484 485 13
485 486 44
485 494 56
486 487 71
486 496 5
487 488 83
488 489 87
489 490 74
489 493 40
490 491 94
491 492 19
492 493 57
493 494 6
494 495 36
495 496 33
496 497 64
497 498 20
498 499 39
499 500 30
