200 786 67 1255
3 4 12 15 17 19 31 35 39 41 42 43 44 47 48 49 50 51 55 58 59 61 64 65 68 69 72 75 80 81 82 85 97 98 104 106 108 112 114 119 121 123 124 128 129 131 133 135 137 141 144 145 146 148 151 152 156 158 166 168 172 180 183 191 193 199 200 
1 2 47
1 43 43
1 55 4
1 58 88
1 200 21
2 3 48
2 12 26
2 32 13
2 60 16
2 69 95
2 111 57
2 146 42
2 192 38
3 4 63
3 75 43
3 78 34
3 126 64
4 5 44
4 59 89
4 70 8
4 98 47
4 119 49
4 139 29
5 6 76
5 35 32
5 67 13
5 75 14
5 89 98
5 105 42
5 142 38
5 187 71
6 7 74
6 12 86
6 74 94
6 79 58
6 123 34
6 148 48
6 152 12
7 8 74
7 78 11
7 81 90
7 89 5
7 119 54
7 143 51
8 9 47
8 16 56
8 42 98
8 61 13
8 76 85
8 80 12
8 84 47
8 96 99
9 10 42
9 21 15
9 31 74
9 49 28
9 71 67
9 89 39
9 113 99
9 138 73
9 173 62
9 180 53
10 11 91
10 85 19
11 12 52
11 56 100
11 65 47
11 104 14
11 108 72
11 124 98
11 133 20
11 179 39
12 13 74
12 27 65
12 54 21
12 102 7
12 119 28
12 125 12
12 133 57
12 193 91
12 197 91
13 14 94
13 58 74
13 61 39
13 85 24
13 104 2
13 117 21
13 125 73
14 15 38
14 22 6
14 30 69
14 61 18
14 73 7
14 103 84
14 105 24
14 131 5
14 179 90
14 193 39
15 16 78
15 35 99
15 39 21
15 45 36
15 91 55
15 92 66
15 136 28
15 143 15
15 156 39
15 178 47
15 180 36
16 17 14
16 106 27
16 108 39
16 154 51
17 18 6
17 112 62
17 114 17
17 179 25
18 19 99
18 78 83
18 118 98
18 135 46
18 162 46
18 191 71
18 192 59
19 20 47
19 77 21
19 84 28
19 158 37
19 161 71
19 168 94
19 181 84
20 21 1
20 31 76
20 33 67
20 48 19
20 59 30
20 109 47
20 151 2
21 22 69
21 67 19
21 77 94
21 110 88
21 118 35
21 198 94
22 23 78
22 94 65
22 122 65
23 24 43
23 66 47
23 78 60
23 83 1
23 100 54
24 25 35
24 37 72
24 38 33
24 60 72
24 71 2
24 76 80
24 96 36
25 26 51
25 60 78
25 179 15
26 27 69
26 37 22
26 62 68
26 155 85
26 191 16
27 28 47
27 31 30
27 48 83
27 55 21
27 63 75
27 103 54
27 120 41
27 121 9
27 134 57
27 196 46
28 29 4
28 40 78
28 64 86
28 89 33
28 118 23
28 127 16
28 141 66
28 175 23
29 30 43
29 45 15
29 71 88
29 81 71
29 119 96
29 141 7
30 31 32
30 83 13
30 129 2
30 149 88
31 32 55
31 44 89
31 105 64
31 149 55
32 33 47
32 57 98
32 59 3
32 94 65
32 112 51
33 34 91
33 59 97
33 128 87
33 158 22
34 35 1
34 37 90
34 56 77
34 92 11
34 132 56
35 36 14
35 45 84
35 60 96
35 65 94
35 108 14
36 37 54
36 56 80
36 93 39
36 164 89
37 38 54
37 43 60
37 46 28
37 60 55
37 72 100
37 90 41
37 112 6
38 39 9
38 76 30
38 80 24
38 84 88
38 103 18
38 157 2
38 163 58
39 40 1
39 89 99
39 92 60
39 94 83
39 103 2
39 106 100
39 132 11
39 133 42
39 166 32
40 41 31
40 83 4
40 104 74
40 163 64
40 164 95
40 173 10
40 184 22
40 193 95
41 42 68
41 46 14
41 58 100
41 149 15
41 177 6
41 193 33
42 43 77
42 47 34
42 157 88
43 44 75
43 84 96
43 141 67
43 145 81
44 45 30
44 86 52
44 122 8
44 154 35
45 46 43
45 58 8
45 98 80
45 119 7
45 139 75
45 197 12
46 47 51
46 48 70
46 80 54
47 48 26
47 77 4
47 83 48
47 111 22
47 177 86
47 178 1
48 49 80
48 76 8
48 80 26
48 158 62
48 188 33
49 50 42
49 77 57
49 92 23
49 99 89
49 109 49
49 110 11
49 142 32
49 192 75
50 51 95
50 138 11
51 52 8
51 91 35
51 108 47
51 175 8
52 53 22
52 92 56
52 103 90
52 156 73
52 188 73
53 54 77
53 76 47
53 95 77
53 117 92
53 153 85
53 155 54
53 162 46
53 173 12
53 194 8
54 55 36
54 117 53
54 151 18
54 179 94
54 180 22
55 56 26
55 89 4
55 127 82
55 153 2
55 170 15
55 172 62
55 181 29
55 193 78
56 57 50
56 62 62
56 76 41
56 79 79
56 104 4
56 114 78
56 118 28
56 138 20
56 159 99
57 58 6
57 151 18
57 197 58
58 59 57
58 88 11
58 94 2
58 101 95
58 150 4
58 169 1
58 174 34
58 180 55
58 197 54
59 60 3
59 62 21
59 70 20
59 83 41
59 85 14
59 140 19
59 142 95
60 61 59
60 128 50
60 187 80
61 62 56
61 66 4
61 97 77
61 119 63
61 120 24
61 152 61
61 197 83
62 63 55
62 102 21
62 140 56
62 153 38
62 186 90
62 196 56
63 64 13
63 98 30
63 113 93
63 126 41
64 65 93
64 105 12
64 108 85
64 160 78
64 167 35
65 66 59
65 93 9
65 148 72
65 166 69
65 182 62
66 67 73
66 72 64
66 80 15
66 101 56
66 131 45
66 176 58
67 68 85
67 120 29
67 187 43
68 69 61
68 165 88
68 195 42
69 70 79
69 104 26
69 111 39
69 116 56
69 142 67
69 146 100
69 165 70
69 173 78
70 71 86
70 118 83
70 121 13
70 171 90
71 72 18
71 92 42
71 119 70
71 191 12
72 73 23
72 100 82
72 124 51
72 149 43
72 154 55
72 160 49
72 167 62
72 174 6
72 190 93
73 74 49
74 75 7
74 76 68
74 158 76
74 198 13
75 76 64
75 92 91
75 99 14
75 143 58
75 194 8
76 77 38
76 90 86
76 181 28
77 78 70
77 87 83
77 117 97
77 130 95
77 133 87
77 158 24
77 173 56
78 79 66
78 88 89
78 149 40
78 162 64
78 179 4
79 80 16
79 130 54
80 81 37
80 109 3
80 179 3
81 82 32
81 144 86
81 176 100
82 83 61
82 84 3
82 113 24
82 168 62
82 185 53
82 190 52
83 84 12
83 100 66
83 102 3
83 164 49
84 85 12
84 95 17
84 136 60
84 139 15
84 160 87
85 86 4
85 95 96
85 122 18
85 149 93
85 181 53
86 87 49
86 181 64
86 189 91
87 88 61
87 131 2
87 167 98
87 172 85
87 190 6
88 89 53
88 91 72
88 158 41
89 90 40
89 118 38
89 150 100
90 91 17
90 114 61
90 165 89
91 92 89
91 153 4
92 93 16
92 98 90
92 133 98
92 151 2
92 155 20
92 161 11
92 171 85
92 178 81
92 182 99
93 94 86
94 95 85
94 151 15
94 195 34
95 96 5
95 109 3
95 117 62
95 131 39
95 156 83
95 173 8
96 97 46
96 101 21
96 129 92
97 98 89
97 134 30
97 151 28
98 99 95
98 117 65
98 133 100
98 169 76
98 196 2
99 100 40
99 147 34
100 101 46
100 129 16
101 102 84
101 121 85
101 129 21
101 155 64
101 195 55
102 103 92
103 104 80
103 112 9
103 190 58
104 105 99
104 130 37
104 142 60
104 195 20
105 106 50
105 127 17
105 144 73
105 151 41
105 161 32
105 163 71
105 165 83
105 173 79
106 107 97
106 147 85
106 176 13
106 195 40
106 198 30
107 108 8
107 118 74
107 148 42
107 190 38
108 109 33
108 190 5
108 199 78
109 110 19
109 134 48
109 163 10
109 164 24
110 111 27
110 173 99
111 112 3
111 119 35
112 113 91
112 124 69
112 167 15
112 181 32
112 195 8
113 114 24
113 122 73
113 147 61
113 169 7
113 195 6
114 115 9
114 122 27
114 132 46
114 139 13
114 182 82
114 194 9
115 116 62
115 124 59
116 117 60
116 130 94
116 132 41
116 150 24
116 175 6
117 118 100
117 158 15
117 185 83
118 119 65
118 137 76
118 191 5
119 120 2
119 126 87
119 129 56
119 164 6
120 121 22
120 148 53
120 175 89
121 122 56
121 134 99
121 187 6
121 191 55
122 123 36
122 151 47
123 124 51
124 125 24
124 154 83
124 175 26
124 197 54
125 126 86
125 164 93
125 193 70
126 127 62
126 131 8
126 140 1
126 161 61
127 128 98
127 134 92
127 150 7
127 153 26
127 177 52
128 129 81
128 153 25
129 130 77
129 144 68
129 173 14
129 184 17
130 131 4
130 174 20
130 188 78
131 132 18
132 133 92
132 177 58
132 193 99
133 134 31
133 176 76
134 135 99
134 136 19
134 137 2
134 163 98
135 136 34
136 137 8
136 143 79
136 167 86
136 169 50
136 191 82
137 138 52
137 158 72
138 139 40
138 142 38
138 147 93
138 169 45
138 186 84
139 140 87
139 143 18
139 169 33
139 173 11
139 188 52
139 194 67
140 141 43
140 159 37
140 175 59
141 142 7
141 173 40
141 194 6
142 143 46
142 155 48
142 181 92
143 144 62
143 153 37
143 154 95
144 145 72
144 159 31
144 160 100
144 162 95
144 175 89
144 196 66
145 146 53
146 147 6
146 173 15
146 187 93
147 148 51
148 149 89
148 163 82
149 150 74
149 162 43
149 165 74
150 151 41
150 191 93
151 152 42
151 160 2
152 153 32
152 155 17
152 182 32
153 154 12
153 182 98
154 155 75
155 156 37
155 158 95
156 157 25
157 158 70
158 159 22
158 192 23
159 160 27
160 161 78
160 180 41
160 187 35
161 162 44
162 163 97
162 168 23
162 172 9
162 188 4
163 164 92
163 194 33
164 165 5
164 190 22
164 194 9
164 197 66
165 166 41
165 194 60
166 167 21
166 183 77
167 168 92
167 172 10
167 196 27
168 169 44
169 170 37
169 177 5
169 185 9
170 171 87
171 172 2
171 181 54
171 191 8
172 173 78
172 174 92
172 178 13
172 182 49
172 188 19
172 189 7
173 174 12
173 192 64
174 175 57
174 184 50
174 190 31
175 176 90
176 177 52
177 178 21
178 179 15
178 181 81
179 180 56
179 182 14
180 181 62
180 182 62
181 182 30
181 191 2
182 183 70
183 184 74
184 185 58
185 186 95
186 187 8
187 188 30
187 198 78
188 189 8
189 190 54
190 191 83
191 192 91
192 193 33
193 194 89
194 195 15
195 196 44
196 197 50
196 198 70
197 198 71
198 199 25
199 200 35
