400 3134 40 4809
3 26 27 33 35 42 50 52 58 63 68 72 86 94 104 114 119 125 138 141 165 168 183 191 203 204 210 215 228 231 262 267 269 276 298 321 325 357 359 396 
1 2 66
1 21 68
1 55 18
1 116 65
1 145 83
1 204 74
1 233 53
1 239 63
1 251 32
1 308 50
1 331 32
1 360 22
1 372 51
1 400 72
2 3 64
2 45 79
2 66 77
2 90 90
2 94 76
2 110 51
2 113 35
2 120 9
2 127 52
2 149 71
2 151 6
2 160 34
2 170 75
2 200 67
2 212 9
2 216 49
2 234 8
2 258 25
2 342 44
2 349 51
2 358 18
2 379 36
2 388 78
2 397 98
3 4 1
3 50 40
3 66 81
3 97 23
3 152 39
3 183 65
3 220 49
3 256 72
3 283 44
3 305 44
3 321 33
3 362 75
3 388 17
4 5 28
4 23 86
4 59 82
4 111 91
4 121 32
4 130 77
4 143 8
4 158 54
4 160 62
4 176 86
4 178 16
4 213 26
4 227 83
4 228 14
4 247 92
4 253 51
4 268 2
4 269 28
4 335 46
5 6 32
5 47 79
5 70 46
5 85 37
5 178 73
5 182 74
5 277 30
5 285 40
5 307 73
5 364 80
5 383 90
5 392 87
6 7 5
6 33 6
6 44 86
6 46 49
6 72 45
6 92 47
6 96 9
6 139 15
6 155 98
6 166 79
6 168 22
6 173 85
6 245 63
6 275 15
6 295 91
6 398 61
7 8 92
7 15 46
7 47 61
7 67 20
7 87 8
7 90 52
7 103 27
7 168 46
7 217 90
7 236 97
7 283 80
7 284 36
7 292 86
7 295 68
7 310 90
7 339 1
7 387 67
8 9 7
8 30 26
8 33 19
8 38 94
8 65 96
8 75 45
8 76 9
8 167 37
8 172 53
8 186 2
8 231 3
8 268 67
8 331 48
8 349 28
9 10 82
9 24 19
9 58 81
9 121 14
9 246 42
9 317 88
9 344 15
9 349 39
9 352 84
9 354 94
9 381 76
9 384 83
10 11 60
10 66 22
10 166 71
10 183 38
10 214 96
10 287 74
10 306 90
10 376 84
11 12 44
11 28 32
11 124 3
11 141 73
11 147 52
11 221 27
11 250 7
11 298 23
11 342 58
12 13 23
12 35 29
12 41 67
12 49 78
12 104 42
12 152 64
12 153 29
12 285 21
12 288 63
12 301 14
12 386 28
13 14 50
13 17 39
13 42 3
13 52 77
13 54 22
13 65 11
13 104 31
13 110 53
13 129 72
13 172 69
13 185 63
13 248 70
13 252 94
13 275 96
13 282 8
13 283 18
13 317 98
13 323 54
13 324 12
14 15 90
14 48 46
14 86 35
14 133 86
14 159 4
14 201 22
14 295 14
14 305 44
14 324 15
14 342 43
14 350 39
14 363 88
14 382 38
15 16 51
15 35 5
15 96 70
15 101 16
15 152 81
15 167 9
15 182 31
15 199 17
15 217 79
15 298 59
15 317 40
15 330 28
15 354 88
15 382 37
16 17 32
16 23 28
16 29 54
16 46 13
16 59 78
16 60 8
16 68 21
16 71 41
16 73 38
16 110 58
16 113 42
16 147 65
16 155 78
16 161 14
16 197 47
16 210 63
16 215 1
16 238 63
16 370 80
16 379 69
17 18 85
17 66 42
17 67 44
17 71 50
17 102 5
17 124 65
17 149 76
17 165 7
17 182 60
17 206 41
17 214 82
17 240 96
17 259 7
17 315 2
17 340 88
17 346 54
17 364 80
17 373 60
17 397 71
18 19 98
18 29 76
18 42 96
18 45 97
18 51 67
18 110 90
18 142 17
18 157 19
18 217 32
18 261 28
18 263 60
18 270 61
18 299 64
18 369 27
18 371 47
18 385 38
18 386 9
18 397 70
19 20 48
19 24 18
19 37 90
19 50 89
19 51 32
19 63 7
19 78 68
19 160 44
19 174 56
19 178 20
19 182 63
19 186 18
19 232 6
19 292 14
19 315 43
19 319 26
19 330 45
19 339 63
20 21 50
20 33 19
20 54 94
20 77 50
20 82 78
20 90 28
20 91 88
20 214 97
20 226 84
20 319 45
20 342 5
20 361 64
20 380 35
21 22 48
21 32 30
21 55 65
21 58 27
21 82 47
21 87 8
21 104 74
21 118 24
21 132 22
21 192 9
21 213 61
21 220 95
21 262 24
21 317 96
21 330 81
21 396 87
22 23 45
22 31 6
22 47 24
22 83 39
22 111 54
22 221 76
22 275 7
22 307 94
22 394 75
23 24 89
23 29 32
23 57 24
23 70 93
23 87 51
23 122 23
23 129 93
23 152 77
23 190 36
23 254 13
23 349 65
23 378 4
24 25 92
24 32 24
24 63 43
24 64 48
24 87 4
24 123 58
24 131 39
24 171 44
24 186 32
24 187 42
24 194 8
24 231 5
24 312 70
24 343 21
24 351 31
24 394 38
25 26 5
25 31 2
25 51 98
25 67 36
25 89 85
25 112 16
25 123 24
25 145 52
25 184 74
25 191 13
25 232 68
25 240 67
25 243 94
25 263 4
25 267 28
25 273 84
25 295 24
25 325 47
25 334 19
25 355 62
26 27 70
26 43 38
26 48 14
26 49 37
26 65 47
26 128 64
26 132 37
26 152 72
26 176 65
26 225 5
26 238 32
26 242 79
26 285 90
26 312 10
26 316 63
26 354 68
26 378 14
26 399 33
27 28 4
27 108 28
27 126 1
27 144 9
27 145 54
27 165 58
27 222 65
27 264 64
27 302 44
27 316 41
27 321 12
27 357 98
28 29 70
28 32 94
28 127 26
28 131 17
28 141 96
28 142 70
28 184 38
28 203 91
28 254 71
28 261 71
28 273 25
28 279 18
28 285 72
28 330 45
28 369 87
28 373 73
29 30 63
29 35 72
29 36 58
29 42 61
29 43 92
29 44 77
29 72 81
29 83 9
29 108 57
29 191 68
29 264 66
29 265 21
29 284 44
29 309 19
30 31 71
30 108 48
30 128 67
30 233 10
30 278 67
30 281 88
30 301 20
30 319 26
30 329 21
30 331 46
30 333 58
30 359 67
31 32 59
31 86 98
31 196 9
31 215 80
31 244 6
31 314 78
31 343 77
31 395 20
32 33 32
32 39 99
32 61 65
32 63 20
32 124 97
32 156 71
32 201 26
32 249 16
32 301 36
32 386 42
32 394 98
33 34 52
33 77 38
33 89 13
33 133 14
33 160 47
33 212 5
33 220 83
33 266 26
33 309 81
33 317 6
33 397 97
34 35 41
34 104 78
34 106 47
34 107 14
34 165 22
34 202 13
34 327 20
35 36 55
35 48 30
35 132 43
35 136 47
35 170 7
35 215 52
35 235 98
35 242 85
35 259 13
35 261 32
35 276 48
35 314 41
35 340 20
35 342 48
35 347 30
35 364 57
35 368 63
35 385 58
36 37 98
36 39 89
36 40 3
36 50 3
36 109 7
36 183 39
36 291 88
36 344 77
36 350 43
36 366 13
36 379 83
37 38 14
37 49 63
37 68 46
37 105 15
37 114 18
37 181 23
37 286 17
37 308 33
37 317 21
37 327 50
37 334 77
37 352 25
38 39 56
38 72 95
38 168 25
38 184 96
38 236 53
38 240 74
38 350 5
38 393 60
39 40 75
39 65 3
39 69 76
39 163 87
39 202 20
39 221 3
39 243 92
39 244 73
39 247 96
39 254 61
39 326 59
39 352 11
39 383 3
40 41 35
40 51 42
40 97 36
40 137 49
40 198 54
40 286 100
40 317 33
40 331 19
40 344 45
40 385 96
40 386 74
41 42 21
41 48 19
41 53 26
41 81 26
41 149 87
41 230 99
41 239 19
41 250 11
41 270 9
41 277 17
41 319 12
41 386 70
41 388 34
41 397 42
42 43 34
42 45 14
42 47 83
42 108 97
42 127 49
42 143 84
42 162 33
42 182 1
42 232 100
42 240 67
42 308 64
42 324 91
42 341 2
42 391 18
43 44 54
43 146 42
43 157 32
43 182 72
43 184 19
43 229 30
43 236 11
43 244 35
43 263 33
43 269 100
43 307 12
43 309 31
43 324 44
43 362 55
44 45 27
44 54 23
44 84 95
44 86 95
44 123 92
44 154 53
44 232 71
44 234 25
44 251 57
44 302 42
44 304 72
44 324 8
44 392 47
45 46 27
45 61 84
45 126 94
45 195 32
45 208 55
45 254 58
45 282 61
45 290 38
45 300 71
45 307 22
45 356 60
45 391 83
46 47 82
46 54 87
46 79 87
46 154 13
46 235 96
46 282 7
46 307 18
46 370 100
46 385 74
47 48 32
47 109 71
47 153 84
47 191 8
47 196 36
47 241 100
47 318 20
47 361 90
47 374 1
47 380 46
47 383 95
48 49 52
48 57 77
48 72 46
48 81 27
48 104 77
48 236 68
48 249 5
48 303 80
48 320 78
48 344 51
48 373 28
48 375 98
49 50 32
49 52 90
49 97 43
49 116 72
49 167 33
49 172 1
49 173 69
49 205 50
49 221 100
49 228 2
49 232 99
49 256 58
49 280 22
49 319 67
49 354 2
50 51 5
50 72 33
50 82 97
50 108 49
50 169 38
50 191 27
50 192 85
50 201 89
50 217 62
50 236 96
50 282 54
50 316 29
50 333 17
50 337 6
50 366 1
50 396 83
51 52 21
51 86 91
51 118 17
51 135 25
51 145 58
51 237 89
51 253 30
51 268 87
51 294 81
51 373 43
51 378 70
51 396 62
52 53 2
52 57 28
52 70 20
52 113 39
52 162 35
52 168 21
52 295 15
52 318 96
52 331 15
52 355 91
52 374 89
53 54 80
53 100 26
53 109 28
53 185 42
53 222 91
53 223 10
53 236 27
53 237 100
53 240 67
53 260 98
53 290 56
53 291 54
53 316 52
54 55 28
54 57 67
54 69 87
54 76 82
54 80 43
54 95 35
54 96 45
54 127 70
54 197 52
54 200 86
54 208 23
54 211 96
54 224 75
54 297 43
54 348 89
54 358 63
54 365 94
54 392 24
55 56 32
55 60 53
55 160 39
55 279 70
55 312 16
55 357 68
56 57 27
56 117 59
56 132 96
56 143 32
56 165 76
56 181 79
56 193 98
56 233 8
56 235 82
56 255 36
56 275 89
56 293 80
56 307 99
56 355 2
56 377 58
57 58 27
57 81 16
57 95 44
57 107 19
57 125 38
57 168 45
57 227 45
57 230 77
57 298 41
57 314 74
57 342 98
57 360 88
57 374 85
57 375 22
58 59 50
58 102 55
58 139 6
58 201 7
58 211 28
58 218 45
58 220 45
58 222 5
58 240 83
58 244 30
58 254 13
58 291 1
58 305 40
58 311 33
58 355 60
58 377 48
58 382 82
58 385 33
59 60 57
59 96 1
59 121 75
59 170 94
59 184 6
59 195 77
59 210 62
59 299 34
59 333 11
59 383 94
59 399 58
60 61 53
60 65 42
60 98 32
60 176 67
60 179 91
60 247 92
60 275 62
60 283 63
60 355 30
61 62 37
61 80 43
61 88 34
61 134 49
61 135 57
61 155 55
61 174 81
61 179 7
61 184 17
61 211 37
61 277 34
61 294 64
61 295 27
61 334 99
61 366 45
61 377 81
61 384 49
61 397 30
62 63 91
62 71 20
62 131 57
62 132 16
62 187 51
62 229 52
62 306 97
62 320 25
62 357 29
63 64 20
63 83 99
63 109 52
63 142 14
63 264 35
63 286 34
63 308 41
63 335 11
63 385 3
63 399 43
64 65 28
64 109 97
64 111 37
64 140 50
64 142 48
64 148 76
64 162 79
64 186 63
64 197 67
64 198 11
64 217 42
64 220 50
64 240 4
64 290 85
64 350 40
64 361 82
65 66 45
65 110 8
65 112 41
65 189 20
65 190 46
65 212 6
65 259 60
65 282 44
65 292 31
65 370 65
66 67 96
66 88 19
66 104 47
66 112 87
66 152 51
66 162 77
66 223 73
66 270 3
66 281 92
66 289 9
66 319 79
66 334 12
66 366 22
66 383 47
66 393 42
67 68 78
67 168 48
67 180 34
67 194 9
67 215 21
67 250 10
67 300 32
67 321 76
67 347 33
67 393 46
68 69 88
68 103 47
68 111 82
68 193 71
68 210 68
68 229 30
68 230 6
68 232 97
68 235 64
68 241 16
68 281 57
68 290 7
68 303 55
68 310 51
68 342 70
68 343 63
68 361 73
68 372 8
69 70 48
69 77 74
69 97 25
69 117 53
69 126 32
69 146 82
69 172 48
69 188 77
69 196 100
69 209 76
69 327 75
69 337 32
69 343 70
70 71 7
70 82 81
70 143 38
70 149 55
70 161 54
70 191 57
70 225 77
70 292 63
70 337 29
71 72 71
71 77 27
71 92 15
71 141 15
71 144 81
71 168 42
71 183 6
71 199 33
71 316 39
71 358 76
71 377 91
72 73 19
72 108 78
72 139 73
72 143 24
72 160 11
72 192 4
72 201 10
72 220 51
72 305 90
72 313 77
72 349 47
72 385 53
72 390 2
73 74 58
73 75 27
73 170 89
73 180 53
73 218 67
73 237 76
73 278 91
73 285 42
73 305 81
73 317 16
73 345 55
73 348 6
73 389 34
74 75 32
74 96 83
74 149 17
74 283 25
74 289 30
74 304 95
74 335 88
74 379 46
74 397 14
75 76 95
75 168 20
75 195 38
75 198 42
75 203 93
75 214 82
75 226 56
75 238 64
75 261 46
75 280 69
75 288 87
75 292 46
75 331 49
76 77 59
76 91 68
76 161 72
76 195 50
76 204 100
76 274 52
76 285 15
76 300 89
76 316 26
77 78 94
77 96 92
77 100 24
77 205 7
77 210 95
77 223 34
77 239 88
77 266 67
77 271 71
77 318 25
77 339 48
77 376 45
78 79 84
78 89 19
78 119 2
78 128 31
78 136 36
78 182 61
78 189 46
78 195 71
78 209 82
78 313 88
78 373 73
79 80 85
79 93 67
79 153 14
79 186 9
79 188 12
79 216 86
79 264 36
79 275 72
79 328 94
79 332 70
79 333 85
79 336 45
79 372 98
80 81 59
80 97 51
80 128 24
80 162 37
80 165 54
80 201 14
80 274 50
80 326 50
80 358 53
80 374 55
81 82 25
81 83 77
81 89 4
81 104 10
81 129 18
81 176 32
81 204 60
81 225 68
81 252 8
81 259 43
81 312 40
81 350 99
81 379 82
82 83 38
82 126 31
82 140 36
82 158 99
82 180 75
82 188 33
82 220 8
82 256 9
82 314 77
82 326 90
82 339 19
82 363 20
82 375 62
83 84 70
83 96 76
83 121 33
83 186 2
83 196 90
83 220 36
83 240 81
83 247 29
83 305 62
83 316 11
83 340 86
83 359 52
84 85 24
84 129 16
84 199 61
84 211 85
84 248 15
84 258 34
84 284 51
84 296 72
84 298 15
84 317 70
84 373 44
84 377 81
84 378 61
85 86 51
85 101 32
85 131 48
85 136 85
85 138 100
85 141 63
85 145 89
85 224 24
85 228 13
85 248 51
85 271 92
85 272 17
85 278 98
85 283 73
85 318 95
86 87 77
86 105 35
86 112 62
86 118 87
86 130 11
86 200 19
86 255 4
86 295 42
86 307 55
86 333 38
86 356 63
86 360 44
86 374 49
86 377 87
86 395 93
87 88 79
87 108 68
87 133 93
87 157 85
87 158 23
87 176 9
87 255 77
87 261 97
87 345 35
87 376 35
88 89 95
88 133 71
88 209 98
88 212 83
88 258 53
88 325 12
88 330 5
88 336 12
88 357 58
88 399 42
89 90 57
89 138 19
89 148 94
89 183 96
89 197 28
89 225 57
89 232 69
89 236 70
89 271 66
89 274 76
89 294 9
89 304 78
90 91 38
90 134 44
90 142 69
90 163 28
90 202 67
90 287 95
90 332 91
90 333 27
90 351 47
91 92 4
91 112 84
91 176 35
91 236 8
91 339 53
91 365 64
92 93 97
92 95 98
92 130 97
92 170 79
92 182 74
92 187 4
92 201 52
92 247 44
92 267 4
92 279 36
92 299 98
92 358 21
92 370 98
93 94 13
93 125 83
93 127 55
93 131 47
93 154 21
93 183 8
93 244 16
93 249 25
93 287 73
93 294 13
93 307 23
94 95 32
94 130 100
94 169 19
94 184 94
94 206 40
94 230 64
94 238 43
94 251 42
94 280 5
94 295 52
94 349 29
94 358 8
94 393 11
94 395 91
95 96 43
95 149 79
95 152 24
95 157 18
95 186 80
95 248 58
95 307 47
95 314 84
95 324 86
95 331 49
95 335 50
96 97 82
96 168 42
96 170 67
96 197 56
96 203 12
96 238 28
96 251 70
96 314 32
96 362 8
96 387 71
97 98 9
97 154 23
97 163 84
97 167 64
97 211 55
97 240 37
97 252 89
97 312 26
97 364 77
97 399 32
98 99 74
98 138 80
98 143 94
98 194 44
98 230 40
98 281 86
98 337 30
98 394 59
99 100 70
99 123 74
99 144 65
99 204 27
99 211 71
99 237 43
99 259 47
99 264 22
99 370 99
100 101 62
100 171 44
100 209 57
100 213 22
100 243 70
100 286 75
100 382 31
100 392 41
101 102 41
101 137 11
101 164 54
101 181 4
101 199 71
101 229 30
101 240 2
101 261 55
101 311 69
101 314 91
101 319 89
101 337 100
101 350 38
101 365 42
102 103 45
102 115 52
102 164 13
102 234 12
102 260 8
102 310 62
102 313 42
102 315 10
102 358 9
103 104 45
103 148 62
103 210 23
103 225 13
103 265 90
103 268 47
103 305 77
103 380 91
103 381 71
104 105 67
104 119 70
104 163 77
104 167 97
104 180 3
104 193 53
104 240 2
104 265 46
104 289 2
104 306 72
104 339 20
104 348 26
105 106 92
105 140 87
105 215 10
105 283 53
105 319 62
105 320 83
105 325 24
105 343 65
105 377 51
105 378 92
106 107 85
106 120 60
106 146 64
106 147 56
106 149 93
106 184 25
106 194 66
106 209 66
106 292 76
106 321 45
106 336 68
106 379 2
106 381 66
106 382 43
107 108 50
107 116 77
107 192 33
107 206 79
107 209 14
107 235 42
107 328 12
107 389 43
108 109 88
108 179 16
108 208 10
108 211 77
108 215 65
108 221 86
108 225 59
108 227 86
108 238 38
108 262 87
108 268 46
108 314 20
108 338 39
109 110 47
109 122 98
109 155 68
109 162 91
109 275 73
109 306 12
109 338 59
109 350 82
109 360 68
110 111 30
110 118 42
110 119 22
110 157 97
110 164 49
110 291 11
110 347 76
110 390 71
111 112 23
111 132 76
111 148 66
111 152 12
111 155 63
111 182 51
111 204 36
111 214 29
111 227 34
111 274 37
111 278 44
111 307 34
111 330 95
111 336 57
111 352 77
111 370 23
112 113 44
112 115 86
112 140 62
112 166 54
112 224 33
112 273 86
112 382 83
112 392 41
113 114 50
113 202 100
113 210 84
113 236 30
113 247 38
113 274 78
113 276 80
113 312 74
113 315 76
113 350 53
113 382 2
114 115 82
114 131 71
114 153 2
114 208 10
114 229 21
114 267 49
114 270 49
114 288 20
114 317 81
114 359 91
115 116 38
115 122 91
115 133 80
115 164 48
115 170 37
115 219 79
115 237 1
115 243 28
115 251 35
115 252 79
115 289 20
115 294 3
115 303 70
115 365 71
115 389 25
116 117 2
116 161 15
116 235 31
116 250 83
116 263 39
116 380 87
117 118 91
117 121 25
117 133 33
117 149 92
117 206 91
117 280 70
117 314 46
117 325 40
117 346 100
117 376 9
118 119 94
118 132 31
118 186 56
118 217 70
118 222 51
118 232 52
118 297 76
118 320 11
118 336 78
118 355 13
118 369 44
119 120 74
119 136 29
119 164 35
119 228 54
119 232 30
119 242 72
119 266 36
119 278 29
119 311 50
119 317 99
119 332 54
119 361 53
119 373 44
120 121 73
120 122 21
120 123 76
120 205 80
120 207 82
120 227 80
120 238 33
120 262 69
120 276 17
120 284 100
120 325 28
120 336 18
120 395 98
121 122 96
121 137 11
121 148 39
121 175 12
121 216 99
121 272 43
121 275 62
121 291 21
121 300 32
121 315 19
121 343 4
121 347 65
121 398 21
122 123 98
122 129 83
122 184 62
122 239 82
122 255 34
122 268 71
122 272 79
122 284 54
122 290 66
122 298 84
122 300 37
122 302 90
122 323 93
122 342 22
123 124 76
123 140 97
123 158 32
123 187 71
123 229 8
123 232 86
123 258 17
123 273 40
123 301 19
123 368 42
123 381 25
123 391 89
124 125 71
124 168 5
124 239 16
124 275 27
124 312 4
124 348 6
124 369 94
125 126 97
125 142 86
125 159 76
125 160 97
125 172 67
125 195 76
125 211 77
125 277 81
125 279 89
125 315 24
125 328 100
125 387 2
125 392 43
126 127 41
126 128 86
126 129 22
126 176 20
126 201 71
126 205 91
126 221 11
126 243 41
126 273 67
126 293 44
126 315 40
126 351 40
126 397 97
127 128 19
127 156 68
127 163 18
127 191 4
127 209 85
127 213 73
127 262 88
127 280 50
127 321 29
127 370 85
127 377 56
127 383 78
127 397 46
128 129 75
128 137 26
128 171 52
128 183 72
128 280 39
128 282 58
128 298 6
128 301 96
128 310 32
128 340 96
128 350 22
128 352 33
128 364 26
129 130 32
129 135 68
129 151 48
129 188 22
129 213 10
129 249 32
129 270 99
129 283 32
129 316 18
129 318 59
129 331 40
129 366 56
129 377 1
129 393 58
130 131 75
130 177 67
130 180 21
130 215 57
130 386 97
131 132 23
131 172 30
131 198 36
131 219 23
131 246 57
131 299 40
131 318 90
132 133 86
132 171 96
132 173 93
132 199 86
132 208 72
132 237 41
132 247 13
132 255 71
132 261 38
132 271 52
132 336 65
132 379 51
133 134 39
133 139 96
133 140 71
133 217 34
133 235 98
133 258 73
133 279 49
133 304 25
133 320 74
133 325 85
134 135 1
134 138 76
134 164 39
134 191 21
134 195 13
134 213 59
134 323 12
134 328 12
134 329 94
134 377 44
134 395 87
135 136 20
135 222 56
135 233 57
135 290 14
135 335 48
135 359 78
135 381 100
136 137 100
136 161 78
136 163 29
136 204 34
136 206 95
136 208 49
136 318 83
136 332 76
136 336 39
137 138 27
137 141 13
137 187 33
137 189 23
137 266 40
137 311 75
137 364 48
137 370 99
137 381 95
138 139 93
138 156 39
138 163 42
138 168 88
138 262 65
138 287 6
138 298 39
138 299 99
138 365 10
138 392 86
139 140 76
139 175 76
139 192 24
139 215 13
139 218 4
139 223 37
139 235 48
139 280 91
139 294 73
139 298 51
139 315 79
139 334 98
139 335 96
139 349 11
140 141 29
140 194 37
140 225 77
140 228 5
140 240 72
140 262 72
140 277 18
140 388 100
140 399 95
141 142 55
141 153 55
141 164 2
141 176 7
141 267 28
141 278 55
141 313 93
141 319 9
141 322 76
141 326 95
141 337 73
141 352 96
141 372 67
141 373 19
142 143 78
142 145 92
142 203 46
142 237 23
142 247 65
142 269 4
142 290 62
142 291 48
142 304 32
142 341 16
142 348 44
142 371 16
142 379 11
142 395 3
143 144 12
143 159 93
143 209 63
143 220 17
143 229 35
143 251 11
143 272 85
143 280 66
143 296 52
143 302 97
143 307 87
144 145 46
144 193 57
144 253 100
144 327 63
144 388 23
145 146 85
145 215 68
145 227 68
145 259 94
145 304 23
145 307 72
145 371 27
145 384 12
146 147 26
146 171 45
146 233 1
146 266 92
146 321 52
146 336 73
146 347 85
146 360 39
146 385 31
147 148 3
147 172 4
147 175 57
147 240 20
147 245 76
147 265 52
147 279 23
147 298 23
147 309 37
148 149 46
148 164 34
148 189 51
148 210 72
148 219 11
148 220 87
148 222 96
148 246 79
148 314 85
148 327 55
148 362 97
148 384 19
149 150 64
149 168 22
149 172 25
149 190 5
149 203 1
149 237 84
149 300 9
149 314 91
149 379 28
150 151 82
150 166 28
150 214 31
150 243 58
150 325 14
150 326 83
150 366 66
151 152 61
151 155 38
151 156 96
151 177 23
151 193 57
151 217 92
151 239 87
151 275 38
151 277 63
151 308 25
151 319 79
151 362 82
151 374 57
151 380 59
152 153 74
152 154 37
152 160 42
152 182 4
152 188 33
152 217 87
152 244 99
152 297 27
152 303 57
152 328 97
152 329 55
152 372 14
152 387 21
152 391 46
152 395 71
153 154 6
153 164 75
153 296 74
153 318 16
153 337 12
153 374 15
153 382 67
153 397 83
154 155 10
154 158 52
154 171 69
154 176 65
154 188 41
154 232 98
154 240 33
154 244 6
154 318 85
154 336 12
154 352 77
154 370 70
154 395 89
155 156 46
155 157 38
155 199 86
155 222 75
155 236 92
155 250 6
155 291 84
155 333 73
155 336 66
155 355 88
155 390 64
156 157 60
156 174 23
156 189 61
156 253 38
156 256 64
156 258 16
156 284 61
156 307 82
156 354 54
156 382 66
156 396 26
157 158 19
157 253 15
157 277 86
157 283 76
157 297 21
157 347 79
157 362 87
157 372 27
157 389 4
157 390 16
158 159 39
158 160 97
158 180 12
158 195 18
158 225 75
158 273 47
158 324 61
158 337 74
158 352 64
158 361 92
158 368 69
158 396 39
159 160 28
159 183 39
159 193 40
159 204 63
159 225 35
159 301 45
159 369 6
159 386 26
159 395 57
160 161 9
160 169 83
160 202 10
160 216 39
160 235 88
160 255 85
160 275 51
160 384 21
160 391 47
161 162 65
161 195 40
161 210 77
161 229 38
161 234 33
161 236 45
161 246 12
161 261 18
161 292 95
161 301 10
161 355 53
162 163 81
162 220 40
162 244 65
162 251 35
162 277 43
162 297 15
162 320 24
162 329 89
162 333 29
163 164 51
163 231 93
163 284 59
163 308 59
163 337 56
163 349 41
164 165 21
164 167 12
164 184 20
164 197 28
164 251 18
164 264 66
164 277 88
164 278 9
164 289 30
165 166 21
165 181 36
165 212 7
165 265 51
165 266 7
165 269 97
165 278 9
165 281 40
165 285 10
165 338 23
165 339 56
165 352 45
165 354 85
165 364 90
165 371 24
165 396 64
166 167 61
166 169 12
166 203 78
166 212 78
166 225 37
166 226 56
166 278 83
166 308 22
166 320 85
166 347 65
166 358 91
166 378 71
166 379 91
167 168 39
167 277 60
168 169 72
168 200 10
168 229 7
168 308 63
168 324 2
168 325 40
168 358 22
168 367 100
168 379 5
169 170 47
169 221 32
170 171 96
170 190 27
170 243 82
170 244 14
170 257 12
170 261 76
170 279 91
170 297 82
170 361 80
170 387 26
170 388 93
171 172 57
171 271 92
171 273 71
171 294 29
171 296 3
171 337 22
171 345 75
171 355 100
171 359 41
171 368 14
171 379 31
172 173 66
172 175 65
172 182 42
172 193 67
172 215 77
172 250 27
172 260 20
172 318 91
172 346 26
172 381 44
173 174 1
173 222 89
173 278 28
173 297 65
173 309 99
173 398 87
173 399 63
174 175 46
174 181 57
174 198 29
174 218 82
174 236 81
174 270 16
174 285 49
174 295 30
174 349 8
174 378 82
174 391 11
175 176 11
175 191 21
175 214 91
175 265 42
175 271 61
175 278 37
175 279 55
175 332 50
175 396 19
176 177 6
176 218 100
176 253 71
176 294 60
176 304 90
176 339 19
176 341 13
176 354 32
176 368 53
177 178 15
177 197 34
177 200 37
177 310 76
177 361 99
177 383 90
177 387 77
178 179 16
178 185 54
178 248 96
178 260 3
178 270 78
179 180 55
179 186 14
179 191 17
179 265 23
179 323 99
179 366 68
179 371 44
179 379 29
180 181 93
180 191 29
180 223 55
180 233 74
180 280 43
180 285 58
180 298 36
180 305 55
180 315 11
180 368 89
180 370 29
180 377 8
181 182 39
181 215 83
181 266 19
181 293 75
181 314 46
181 323 2
181 363 50
181 385 75
181 386 3
182 183 30
182 245 61
182 268 89
182 341 11
183 184 83
183 215 72
183 219 8
183 247 10
183 256 47
183 277 15
183 280 43
183 306 31
183 336 4
183 347 45
183 377 45
184 185 79
184 204 66
184 279 16
184 289 43
184 301 62
184 382 82
184 384 49
185 186 53
185 188 9
185 263 60
185 279 5
185 298 33
185 301 32
185 348 39
186 187 48
186 189 79
186 205 91
186 290 55
186 360 50
186 375 79
186 377 91
186 387 93
187 188 99
187 297 35
187 328 67
187 368 89
188 189 24
188 218 61
188 238 10
188 319 58
188 326 43
188 360 35
188 396 22
189 190 25
189 195 41
189 196 13
189 199 20
189 202 68
189 230 81
189 234 58
189 251 49
189 278 70
189 302 38
189 352 97
189 357 84
189 362 77
190 191 99
190 248 91
190 258 22
190 321 59
190 379 92
191 192 88
191 196 39
191 200 39
191 205 68
191 212 50
191 221 42
191 239 95
191 258 71
191 364 13
191 386 61
192 193 46
192 194 78
192 218 40
192 248 65
192 274 17
192 275 32
192 318 41
193 194 60
193 216 20
193 239 96
193 244 73
193 270 57
193 314 58
193 328 26
193 354 33
193 361 26
193 398 81
194 195 87
194 198 55
194 246 96
194 306 20
195 196 53
195 206 83
195 233 18
195 262 45
195 309 63
195 311 11
195 347 14
195 367 30
196 197 27
196 253 58
196 304 86
196 324 2
196 357 26
196 376 19
196 379 71
196 393 79
197 198 87
197 223 60
197 260 22
197 273 67
197 281 72
197 303 23
197 306 1
197 338 57
197 357 28
197 358 2
197 371 57
197 376 10
198 199 79
198 206 32
198 251 34
198 286 85
198 309 16
198 350 31
199 200 51
199 207 45
199 248 25
199 340 56
199 391 93
199 396 6
200 201 56
200 216 38
200 250 16
200 278 70
200 337 34
200 363 15
200 376 70
200 386 15
200 395 50
201 202 75
201 351 67
201 361 55
201 382 64
202 203 7
202 285 51
202 322 53
202 329 63
202 372 70
202 373 70
202 384 83
202 392 71
203 204 50
203 220 49
203 221 45
203 251 36
203 332 14
203 335 35
203 390 12
204 205 9
204 279 17
204 282 63
204 300 43
204 304 14
204 310 23
204 321 63
204 346 50
205 206 51
205 255 80
205 282 90
205 379 99
206 207 83
206 213 12
206 232 12
206 237 25
206 260 24
206 263 89
206 270 84
206 283 85
206 320 51
206 343 92
207 208 83
207 215 35
207 218 6
207 224 52
207 273 96
207 330 82
208 209 41
208 398 91
209 210 53
209 215 57
209 294 16
210 211 29
210 218 18
210 270 13
210 273 17
210 296 42
210 331 9
210 384 2
210 385 92
211 212 11
211 231 65
211 234 81
211 310 15
211 313 7
211 321 74
211 331 82
211 337 57
211 353 42
211 362 57
212 213 24
212 224 53
212 254 91
212 311 57
212 316 41
212 321 68
212 323 15
212 351 51
213 214 36
213 221 19
213 251 16
213 273 84
213 285 8
213 289 91
213 383 34
214 215 45
214 231 3
214 290 48
214 295 19
214 297 87
214 307 70
214 345 11
214 352 10
215 216 1
215 217 27
215 220 30
215 250 35
215 268 60
215 285 11
215 314 32
215 333 59
215 383 100
215 386 71
216 217 37
216 220 32
216 246 62
216 251 12
216 293 66
216 317 86
216 324 92
216 337 33
216 359 39
217 218 98
217 252 31
217 260 58
217 307 13
217 363 56
217 394 28
218 219 28
218 274 74
218 298 84
218 307 76
218 316 88
218 358 10
218 367 32
219 220 6
219 234 57
219 263 11
219 271 12
219 304 65
219 390 61
219 396 83
220 221 24
220 227 13
220 236 26
220 298 87
220 306 99
220 330 33
220 337 74
220 350 93
221 222 4
221 323 46
221 357 65
221 369 96
221 375 70
221 382 2
222 223 63
222 256 96
222 270 90
222 281 13
222 287 56
222 292 49
222 377 54
223 224 77
223 229 31
223 247 65
223 296 72
223 302 42
223 336 82
223 355 25
223 366 16
223 372 89
223 373 64
224 225 79
224 273 46
224 320 84
224 373 78
225 226 29
225 260 4
225 326 44
226 227 61
226 264 55
226 278 25
226 279 79
226 317 95
226 365 37
227 228 28
227 262 55
227 278 100
227 280 12
227 360 96
227 381 57
227 385 49
227 393 8
227 397 69
228 229 58
228 237 33
228 292 20
228 294 8
228 297 27
228 352 31
228 368 15
228 397 58
229 230 12
229 261 67
229 265 78
229 271 77
229 290 28
229 294 18
229 341 7
229 348 86
229 350 71
229 357 7
229 381 100
230 231 64
230 247 49
230 282 19
230 302 69
230 344 16
230 389 27
231 232 20
231 238 10
231 307 52
231 365 56
231 369 18
231 391 7
232 233 14
232 271 69
232 276 53
232 324 2
232 327 96
232 350 11
232 386 53
233 234 73
233 235 91
233 260 94
233 279 28
233 352 62
233 357 2
234 235 10
234 248 25
234 266 83
234 312 68
235 236 34
235 238 31
235 317 23
235 328 11
235 337 61
235 361 92
235 380 28
235 390 91
236 237 23
236 303 28
236 313 98
236 316 39
236 338 88
236 346 18
236 347 33
236 358 53
236 371 88
236 377 15
237 238 53
237 252 13
237 262 5
237 270 37
237 276 25
237 281 53
237 325 86
237 382 10
238 239 80
238 245 50
238 253 34
238 298 4
238 351 27
239 240 69
239 246 96
239 263 97
239 269 42
239 305 17
239 350 86
239 374 99
239 390 43
240 241 55
240 283 65
240 294 96
240 299 87
240 327 52
240 345 71
240 353 34
240 396 21
241 242 76
241 282 99
241 286 65
241 335 82
241 357 97
241 363 11
241 368 51
242 243 51
242 259 3
242 296 59
242 321 4
242 356 30
242 385 82
243 244 73
243 276 32
243 294 84
243 323 11
243 325 27
243 359 56
244 245 57
244 333 35
244 336 8
244 357 67
244 365 52
244 381 74
245 246 55
245 306 90
246 247 47
246 262 38
246 284 74
246 299 37
246 305 20
246 320 69
246 378 81
247 248 39
247 257 100
248 249 49
248 313 84
248 318 40
248 337 69
248 361 40
248 363 55
248 365 48
248 382 31
248 388 14
248 396 14
249 250 44
249 273 17
249 319 16
249 322 61
249 349 64
249 362 31
249 398 83
250 251 10
250 258 91
250 260 25
250 283 67
250 295 29
250 314 58
250 319 67
250 330 37
250 371 56
250 381 97
250 392 50
251 252 91
251 255 65
251 256 35
251 276 26
251 323 35
251 336 49
251 344 16
252 253 84
252 286 4
252 290 2
252 301 99
252 331 14
252 396 15
253 254 13
253 268 64
253 313 85
253 316 39
253 339 65
253 345 5
253 370 56
254 255 99
254 265 35
254 298 78
254 314 30
254 366 41
255 256 98
255 297 88
255 363 26
255 379 41
255 385 55
256 257 20
256 287 36
256 293 49
256 394 36
257 258 98
257 272 95
257 288 26
257 296 28
257 327 70
257 338 84
258 259 99
258 299 20
258 304 40
258 323 7
258 349 89
258 384 76
258 393 93
259 260 40
259 263 67
259 279 29
259 282 13
259 291 75
259 320 13
259 362 5
259 397 51
260 261 64
260 272 45
260 284 36
260 334 61
260 381 28
261 262 100
261 280 78
261 283 63
261 347 16
261 354 56
261 359 9
261 398 87
262 263 71
262 265 7
262 313 66
262 316 1
262 331 38
262 351 79
262 354 75
262 376 4
263 264 48
263 319 76
263 336 37
263 347 16
263 384 36
264 265 42
264 294 54
264 295 79
265 266 95
265 298 50
265 311 14
265 353 35
265 365 81
265 379 39
266 267 26
266 284 6
266 288 91
266 289 77
266 309 80
266 359 39
266 363 58
266 373 50
266 383 38
267 268 49
267 270 26
267 325 74
267 343 1
267 354 77
267 390 86
268 269 93
268 308 91
268 326 78
268 343 44
268 379 36
268 389 63
268 391 98
269 270 80
269 278 60
269 283 62
269 292 44
269 301 38
269 333 7
269 368 11
269 379 77
269 394 61
270 271 20
270 349 51
270 355 50
270 384 56
271 272 43
271 275 10
271 360 14
272 273 67
272 297 100
272 301 99
272 391 9
273 274 56
273 294 61
273 303 33
273 333 19
273 371 46
273 376 64
274 275 78
274 332 61
274 335 71
275 276 1
275 284 17
275 295 43
275 312 54
276 277 8
276 282 3
276 317 18
276 342 19
276 343 62
276 382 47
276 383 33
276 397 21
277 278 88
277 341 19
277 373 71
278 279 58
278 293 19
278 311 58
278 313 64
278 335 94
278 336 18
278 362 75
279 280 42
279 321 20
279 352 11
279 353 79
279 355 28
279 383 12
279 399 70
280 281 24
280 323 26
280 354 10
280 367 36
280 397 51
281 282 53
281 317 20
281 341 60
281 350 35
281 389 23
282 283 70
282 326 68
282 332 5
282 346 88
282 373 26
283 284 93
283 317 60
283 320 89
283 393 79
284 285 21
284 336 5
284 351 55
284 352 87
284 358 47
284 377 9
284 381 66
284 398 26
285 286 17
285 343 17
286 287 94
286 351 99
286 379 9
287 288 45
287 352 91
287 368 41
288 289 25
288 293 70
288 298 62
288 320 78
289 290 76
289 293 66
289 309 39
289 336 27
289 347 80
289 389 53
290 291 12
290 315 81
290 354 53
290 378 24
290 379 53
291 292 15
291 328 9
291 340 76
291 392 68
292 293 98
292 313 49
292 335 27
292 337 56
292 377 23
292 381 91
293 294 12
293 353 26
293 361 43
294 295 70
294 297 99
294 314 59
294 353 100
294 354 37
294 394 33
295 296 22
295 318 70
295 345 34
295 346 8
295 348 80
295 397 91
296 297 86
296 328 88
296 330 8
296 334 79
296 358 55
296 359 11
297 298 1
297 320 63
297 343 88
297 391 81
298 299 33
298 306 36
298 344 33
298 349 38
299 300 26
299 352 81
300 301 48
300 339 96
300 367 40
300 376 4
300 384 35
301 302 94
301 327 59
301 341 45
301 361 45
302 303 67
302 321 94
302 328 90
302 388 38
303 304 33
303 334 27
303 368 15
303 387 37
304 305 71
304 306 19
304 318 92
304 355 63
304 388 7
304 397 74
305 306 11
305 319 96
305 321 94
305 384 97
306 307 24
306 312 64
306 321 5
306 336 85
306 360 33
306 370 9
307 308 62
307 334 63
307 339 32
307 346 79
307 382 91
308 309 26
308 346 81
308 353 17
308 383 56
309 310 20
309 332 85
309 350 43
309 357 84
309 387 19
310 311 9
310 318 62
310 320 33
310 384 8
311 312 62
311 332 32
311 359 7
312 313 13
313 314 7
313 328 95
313 357 4
313 364 83
313 382 65
314 315 31
314 360 90
315 316 26
315 320 77
315 324 56
315 340 48
316 317 11
316 333 32
316 355 62
316 374 58
316 386 4
317 318 4
317 335 44
317 362 22
317 383 87
318 319 87
318 339 72
318 349 93
318 366 29
319 320 28
319 336 29
319 381 2
320 321 39
320 325 12
320 347 49
320 375 94
320 391 33
321 322 34
321 328 2
321 340 12
321 341 70
321 399 10
322 323 17
322 331 3
322 361 23
322 369 24
322 387 28
323 324 77
323 394 32
324 325 26
324 349 58
325 326 76
325 343 96
325 350 43
325 356 3
325 390 87
326 327 10
326 336 95
326 358 29
326 379 6
327 328 84
327 343 13
328 329 45
328 339 35
329 330 30
329 357 22
330 331 64
330 349 45
330 353 53
330 384 54
331 332 24
331 342 29
331 377 56
332 333 35
332 345 73
332 356 77
332 372 69
332 379 61
332 396 53
333 334 48
333 337 24
333 340 21
333 380 84
333 384 22
334 335 95
334 355 42
334 369 81
334 370 37
334 376 23
334 396 69
335 336 8
335 373 74
336 337 22
336 366 87
336 388 30
336 393 67
337 338 60
337 341 26
337 355 51
338 339 49
338 386 53
338 389 41
339 340 30
339 351 22
339 356 33
339 363 44
339 374 86
340 341 45
340 367 85
340 370 20
340 399 16
341 342 99
341 358 65
341 387 22
342 343 42
342 372 73
343 344 53
343 345 15
344 345 20
344 367 32
345 346 34
345 365 41
345 368 46
345 385 69
345 387 96
345 395 48
346 347 62
346 380 55
347 348 26
348 349 19
348 375 21
348 378 21
349 350 29
349 384 81
350 351 43
350 397 11
351 352 79
351 355 79
351 393 15
352 353 68
352 359 99
352 387 18
353 354 80
353 359 51
353 369 28
353 385 2
354 355 43
354 386 76
355 356 54
355 359 91
356 357 95
356 388 44
357 358 82
357 373 6
357 386 27
357 394 23
358 359 70
358 390 76
359 360 13
359 364 67
360 361 39
360 367 65
361 362 26
361 375 45
362 363 55
363 364 51
363 371 53
363 372 26
363 390 10
364 365 44
365 366 24
365 368 31
366 367 54
366 390 61
367 368 41
367 378 83
368 369 44
368 388 91
368 391 59
368 398 62
369 370 81
369 384 87
369 385 57
370 371 98
371 372 28
372 373 61
373 374 5
374 375 74
374 377 42
374 383 57
375 376 100
375 390 99
376 377 87
376 381 25
377 378 92
377 383 16
378 379 39
379 380 8
380 381 69
381 382 93
381 383 14
381 387 68
382 383 66
383 384 19
383 394 66
384 385 81
385 386 58
385 393 93
385 397 61
386 387 52
387 388 68
388 389 16
389 390 61
390 391 98
390 399 19
391 392 38
392 393 63
393 394 24
394 395 69
395 396 89
396 397 84
396 399 40
397 398 93
398 399 80
399 400 40
