200 779 10 5631
3 10 72 87 116 131 142 181 186 191 
1 2 86
1 13 56
1 33 81
1 45 11
1 114 62
1 190 60
1 200 78
2 3 74
2 51 72
2 76 47
2 82 61
2 98 96
2 100 54
2 154 39
3 4 16
3 67 46
3 94 35
3 106 15
3 133 82
3 158 87
3 161 33
3 196 76
4 5 57
4 20 49
4 25 52
4 41 87
4 97 50
4 116 99
4 121 58
4 141 17
4 144 50
4 187 92
5 6 94
5 33 96
5 87 89
5 101 16
5 109 37
5 120 49
5 128 72
5 138 1
5 167 33
6 7 43
6 45 44
6 83 93
6 92 61
6 102 76
6 131 22
6 144 15
6 145 52
7 8 93
7 23 24
7 33 53
7 68 26
7 71 9
7 115 87
7 121 16
7 124 16
7 152 97
7 186 28
8 9 25
8 31 34
8 118 55
8 173 41
9 10 13
9 75 5
9 93 54
9 122 69
10 11 11
10 12 9
10 65 80
10 103 95
10 142 39
10 179 21
10 197 84
11 12 40
11 29 81
11 30 34
11 68 85
11 86 62
11 187 25
12 13 10
12 30 54
12 37 49
12 52 46
12 81 10
12 102 9
12 130 84
13 14 5
13 26 42
13 45 64
13 46 21
13 57 53
13 152 76
13 171 96
13 195 22
14 15 6
14 24 83
14 68 9
14 75 52
14 101 90
14 155 19
14 168 94
15 16 78
15 29 85
15 42 39
15 92 100
15 113 73
16 17 92
16 49 73
16 96 17
16 109 83
16 129 75
17 18 49
17 26 18
17 40 4
17 51 53
17 187 62
18 19 92
18 34 99
18 46 16
18 106 30
18 108 75
18 173 18
18 191 6
19 20 72
19 31 67
19 106 20
19 148 34
19 170 65
19 192 19
20 21 85
20 61 17
20 157 76
20 185 52
20 195 11
21 22 70
21 29 90
21 42 65
21 65 78
21 76 50
21 115 72
21 186 16
21 195 78
22 23 3
22 33 100
22 39 19
22 57 98
22 138 13
23 24 36
23 33 7
23 41 84
23 77 22
23 111 95
23 138 67
23 162 100
24 25 98
24 74 97
24 97 36
24 175 66
24 189 5
25 26 77
25 51 74
25 71 45
25 82 13
25 191 80
26 27 11
26 36 31
26 83 91
26 162 62
26 170 26
26 199 56
27 28 56
27 108 7
27 123 76
28 29 18
28 92 25
28 103 64
28 118 71
28 125 86
28 136 5
28 137 15
29 30 89
29 41 87
29 98 98
30 31 92
30 47 5
30 50 79
30 66 52
30 109 2
30 133 47
30 167 15
31 32 91
31 84 61
31 122 25
31 165 83
31 174 91
32 33 5
32 61 50
32 115 98
32 133 37
32 148 40
32 154 37
32 158 47
32 180 9
32 191 64
33 34 69
33 37 42
33 38 27
33 126 50
33 129 44
33 145 17
33 193 50
34 35 23
34 48 92
34 87 31
34 91 84
34 122 78
34 128 91
34 137 17
34 170 51
34 179 94
35 36 71
35 51 87
35 87 25
35 98 65
35 168 77
35 176 75
36 37 74
36 81 85
36 86 24
36 87 46
36 88 5
36 98 92
36 165 63
37 38 48
37 41 16
37 57 85
37 67 61
37 72 62
37 91 70
37 140 50
37 142 12
37 151 76
37 157 47
37 180 95
38 39 72
38 132 89
38 171 7
39 40 64
39 52 70
39 56 91
39 67 76
39 83 23
39 104 28
39 110 71
39 116 55
39 187 57
40 41 16
40 147 73
40 156 33
40 157 98
40 180 1
40 189 21
41 42 73
41 63 33
41 92 40
41 136 80
41 191 11
42 43 100
42 58 87
42 112 92
42 125 11
42 149 90
42 172 34
42 186 55
43 44 71
43 83 14
43 113 9
43 154 54
43 189 84
44 45 2
44 131 21
45 46 18
45 63 38
45 90 74
45 138 39
45 142 14
45 148 52
46 47 15
46 72 91
46 77 1
46 86 84
46 149 4
46 160 57
47 48 22
47 61 7
47 185 89
48 49 50
48 122 86
48 148 91
49 50 43
49 55 31
49 78 15
50 51 94
50 62 58
50 77 70
50 92 83
50 123 4
50 192 33
51 52 64
51 66 23
51 86 88
51 100 84
51 109 87
51 127 38
51 130 94
51 140 35
51 151 51
51 181 62
51 184 57
52 53 68
52 127 78
52 128 93
52 195 60
53 54 47
53 77 45
53 90 35
53 143 17
54 55 68
54 86 11
54 173 56
54 180 80
54 186 32
55 56 15
56 57 31
56 135 79
56 186 26
57 58 90
57 88 55
57 91 9
57 183 79
57 186 100
58 59 33
58 61 95
58 104 78
58 140 9
58 149 83
58 152 30
58 182 43
59 60 45
59 95 12
59 126 77
59 143 37
59 196 51
60 61 12
60 173 74
61 62 45
61 160 7
61 185 23
62 63 67
62 88 29
62 89 49
62 101 47
63 64 78
63 100 100
63 102 93
63 110 69
63 142 15
64 65 59
64 117 66
64 184 39
65 66 27
65 93 42
65 107 24
65 144 9
65 180 39
66 67 92
66 110 87
66 115 46
66 155 17
66 156 65
66 158 60
66 186 68
67 68 92
67 150 47
67 185 49
67 187 19
68 69 14
68 112 23
68 132 81
68 150 3
68 191 17
69 70 85
69 87 42
69 138 5
69 174 21
69 181 3
70 71 63
70 89 74
70 147 59
70 160 1
70 190 86
70 194 35
70 198 19
71 72 10
71 74 94
71 82 14
71 98 74
71 107 86
71 180 65
72 73 60
72 84 51
72 136 93
72 169 4
72 188 27
72 193 29
73 74 38
73 80 90
73 93 61
73 105 56
73 126 92
73 184 97
74 75 11
74 115 88
74 121 13
74 136 95
74 149 46
74 160 59
75 76 1
75 165 94
76 77 88
76 154 46
76 184 46
76 188 54
77 78 40
77 80 97
77 151 50
77 172 63
78 79 67
78 86 90
79 80 21
79 109 39
79 134 97
79 154 16
80 81 19
80 114 95
80 136 8
80 146 80
80 158 96
81 82 34
82 83 61
82 134 52
82 140 33
83 84 85
83 146 37
83 156 59
83 159 76
83 177 3
84 85 96
84 99 43
84 101 11
84 122 25
84 149 57
84 192 67
84 194 71
85 86 95
85 87 36
85 101 49
85 114 82
85 131 93
85 136 41
85 156 28
85 184 77
86 87 45
86 95 54
86 100 38
86 120 9
86 133 54
86 170 78
86 174 86
86 193 67
87 88 10
87 133 82
87 143 16
87 158 48
88 89 17
88 124 37
88 166 10
88 168 48
88 170 56
88 193 79
89 90 30
89 132 83
89 158 82
90 91 4
90 114 76
90 131 29
90 133 51
91 92 25
91 133 49
91 170 8
91 192 47
91 194 43
92 93 58
92 120 98
92 198 74
93 94 13
93 100 79
93 123 66
94 95 55
94 129 46
94 140 32
94 146 80
94 154 89
95 96 40
95 131 6
95 137 97
95 138 64
95 146 91
95 152 77
95 163 77
96 97 75
96 120 88
96 153 63
96 166 87
97 98 53
97 183 73
98 99 88
98 100 96
98 143 4
98 153 24
98 183 98
99 100 81
99 104 11
99 113 40
99 191 31
100 101 71
100 104 39
100 159 66
101 102 44
101 111 20
101 132 42
101 168 27
102 103 48
102 124 15
102 132 86
103 104 25
103 134 85
103 191 81
104 105 32
104 158 57
105 106 52
105 177 84
106 107 37
106 168 42
106 173 47
106 180 59
107 108 89
107 110 100
107 135 90
108 109 23
108 165 53
108 176 88
108 186 63
109 110 77
109 114 74
109 132 5
110 111 66
110 124 54
110 130 20
111 112 64
111 121 19
111 123 27
111 142 2
111 185 82
112 113 49
113 114 34
113 137 44
113 147 88
113 162 91
113 192 59
113 198 11
114 115 62
114 156 22
114 175 5
114 198 62
115 116 4
115 118 38
115 151 19
116 117 2
116 132 32
116 140 11
116 196 43
116 198 95
116 199 1
117 118 31
117 133 7
117 148 40
117 158 7
117 181 59
118 119 87
118 147 35
118 153 46
118 164 31
118 195 81
119 120 95
119 163 59
119 191 16
120 121 55
120 155 88
120 169 16
120 177 39
121 122 88
121 169 55
122 123 10
122 138 65
122 168 13
122 181 81
123 124 97
124 125 43
124 155 94
124 169 5
124 178 77
125 126 44
125 179 11
125 182 54
126 127 55
126 149 73
126 154 18
127 128 17
127 149 99
128 129 3
128 140 41
128 180 89
129 130 63
130 131 32
130 182 21
131 132 56
131 141 90
132 133 36
132 155 31
132 192 40
132 199 19
133 134 15
133 144 68
133 154 33
133 161 94
133 167 35
134 135 16
134 169 90
135 136 76
135 150 72
136 137 88
136 184 95
136 199 5
137 138 10
138 139 85
138 189 35
139 140 57
139 174 14
139 199 3
140 141 56
140 181 3
141 142 73
141 143 38
141 165 92
141 189 20
142 143 52
142 144 18
142 151 71
142 153 26
142 165 82
142 177 99
142 194 29
143 144 52
143 146 93
143 176 58
144 145 96
144 150 28
144 188 15
145 146 71
145 186 23
146 147 47
146 177 41
147 148 66
147 178 68
147 185 59
147 190 3
148 149 56
148 192 69
149 150 35
149 162 89
149 177 84
150 151 53
150 158 91
151 152 66
152 153 32
152 193 91
153 154 93
153 176 22
154 155 13
154 187 68
154 192 4
155 156 68
155 165 59
155 170 21
155 175 93
155 191 10
156 157 26
156 162 40
157 158 22
157 172 58
157 185 64
158 159 33
158 188 54
159 160 85
159 174 51
160 161 80
160 181 8
160 183 90
161 162 17
162 163 3
162 192 95
163 164 43
164 165 24
164 177 66
165 166 91
166 167 91
166 185 38
166 199 13
167 168 46
168 169 41
168 183 17
169 170 62
170 171 50
170 187 90
171 172 36
172 173 60
172 189 98
173 174 38
173 177 28
174 175 82
174 176 72
175 176 49
176 177 74
177 178 62
177 186 11
177 193 40
178 179 91
178 181 23
178 193 30
179 180 94
180 181 3
180 199 58
181 182 38
182 183 29
182 195 31
183 184 19
183 194 22
183 195 83
184 185 41
185 186 45
186 187 7
186 191 51
187 188 97
188 189 94
189 190 13
190 191 24
191 192 95
192 193 52
193 194 98
193 199 88
194 195 36
194 197 21
195 196 41
196 197 43
197 198 54
198 199 51
199 200 38
